start,end,eventtype,operationtype,time,ref.size
"""C:\Program Files\Google\Chrome\Application\chrome.exe"" http://mail.trendset.com.ar.ci3.toservers.com/mua/181.143.31.2028037/sucursalpersonas.transaccionesbancolombia.com/mua/
PID:3916",C:\Users\jpdz\AppData\LocalLow\Microsoft\CryptnetUrlCache\Content\F59A01A8B782D93EA6991BC172CEFFB1,FileEvent,Write,2021-10-08 17:15:53.106,867
C:\Users\jpdz\AppData\Local\Google\Chrome\User Data\Default\History-journal,"""C:\Program Files\Google\Chrome\Application\chrome.exe"" http://mail.trendset.com.ar.ci3.toservers.com/mua/181.143.31.2028037/sucursalpersonas.transaccionesbancolombia.com/mua/
PID:3916",FileEvent,Read,2021-10-08 17:15:55.519,8
"""C:\Program Files\Google\Chrome\Application\chrome.exe"" http://mail.trendset.com.ar.ci3.toservers.com/mua/181.143.31.2028037/sucursalpersonas.transaccionesbancolombia.com/mua/
PID:3916",C:\Users\jpdz\AppData\Local\Google\Chrome\User Data\Default\History-journal,FileEvent,Write,2021-10-08 17:15:45.506,62048
C:\Users\jpdz\AppData\Local\Google\Chrome\User Data\CertificateRevocation\6921\manifest.json,"""C:\Program Files\Google\Chrome\Application\chrome.exe"" http://mail.trendset.com.ar.ci3.toservers.com/mua/181.143.31.2028037/sucursalpersonas.transaccionesbancolombia.com/mua/
PID:3916",FileEvent,Read,2021-10-08 17:15:44.388,8192
C:\Users\jpdz\AppData\Local\Google\Chrome\User Data\PKIMetadata\51\ct_config.pb,"""C:\Program Files\Google\Chrome\Application\chrome.exe"" http://mail.trendset.com.ar.ci3.toservers.com/mua/181.143.31.2028037/sucursalpersonas.transaccionesbancolombia.com/mua/
PID:3916",FileEvent,Read,2021-10-08 17:15:55.128,16384
C:\Users\jpdz\AppData\Local\Google\Chrome\User Data\Default\Shortcuts,"""C:\Program Files\Google\Chrome\Application\chrome.exe"" http://mail.trendset.com.ar.ci3.toservers.com/mua/181.143.31.2028037/sucursalpersonas.transaccionesbancolombia.com/mua/
PID:3916",FileEvent,Read,2021-10-08 17:15:54.9,12388
"""C:\Program Files\Google\Chrome\Application\chrome.exe"" http://mail.trendset.com.ar.ci3.toservers.com/mua/181.143.31.2028037/sucursalpersonas.transaccionesbancolombia.com/mua/
PID:3916",C:\Users\jpdz\AppData\Local\Google\Chrome\User Data\Default\Sessions\Tabs_13279344390642058,FileEvent,Write,2021-10-08 17:15:47.53,8452
C:\Users\jpdz\AppData\LocalLow\Microsoft\CryptnetUrlCache\MetaData\F0ACCF77CDCBFF39F6191887F6D2D357,"""C:\Program Files\Google\Chrome\Application\chrome.exe"" http://mail.trendset.com.ar.ci3.toservers.com/mua/181.143.31.2028037/sucursalpersonas.transaccionesbancolombia.com/mua/
PID:3916",FileEvent,Read,2021-10-08 17:15:51.566,2904
"""C:\Program Files\Google\Chrome\Application\chrome.exe"" http://mail.trendset.com.ar.ci3.toservers.com/mua/181.143.31.2028037/sucursalpersonas.transaccionesbancolombia.com/mua/
PID:3916","""C:\Program Files\Google\Chrome\Application\chrome.exe"" --type=crashpad-handler ""--user-data-dir=C:\Users\jpdz\AppData\Local\Google\Chrome\User Data"" /prefetch:7 --monitor-self-annotation=ptype=crashpad-handler ""--database=C:\Users\jpdz\AppData\Local\Google\Chrome\User Data\Crashpad"" --url=https://clients2.google.com/cr/report --annotation=channel= --annotation=plat=Win32 --annotation=prod=Chrome --annotation=ver=94.0.4606.81 --initial-client-data=0xa0,0xac,0xb0,0x74,0xb4,0x6eb33708,0x6eb33718,0x6eb33724
PID:1772",ProcessEvent,Create,2021-10-08 17:15:43.803,
"""C:\Program Files\Google\Chrome\Application\chrome.exe"" http://mail.trendset.com.ar.ci3.toservers.com/mua/181.143.31.2028037/sucursalpersonas.transaccionesbancolombia.com/mua/
PID:3916",C:\Users\jpdz\AppData\Local\Google\Chrome\User Data\Default\Sync Data\LevelDB\LOG.old~RF3176f6.TMP,FileEvent,Delete,2021-10-08 17:15:44.379,0
C:\Users\jpdz\AppData\LocalLow\Microsoft\CryptnetUrlCache\MetaData\24BD96D5497F70B3F510A6B53CD43F3E_3A89246FB90C5EE6620004F1AE0EB0EA,"""C:\Program Files\Google\Chrome\Application\chrome.exe"" http://mail.trendset.com.ar.ci3.toservers.com/mua/181.143.31.2028037/sucursalpersonas.transaccionesbancolombia.com/mua/
PID:3916",FileEvent,Read,2021-10-08 17:15:44.691,1640
C:\Users\jpdz\AppData\Local\Google\Chrome\User Data\Default\shared_proto_db\MANIFEST-000001,"""C:\Program Files\Google\Chrome\Application\chrome.exe"" http://mail.trendset.com.ar.ci3.toservers.com/mua/181.143.31.2028037/sucursalpersonas.transaccionesbancolombia.com/mua/
PID:3916",FileEvent,Read,2021-10-08 17:15:55.445,32768
C:\Users\jpdz\AppData\LocalLow\Microsoft\CryptnetUrlCache\MetaData\94308059B57B3142E455B38A6EB92015,"""C:\Program Files\Google\Chrome\Application\chrome.exe"" http://mail.trendset.com.ar.ci3.toservers.com/mua/181.143.31.2028037/sucursalpersonas.transaccionesbancolombia.com/mua/
PID:3916",FileEvent,Read,2021-10-08 17:15:51.558,8160
"""C:\Program Files\Google\Chrome\Application\chrome.exe"" http://mail.trendset.com.ar.ci3.toservers.com/mua/181.143.31.2028037/sucursalpersonas.transaccionesbancolombia.com/mua/
PID:3916",C:\Users\jpdz\AppData\LocalLow\Microsoft\CryptnetUrlCache\MetaData\94308059B57B3142E455B38A6EB92015,FileEvent,Write,2021-10-08 17:15:51.628,4080
"""C:\Program Files\Google\Chrome\Application\chrome.exe"" http://mail.trendset.com.ar.ci3.toservers.com/mua/181.143.31.2028037/sucursalpersonas.transaccionesbancolombia.com/mua/
PID:3916",C:\Users\jpdz\AppData\Local\Google\Chrome\User Data\Default\Code Cache\js\a04c9080d7792659_0,FileEvent,Write,2021-10-08 17:15:50.407,598
"""C:\Program Files\Google\Chrome\Application\chrome.exe"" http://mail.trendset.com.ar.ci3.toservers.com/mua/181.143.31.2028037/sucursalpersonas.transaccionesbancolombia.com/mua/
PID:3916",C:\Users\jpdz\AppData\Local\Google\Chrome\User Data\chrome_shutdown_ms.txt,FileEvent,Delete,2021-10-08 17:15:53.970,0
C:\Users\jpdz\AppData\Local\Google\Chrome\User Data\chrome_shutdown_ms.txt,"""C:\Program Files\Google\Chrome\Application\chrome.exe"" http://mail.trendset.com.ar.ci3.toservers.com/mua/181.143.31.2028037/sucursalpersonas.transaccionesbancolombia.com/mua/
PID:3916",FileEvent,Read,2021-10-08 17:15:53.970,8192
C:\Users\jpdz\AppData\Local\Google\Chrome\User Data\PKIMetadata\51\manifest.fingerprint,"""C:\Program Files\Google\Chrome\Application\chrome.exe"" http://mail.trendset.com.ar.ci3.toservers.com/mua/181.143.31.2028037/sucursalpersonas.transaccionesbancolombia.com/mua/
PID:3916",FileEvent,Read,2021-10-08 17:15:44.389,8192
C:\Users\jpdz\AppData\Local\Google\Chrome\User Data\Default\Web Data,"""C:\Program Files\Google\Chrome\Application\chrome.exe"" http://mail.trendset.com.ar.ci3.toservers.com/mua/181.143.31.2028037/sucursalpersonas.transaccionesbancolombia.com/mua/
PID:3916",FileEvent,Read,2021-10-08 17:15:44.395,16484
C:\Users\jpdz\AppData\Local\Google\Chrome\User Data\ThirdPartyModuleList32\2018.7.19.1\manifest.fingerprint,"""C:\Program Files\Google\Chrome\Application\chrome.exe"" http://mail.trendset.com.ar.ci3.toservers.com/mua/181.143.31.2028037/sucursalpersonas.transaccionesbancolombia.com/mua/
PID:3916",FileEvent,Read,2021-10-08 17:15:44.389,8192
C:\Users\jpdz\AppData\LocalLow\Microsoft\CryptnetUrlCache\Content\94308059B57B3142E455B38A6EB92015,"""C:\Program Files\Google\Chrome\Application\chrome.exe"" http://mail.trendset.com.ar.ci3.toservers.com/mua/181.143.31.2028037/sucursalpersonas.transaccionesbancolombia.com/mua/
PID:3916",FileEvent,Read,2021-10-08 17:15:51.558,733884
C:\Windows\System32\mf.dll,"""C:\Program Files\Google\Chrome\Application\chrome.exe"" http://mail.trendset.com.ar.ci3.toservers.com/mua/181.143.31.2028037/sucursalpersonas.transaccionesbancolombia.com/mua/
PID:3916",FileEvent,Read,2021-10-08 17:15:55.427,4096
C:\Users\jpdz\AppData\Local\Google\Chrome\User Data\Default\Sessions\Session_13279022487986185,"""C:\Program Files\Google\Chrome\Application\chrome.exe"" http://mail.trendset.com.ar.ci3.toservers.com/mua/181.143.31.2028037/sucursalpersonas.transaccionesbancolombia.com/mua/
PID:3916",FileEvent,Read,2021-10-08 17:15:46.876,3812
"""C:\Program Files\Google\Chrome\Application\chrome.exe"" http://mail.trendset.com.ar.ci3.toservers.com/mua/181.143.31.2028037/sucursalpersonas.transaccionesbancolombia.com/mua/
PID:3916","""C:\Program Files\Google\Chrome\Application\chrome.exe"" --type=renderer --disable-client-side-phishing-detection --cross-origin-webassembly-module-sharing-allowed --display-capture-permissions-policy-allowed --field-trial-handle=1028,4436203683500343130,7195691390616061411,131072 --lang=zh-CN --device-scale-factor=1 --num-raster-threads=1 --renderer-client-id=5 --no-v8-untrusted-code-mitigations --mojo-platform-channel-handle=1980 /prefetch:1
PID:1520",ProcessEvent,Create,2021-10-08 17:15:44.401,
C:\Users\jpdz\AppData\Local\Google\Chrome\User Data\SSLErrorAssistant\7\ssl_error_assistant.pb,"""C:\Program Files\Google\Chrome\Application\chrome.exe"" http://mail.trendset.com.ar.ci3.toservers.com/mua/181.143.31.2028037/sucursalpersonas.transaccionesbancolombia.com/mua/
PID:3916",FileEvent,Read,2021-10-08 17:15:55.126,8192
C:\Users\jpdz\AppData\Local\Google\Chrome\User Data\Default\Sync Data\LevelDB\MANIFEST-000001,"""C:\Program Files\Google\Chrome\Application\chrome.exe"" http://mail.trendset.com.ar.ci3.toservers.com/mua/181.143.31.2028037/sucursalpersonas.transaccionesbancolombia.com/mua/
PID:3916",FileEvent,Read,2021-10-08 17:15:44.380,32768
C:\Users\jpdz\AppData\Local\Google\Chrome\User Data\Default\History,"""C:\Program Files\Google\Chrome\Application\chrome.exe"" http://mail.trendset.com.ar.ci3.toservers.com/mua/181.143.31.2028037/sucursalpersonas.transaccionesbancolombia.com/mua/
PID:3916",FileEvent,Read,2021-10-08 17:15:44.379,2121976
"""C:\Program Files\Google\Chrome\Application\chrome.exe"" http://mail.trendset.com.ar.ci3.toservers.com/mua/181.143.31.2028037/sucursalpersonas.transaccionesbancolombia.com/mua/
PID:3916",C:\Users\jpdz\AppData\Local\Google\Chrome\User Data\Default\History,FileEvent,Write,2021-10-08 17:15:55.910,40960
C:\Users\jpdz\AppData\Local\Google\Chrome\User Data\OptimizationHints\302\manifest.json,"""C:\Program Files\Google\Chrome\Application\chrome.exe"" http://mail.trendset.com.ar.ci3.toservers.com/mua/181.143.31.2028037/sucursalpersonas.transaccionesbancolombia.com/mua/
PID:3916",FileEvent,Read,2021-10-08 17:15:44.387,8192
"""C:\Program Files\Google\Chrome\Application\chrome.exe"" http://mail.trendset.com.ar.ci3.toservers.com/mua/181.143.31.2028037/sucursalpersonas.transaccionesbancolombia.com/mua/
PID:3916",C:\Users\jpdz\AppData\Local\Google\Chrome\User Data\Default\data_reduction_proxy_leveldb\LOG,FileEvent,Write,2021-10-08 17:15:53.975,12514
"""C:\Program Files\Google\Chrome\Application\chrome.exe"" http://mail.trendset.com.ar.ci3.toservers.com/mua/181.143.31.2028037/sucursalpersonas.transaccionesbancolombia.com/mua/
PID:3916",C:\Users\jpdz\AppData\Local\Google\Chrome\User Data\Default\Code Cache\js\7f1f6bd62ffaf916_0,FileEvent,Write,2021-10-08 17:15:51.232,580
"""C:\Program Files\Google\Chrome\Application\chrome.exe"" http://mail.trendset.com.ar.ci3.toservers.com/mua/181.143.31.2028037/sucursalpersonas.transaccionesbancolombia.com/mua/
PID:3916",C:\Users\jpdz\AppData\Local\Google\Chrome\User Data\aae3bb78-6d38-49bd-82ae-b9f41a406e4f.tmp,FileEvent,Write,2021-10-08 17:15:44.385,48969
C:\Users\jpdz\AppData\Local\Google\Chrome\User Data\pnacl\0.57.44.2492\_platform_specific\x86_32\pnacl_public_pnacl_json,"""C:\Program Files\Google\Chrome\Application\chrome.exe"" http://mail.trendset.com.ar.ci3.toservers.com/mua/181.143.31.2028037/sucursalpersonas.transaccionesbancolombia.com/mua/
PID:3916",FileEvent,Read,2021-10-08 17:15:44.387,8192
"""C:\Program Files\Google\Chrome\Application\chrome.exe"" http://mail.trendset.com.ar.ci3.toservers.com/mua/181.143.31.2028037/sucursalpersonas.transaccionesbancolombia.com/mua/
PID:3916",C:\Users\jpdz\AppData\Local\Google\Chrome\User Data\Default\Code Cache\js\d29368e34b917c3c_0,FileEvent,Write,2021-10-08 17:15:50.406,606
C:\Program Files\Google\Chrome\Application\94.0.4606.81\resources.pak,"""C:\Program Files\Google\Chrome\Application\chrome.exe"" http://mail.trendset.com.ar.ci3.toservers.com/mua/181.143.31.2028037/sucursalpersonas.transaccionesbancolombia.com/mua/
PID:3916",FileEvent,Read,2021-10-08 17:15:53.973,7983104
C:\Users\jpdz\AppData\Local\Google\Chrome\User Data\Default\shared_proto_db\metadata\CURRENT,"""C:\Program Files\Google\Chrome\Application\chrome.exe"" http://mail.trendset.com.ar.ci3.toservers.com/mua/181.143.31.2028037/sucursalpersonas.transaccionesbancolombia.com/mua/
PID:3916",FileEvent,Read,2021-10-08 17:15:55.442,16384
C:\Users\jpdz\AppData\Local\Google\Chrome\User Data\MEIPreload\1.0.6.0\preloaded_data.pb,"""C:\Program Files\Google\Chrome\Application\chrome.exe"" http://mail.trendset.com.ar.ci3.toservers.com/mua/181.143.31.2028037/sucursalpersonas.transaccionesbancolombia.com/mua/
PID:3916",FileEvent,Read,2021-10-08 17:15:55.128,12288
C:\Users\jpdz\AppData\Local\Google\Chrome\User Data\Default\GPUCache\index,"""C:\Program Files\Google\Chrome\Application\chrome.exe"" http://mail.trendset.com.ar.ci3.toservers.com/mua/181.143.31.2028037/sucursalpersonas.transaccionesbancolombia.com/mua/
PID:3916",FileEvent,Read,2021-10-08 17:15:44.398,266608
"""C:\Program Files\Google\Chrome\Application\chrome.exe"" http://mail.trendset.com.ar.ci3.toservers.com/mua/181.143.31.2028037/sucursalpersonas.transaccionesbancolombia.com/mua/
PID:3916","""C:\Program Files\Google\Chrome\Application\chrome.exe"" --type=utility --utility-sub-type=data_decoder.mojom.DataDecoderService --field-trial-handle=1028,4436203683500343130,7195691390616061411,131072 --lang=zh-CN --service-sandbox-type=service --mojo-platform-channel-handle=3660 /prefetch:8
PID:2264",ProcessEvent,Stop,2021-10-08 17:15:55.227,
C:\Windows\system32\ntshrui.dll,"""C:\Program Files\Google\Chrome\Application\chrome.exe"" http://mail.trendset.com.ar.ci3.toservers.com/mua/181.143.31.2028037/sucursalpersonas.transaccionesbancolombia.com/mua/
PID:3916",FileEvent,Read,2021-10-08 17:15:55.428,28672
C:\Users\jpdz\AppData\Local\Google\Chrome\User Data\DesktopSharingHub\20210813.1\manifest.fingerprint,"""C:\Program Files\Google\Chrome\Application\chrome.exe"" http://mail.trendset.com.ar.ci3.toservers.com/mua/181.143.31.2028037/sucursalpersonas.transaccionesbancolombia.com/mua/
PID:3916",FileEvent,Read,2021-10-08 17:15:44.390,8192
C:\Users\jpdz\AppData\Local\Google\Chrome\User Data\Default\Code Cache\js\index,"""C:\Program Files\Google\Chrome\Application\chrome.exe"" http://mail.trendset.com.ar.ci3.toservers.com/mua/181.143.31.2028037/sucursalpersonas.transaccionesbancolombia.com/mua/
PID:3916",FileEvent,Read,2021-10-08 17:15:44.373,24
C:\Users\jpdz\AppData\Local\Google\Chrome\User Data\Default\Bookmarks,"""C:\Program Files\Google\Chrome\Application\chrome.exe"" http://mail.trendset.com.ar.ci3.toservers.com/mua/181.143.31.2028037/sucursalpersonas.transaccionesbancolombia.com/mua/
PID:3916",FileEvent,Read,2021-10-08 17:15:44.372,8192
C:\Users\jpdz\AppData\Local\Google\Chrome\User Data\GrShaderCache\GPUCache\data_2,"""C:\Program Files\Google\Chrome\Application\chrome.exe"" http://mail.trendset.com.ar.ci3.toservers.com/mua/181.143.31.2028037/sucursalpersonas.transaccionesbancolombia.com/mua/
PID:3916",FileEvent,Read,2021-10-08 17:15:45.649,8192
C:\Users\jpdz\AppData\Local\Google\Chrome\User Data\Default\Secure Preferences,"""C:\Program Files\Google\Chrome\Application\chrome.exe"" http://mail.trendset.com.ar.ci3.toservers.com/mua/181.143.31.2028037/sucursalpersonas.transaccionesbancolombia.com/mua/
PID:3916",FileEvent,Read,2021-10-08 17:15:44.365,20480
C:\Users\jpdz\AppData\Local\Google\Chrome\User Data\Default\data_reduction_proxy_leveldb\CURRENT,"""C:\Program Files\Google\Chrome\Application\chrome.exe"" http://mail.trendset.com.ar.ci3.toservers.com/mua/181.143.31.2028037/sucursalpersonas.transaccionesbancolombia.com/mua/
PID:3916",FileEvent,Read,2021-10-08 17:15:53.974,16384
C:\Users\jpdz\AppData\LocalLow\Microsoft\CryptnetUrlCache\Content\CAF4703619713E3F18D8A9D5D88D6288_A7725538C46DE2D0088EE44974E2CEBA,"""C:\Program Files\Google\Chrome\Application\chrome.exe"" http://mail.trendset.com.ar.ci3.toservers.com/mua/181.143.31.2028037/sucursalpersonas.transaccionesbancolombia.com/mua/
PID:3916",FileEvent,Read,2021-10-08 17:15:44.694,724
"""C:\Program Files\Google\Chrome\Application\chrome.exe"" http://mail.trendset.com.ar.ci3.toservers.com/mua/181.143.31.2028037/sucursalpersonas.transaccionesbancolombia.com/mua/
PID:3916",C:\Users\jpdz\AppData\Local\Temp\Cab937D.tmp,FileEvent,Delete,2021-10-08 17:15:51.697,0
C:\Users\jpdz\AppData\Local\Temp\Cab937D.tmp,"""C:\Program Files\Google\Chrome\Application\chrome.exe"" http://mail.trendset.com.ar.ci3.toservers.com/mua/181.143.31.2028037/sucursalpersonas.transaccionesbancolombia.com/mua/
PID:3916",FileEvent,Read,2021-10-08 17:15:51.695,61400
"""C:\Program Files\Google\Chrome\Application\chrome.exe"" http://mail.trendset.com.ar.ci3.toservers.com/mua/181.143.31.2028037/sucursalpersonas.transaccionesbancolombia.com/mua/
PID:3916",C:\Users\jpdz\AppData\Local\Temp\Cab937D.tmp,FileEvent,Write,2021-10-08 17:15:51.695,61157
"""C:\Program Files\Google\Chrome\Application\chrome.exe"" http://mail.trendset.com.ar.ci3.toservers.com/mua/181.143.31.2028037/sucursalpersonas.transaccionesbancolombia.com/mua/
PID:3916",C:\Users\jpdz\AppData\Local\Google\Chrome\User Data\Default\data_reduction_proxy_leveldb\MANIFEST-000008,FileEvent,Delete,2021-10-08 17:15:56.755,0
C:\Users\jpdz\AppData\Local\Google\Chrome\User Data\Default\data_reduction_proxy_leveldb\MANIFEST-000008,"""C:\Program Files\Google\Chrome\Application\chrome.exe"" http://mail.trendset.com.ar.ci3.toservers.com/mua/181.143.31.2028037/sucursalpersonas.transaccionesbancolombia.com/mua/
PID:3916",FileEvent,Read,2021-10-08 17:15:53.974,32768
C:\Users\jpdz\AppData\Local\Google\Chrome\User Data\Subresource Filter\Unindexed Rules\9.30.0\manifest.fingerprint,"""C:\Program Files\Google\Chrome\Application\chrome.exe"" http://mail.trendset.com.ar.ci3.toservers.com/mua/181.143.31.2028037/sucursalpersonas.transaccionesbancolombia.com/mua/
PID:3916",FileEvent,Read,2021-10-08 17:15:44.387,8192
C:\Users\jpdz\AppData\Local\Google\Chrome\User Data\ShaderCache\GPUCache\data_3,"""C:\Program Files\Google\Chrome\Application\chrome.exe"" http://mail.trendset.com.ar.ci3.toservers.com/mua/181.143.31.2028037/sucursalpersonas.transaccionesbancolombia.com/mua/
PID:3916",FileEvent,Read,2021-10-08 17:15:45.337,8192
"""C:\Program Files\Google\Chrome\Application\chrome.exe"" http://mail.trendset.com.ar.ci3.toservers.com/mua/181.143.31.2028037/sucursalpersonas.transaccionesbancolombia.com/mua/
PID:3916",C:\Users\jpdz\AppData\Local\Temp\Tar99D4.tmp,FileEvent,Delete,2021-10-08 17:15:53.294,0
"""C:\Program Files\Google\Chrome\Application\chrome.exe"" http://mail.trendset.com.ar.ci3.toservers.com/mua/181.143.31.2028037/sucursalpersonas.transaccionesbancolombia.com/mua/
PID:3916",C:\Users\jpdz\AppData\Local\Temp\Tar99D4.tmp,FileEvent,Write,2021-10-08 17:15:53.291,226543
C:\Users\jpdz\AppData\Local\Temp\Tar99D4.tmp,"""C:\Program Files\Google\Chrome\Application\chrome.exe"" http://mail.trendset.com.ar.ci3.toservers.com/mua/181.143.31.2028037/sucursalpersonas.transaccionesbancolombia.com/mua/
PID:3916",FileEvent,Read,2021-10-08 17:15:53.293,161007
C:\Users\jpdz\AppData\Local\Google\Chrome\User Data\Default\shared_proto_db\metadata\MANIFEST-000001,"""C:\Program Files\Google\Chrome\Application\chrome.exe"" http://mail.trendset.com.ar.ci3.toservers.com/mua/181.143.31.2028037/sucursalpersonas.transaccionesbancolombia.com/mua/
PID:3916",FileEvent,Read,2021-10-08 17:15:55.442,32768
C:\Users\jpdz\AppData\Local\Google\Chrome\User Data\DesktopSharingHub\20210813.1\manifest.json,"""C:\Program Files\Google\Chrome\Application\chrome.exe"" http://mail.trendset.com.ar.ci3.toservers.com/mua/181.143.31.2028037/sucursalpersonas.transaccionesbancolombia.com/mua/
PID:3916",FileEvent,Read,2021-10-08 17:15:44.390,8192
C:\Users\jpdz\AppData\Local\Google\Chrome\User Data\AutofillRegex\2021.8.17.1300\manifest.fingerprint,"""C:\Program Files\Google\Chrome\Application\chrome.exe"" http://mail.trendset.com.ar.ci3.toservers.com/mua/181.143.31.2028037/sucursalpersonas.transaccionesbancolombia.com/mua/
PID:3916",FileEvent,Read,2021-10-08 17:15:44.394,8192
C:\Windows\System32\cscui.dll,"""C:\Program Files\Google\Chrome\Application\chrome.exe"" http://mail.trendset.com.ar.ci3.toservers.com/mua/181.143.31.2028037/sucursalpersonas.transaccionesbancolombia.com/mua/
PID:3916",FileEvent,Read,2021-10-08 17:15:55.430,16384
"""C:\Program Files\Google\Chrome\Application\chrome.exe"" http://mail.trendset.com.ar.ci3.toservers.com/mua/181.143.31.2028037/sucursalpersonas.transaccionesbancolombia.com/mua/
PID:3916",C:\Users\jpdz\AppData\Local\Google\Chrome\User Data\Default\Feature Engagement Tracker\EventDB\LOG.old~RF31a22d.TMP,FileEvent,Delete,2021-10-08 17:15:55.436,0
"""C:\Program Files\Google\Chrome\Application\chrome.exe"" http://mail.trendset.com.ar.ci3.toservers.com/mua/181.143.31.2028037/sucursalpersonas.transaccionesbancolombia.com/mua/
PID:3916",C:\Users\jpdz\AppData\Local\Google\Chrome\User Data\Default\Site Characteristics Database\LOG.old~RF3176f6.TMP,FileEvent,Delete,2021-10-08 17:15:44.375,0
"""C:\Program Files\Google\Chrome\Application\chrome.exe"" http://mail.trendset.com.ar.ci3.toservers.com/mua/181.143.31.2028037/sucursalpersonas.transaccionesbancolombia.com/mua/
PID:3916",C:\Users\jpdz\AppData\Local\Temp\Cab93C0.tmp,FileEvent,Delete,2021-10-08 17:15:51.814,0
"""C:\Program Files\Google\Chrome\Application\chrome.exe"" http://mail.trendset.com.ar.ci3.toservers.com/mua/181.143.31.2028037/sucursalpersonas.transaccionesbancolombia.com/mua/
PID:3916",C:\Users\jpdz\AppData\Local\Temp\Cab93C0.tmp,FileEvent,Write,2021-10-08 17:15:51.811,61157
C:\Users\jpdz\AppData\Local\Temp\Cab93C0.tmp,"""C:\Program Files\Google\Chrome\Application\chrome.exe"" http://mail.trendset.com.ar.ci3.toservers.com/mua/181.143.31.2028037/sucursalpersonas.transaccionesbancolombia.com/mua/
PID:3916",FileEvent,Read,2021-10-08 17:15:51.812,61400
C:\Users\jpdz\AppData\Local\Google\Chrome\User Data\ZxcvbnData\1\manifest.json,"""C:\Program Files\Google\Chrome\Application\chrome.exe"" http://mail.trendset.com.ar.ci3.toservers.com/mua/181.143.31.2028037/sucursalpersonas.transaccionesbancolombia.com/mua/
PID:3916",FileEvent,Read,2021-10-08 17:15:44.390,8192
"""C:\Program Files\Google\Chrome\Application\chrome.exe"" http://mail.trendset.com.ar.ci3.toservers.com/mua/181.143.31.2028037/sucursalpersonas.transaccionesbancolombia.com/mua/
PID:3916",C:\Users\jpdz\AppData\Local\Google\Chrome\User Data\Default\aad0cc2f-5366-4670-bcd6-60c642b98848.tmp,FileEvent,Write,2021-10-08 17:15:44.580,7253
C:\Users\jpdz\AppData\Local\Google\Chrome\User Data\ZxcvbnData\1\manifest.fingerprint,"""C:\Program Files\Google\Chrome\Application\chrome.exe"" http://mail.trendset.com.ar.ci3.toservers.com/mua/181.143.31.2028037/sucursalpersonas.transaccionesbancolombia.com/mua/
PID:3916",FileEvent,Read,2021-10-08 17:15:44.390,8192
C:\Users\jpdz\AppData\Local\Google\Chrome\User Data\ShaderCache\GPUCache\index,"""C:\Program Files\Google\Chrome\Application\chrome.exe"" http://mail.trendset.com.ar.ci3.toservers.com/mua/181.143.31.2028037/sucursalpersonas.transaccionesbancolombia.com/mua/
PID:3916",FileEvent,Read,2021-10-08 17:15:45.336,266608
"""C:\Program Files\Google\Chrome\Application\chrome.exe"" http://mail.trendset.com.ar.ci3.toservers.com/mua/181.143.31.2028037/sucursalpersonas.transaccionesbancolombia.com/mua/
PID:3916",C:\Users\jpdz\AppData\Local\Google\Chrome\User Data\Default\d6d5d78b-5049-47c2-b64d-97be1d8757ef.tmp,FileEvent,Delete,2021-10-08 17:15:44.396,0
"""C:\Program Files\Google\Chrome\Application\chrome.exe"" http://mail.trendset.com.ar.ci3.toservers.com/mua/181.143.31.2028037/sucursalpersonas.transaccionesbancolombia.com/mua/
PID:3916",C:\Users\jpdz\AppData\Local\Google\Chrome\User Data\Default\d6d5d78b-5049-47c2-b64d-97be1d8757ef.tmp,FileEvent,Write,2021-10-08 17:15:44.395,1
"""C:\Program Files\Google\Chrome\Application\chrome.exe"" http://mail.trendset.com.ar.ci3.toservers.com/mua/181.143.31.2028037/sucursalpersonas.transaccionesbancolombia.com/mua/
PID:3916",C:\Users\jpdz\AppData\Local\Temp\Tar9951.tmp,FileEvent,Delete,2021-10-08 17:15:53.180,0
C:\Users\jpdz\AppData\Local\Temp\Tar9951.tmp,"""C:\Program Files\Google\Chrome\Application\chrome.exe"" http://mail.trendset.com.ar.ci3.toservers.com/mua/181.143.31.2028037/sucursalpersonas.transaccionesbancolombia.com/mua/
PID:3916",FileEvent,Read,2021-10-08 17:15:53.180,161007
"""C:\Program Files\Google\Chrome\Application\chrome.exe"" http://mail.trendset.com.ar.ci3.toservers.com/mua/181.143.31.2028037/sucursalpersonas.transaccionesbancolombia.com/mua/
PID:3916",C:\Users\jpdz\AppData\Local\Temp\Tar9951.tmp,FileEvent,Write,2021-10-08 17:15:53.178,226543
C:\Users\jpdz\AppData\Local\Google\Chrome\User Data\FileTypePolicies\45\download_file_types.pb,"""C:\Program Files\Google\Chrome\Application\chrome.exe"" http://mail.trendset.com.ar.ci3.toservers.com/mua/181.143.31.2028037/sucursalpersonas.transaccionesbancolombia.com/mua/
PID:3916",FileEvent,Read,2021-10-08 17:15:55.127,12288
C:\Users\jpdz\AppData\Local\Google\Chrome\User Data\ShaderCache\GPUCache\data_1,"""C:\Program Files\Google\Chrome\Application\chrome.exe"" http://mail.trendset.com.ar.ci3.toservers.com/mua/181.143.31.2028037/sucursalpersonas.transaccionesbancolombia.com/mua/
PID:3916",FileEvent,Read,2021-10-08 17:15:45.337,8704
C:\Users\jpdz\AppData\Local\Google\Chrome\User Data\ShaderCache\GPUCache\data_0,"""C:\Program Files\Google\Chrome\Application\chrome.exe"" http://mail.trendset.com.ar.ci3.toservers.com/mua/181.143.31.2028037/sucursalpersonas.transaccionesbancolombia.com/mua/
PID:3916",FileEvent,Read,2021-10-08 17:15:45.337,16384
C:\Users\jpdz\AppData\Local\Google\Chrome\User Data\GrShaderCache\GPUCache\data_0,"""C:\Program Files\Google\Chrome\Application\chrome.exe"" http://mail.trendset.com.ar.ci3.toservers.com/mua/181.143.31.2028037/sucursalpersonas.transaccionesbancolombia.com/mua/
PID:3916",FileEvent,Read,2021-10-08 17:15:45.495,16384
"""C:\Program Files\Google\Chrome\Application\chrome.exe"" http://mail.trendset.com.ar.ci3.toservers.com/mua/181.143.31.2028037/sucursalpersonas.transaccionesbancolombia.com/mua/
PID:3916",C:\Users\jpdz\AppData\Local\Google\Chrome\User Data\Default\Session Storage\LOG.old~RF317783.TMP,FileEvent,Delete,2021-10-08 17:15:44.504,0
C:\Users\jpdz\AppData\Local\Google\Chrome\User Data\Module Info Cache,"""C:\Program Files\Google\Chrome\Application\chrome.exe"" http://mail.trendset.com.ar.ci3.toservers.com/mua/181.143.31.2028037/sucursalpersonas.transaccionesbancolombia.com/mua/
PID:3916",FileEvent,Read,2021-10-08 17:15:55.439,77824
C:\Users\jpdz\AppData\Local\Google\Chrome\User Data\Default\Favicons,"""C:\Program Files\Google\Chrome\Application\chrome.exe"" http://mail.trendset.com.ar.ci3.toservers.com/mua/181.143.31.2028037/sucursalpersonas.transaccionesbancolombia.com/mua/
PID:3916",FileEvent,Read,2021-10-08 17:15:44.381,2103396
"""C:\Program Files\Google\Chrome\Application\chrome.exe"" http://mail.trendset.com.ar.ci3.toservers.com/mua/181.143.31.2028037/sucursalpersonas.transaccionesbancolombia.com/mua/
PID:3916",C:\Users\jpdz\AppData\Local\Google\Chrome\User Data\Default\data_reduction_proxy_leveldb\000009.log,FileEvent,Delete,2021-10-08 17:15:56.754,0
C:\Users\jpdz\AppData\Local\Google\Chrome\User Data\Default\data_reduction_proxy_leveldb\000009.log,"""C:\Program Files\Google\Chrome\Application\chrome.exe"" http://mail.trendset.com.ar.ci3.toservers.com/mua/181.143.31.2028037/sucursalpersonas.transaccionesbancolombia.com/mua/
PID:3916",FileEvent,Read,2021-10-08 17:15:54.913,32768
C:\Users\jpdz\AppData\Local\Google\Chrome\User Data\MEIPreload\1.0.6.0\manifest.json,"""C:\Program Files\Google\Chrome\Application\chrome.exe"" http://mail.trendset.com.ar.ci3.toservers.com/mua/181.143.31.2028037/sucursalpersonas.transaccionesbancolombia.com/mua/
PID:3916",FileEvent,Read,2021-10-08 17:15:44.389,8192
C:\Users\jpdz\AppData\Local\Google\Chrome\User Data\SwReporter\93.269.200\manifest.json,"""C:\Program Files\Google\Chrome\Application\chrome.exe"" http://mail.trendset.com.ar.ci3.toservers.com/mua/181.143.31.2028037/sucursalpersonas.transaccionesbancolombia.com/mua/
PID:3916",FileEvent,Read,2021-10-08 17:15:44.389,8192
C:\Program Files\Windows Sidebar\sbdrop.dll,"""C:\Program Files\Google\Chrome\Application\chrome.exe"" http://mail.trendset.com.ar.ci3.toservers.com/mua/181.143.31.2028037/sucursalpersonas.transaccionesbancolombia.com/mua/
PID:3916",FileEvent,Read,2021-10-08 17:15:55.432,4096
C:\Users\jpdz\AppData\Local\Google\Chrome\User Data\Default\Code Cache\wasm\index,"""C:\Program Files\Google\Chrome\Application\chrome.exe"" http://mail.trendset.com.ar.ci3.toservers.com/mua/181.143.31.2028037/sucursalpersonas.transaccionesbancolombia.com/mua/
PID:3916",FileEvent,Read,2021-10-08 17:15:44.373,24
C:\Users\jpdz\AppData\Local\Google\Chrome\User Data\Default\GPUCache\data_1,"""C:\Program Files\Google\Chrome\Application\chrome.exe"" http://mail.trendset.com.ar.ci3.toservers.com/mua/181.143.31.2028037/sucursalpersonas.transaccionesbancolombia.com/mua/
PID:3916",FileEvent,Read,2021-10-08 17:15:44.403,8704
C:\Windows\system32\drivers\etc\hosts,"""C:\Program Files\Google\Chrome\Application\chrome.exe"" http://mail.trendset.com.ar.ci3.toservers.com/mua/181.143.31.2028037/sucursalpersonas.transaccionesbancolombia.com/mua/
PID:3916",FileEvent,Read,2021-10-08 17:15:44.151,16384
C:\Windows\system32\syncui.dll,"""C:\Program Files\Google\Chrome\Application\chrome.exe"" http://mail.trendset.com.ar.ci3.toservers.com/mua/181.143.31.2028037/sucursalpersonas.transaccionesbancolombia.com/mua/
PID:3916",FileEvent,Read,2021-10-08 17:15:55.429,16384
"""C:\Program Files\Google\Chrome\Application\chrome.exe"" http://mail.trendset.com.ar.ci3.toservers.com/mua/181.143.31.2028037/sucursalpersonas.transaccionesbancolombia.com/mua/
PID:3916",C:\Users\jpdz\AppData\Local\Temp\Cab938F.tmp,FileEvent,Delete,2021-10-08 17:15:51.713,0
C:\Users\jpdz\AppData\Local\Temp\Cab938F.tmp,"""C:\Program Files\Google\Chrome\Application\chrome.exe"" http://mail.trendset.com.ar.ci3.toservers.com/mua/181.143.31.2028037/sucursalpersonas.transaccionesbancolombia.com/mua/
PID:3916",FileEvent,Read,2021-10-08 17:15:51.712,61400
"""C:\Program Files\Google\Chrome\Application\chrome.exe"" http://mail.trendset.com.ar.ci3.toservers.com/mua/181.143.31.2028037/sucursalpersonas.transaccionesbancolombia.com/mua/
PID:3916",C:\Users\jpdz\AppData\Local\Temp\Cab938F.tmp,FileEvent,Write,2021-10-08 17:15:51.712,61157
C:\Users\jpdz\AppData\Local\Google\Chrome\User Data\SwReporter\93.269.200\manifest.fingerprint,"""C:\Program Files\Google\Chrome\Application\chrome.exe"" http://mail.trendset.com.ar.ci3.toservers.com/mua/181.143.31.2028037/sucursalpersonas.transaccionesbancolombia.com/mua/
PID:3916",FileEvent,Read,2021-10-08 17:15:44.389,8192
"""C:\Program Files\Google\Chrome\Application\chrome.exe"" http://mail.trendset.com.ar.ci3.toservers.com/mua/181.143.31.2028037/sucursalpersonas.transaccionesbancolombia.com/mua/
PID:3916",C:\Users\jpdz\AppData\Local\Temp\Cab934C.tmp,FileEvent,Delete,2021-10-08 17:15:51.650,0
C:\Users\jpdz\AppData\Local\Temp\Cab934C.tmp,"""C:\Program Files\Google\Chrome\Application\chrome.exe"" http://mail.trendset.com.ar.ci3.toservers.com/mua/181.143.31.2028037/sucursalpersonas.transaccionesbancolombia.com/mua/
PID:3916",FileEvent,Read,2021-10-08 17:15:51.649,61400
"""C:\Program Files\Google\Chrome\Application\chrome.exe"" http://mail.trendset.com.ar.ci3.toservers.com/mua/181.143.31.2028037/sucursalpersonas.transaccionesbancolombia.com/mua/
PID:3916",C:\Users\jpdz\AppData\Local\Temp\Cab934C.tmp,FileEvent,Write,2021-10-08 17:15:51.649,61157
"""C:\Program Files\Google\Chrome\Application\chrome.exe"" http://mail.trendset.com.ar.ci3.toservers.com/mua/181.143.31.2028037/sucursalpersonas.transaccionesbancolombia.com/mua/
PID:3916","""C:\Program Files\Google\Chrome\Application\chrome.exe"" --type=utility --utility-sub-type=chrome.mojom.UtilWin --field-trial-handle=1028,4436203683500343130,7195691390616061411,131072 --lang=zh-CN --service-sandbox-type=none --mojo-platform-channel-handle=3728 /prefetch:8
PID:3160",ProcessEvent,Create,2021-10-08 17:15:57.13,
"""C:\Program Files\Google\Chrome\Application\chrome.exe"" http://mail.trendset.com.ar.ci3.toservers.com/mua/181.143.31.2028037/sucursalpersonas.transaccionesbancolombia.com/mua/
PID:3916",C:\Users\jpdz\AppData\Local\Google\Chrome\User Data\Default\Local Storage\leveldb\LOG.old~RF317783.TMP,FileEvent,Delete,2021-10-08 17:15:44.510,0
"""C:\Program Files\Google\Chrome\Application\chrome.exe"" http://mail.trendset.com.ar.ci3.toservers.com/mua/181.143.31.2028037/sucursalpersonas.transaccionesbancolombia.com/mua/
PID:3916",C:\Users\jpdz\AppData\Local\Temp\Tar9390.tmp,FileEvent,Delete,2021-10-08 17:15:51.713,0
C:\Users\jpdz\AppData\Local\Temp\Tar9390.tmp,"""C:\Program Files\Google\Chrome\Application\chrome.exe"" http://mail.trendset.com.ar.ci3.toservers.com/mua/181.143.31.2028037/sucursalpersonas.transaccionesbancolombia.com/mua/
PID:3916",FileEvent,Read,2021-10-08 17:15:51.713,161007
"""C:\Program Files\Google\Chrome\Application\chrome.exe"" http://mail.trendset.com.ar.ci3.toservers.com/mua/181.143.31.2028037/sucursalpersonas.transaccionesbancolombia.com/mua/
PID:3916",C:\Users\jpdz\AppData\Local\Temp\Tar9390.tmp,FileEvent,Write,2021-10-08 17:15:51.712,226543
"""C:\Program Files\Google\Chrome\Application\chrome.exe"" http://mail.trendset.com.ar.ci3.toservers.com/mua/181.143.31.2028037/sucursalpersonas.transaccionesbancolombia.com/mua/
PID:3916",C:\Users\jpdz\AppData\Local\Google\Chrome\User Data\Default\Feature Engagement Tracker\AvailabilityDB\LOG.old~RF31a22d.TMP,FileEvent,Delete,2021-10-08 17:15:55.437,0
"""C:\Program Files\Google\Chrome\Application\chrome.exe"" http://mail.trendset.com.ar.ci3.toservers.com/mua/181.143.31.2028037/sucursalpersonas.transaccionesbancolombia.com/mua/
PID:3916","""C:\Program Files\Google\Chrome\Application\chrome.exe"" --type=gpu-process --field-trial-handle=1028,4436203683500343130,7195691390616061411,131072 --gpu-preferences=UAAAAAAAAADgAAAIAAAAAAAAAAAAAAAAAABgAIAAAAAwAAAAAAAAAAAAAAAAAAAAAAAAAAAAAAAAAAAAAAAAAHgAAAAAAAAAeAAAAAAAAAAoAAAABAAAACAAAAAAAAAAKAAAAAAAAAAwAAAAAAAAADgAAAAAAAAAEAAAAAAAAAAAAAAADQAAABAAAAAAAAAAAQAAAA0AAAAQAAAAAAAAAAQAAAANAAAAEAAAAAAAAAAHAAAADQAAAAgAAAAAAAAACAAAAAAAAAA= --mojo-platform-channel-handle=1052 /prefetch:2
PID:3116",ProcessEvent,Stop,2021-10-08 17:15:45.334,
"""C:\Program Files\Google\Chrome\Application\chrome.exe"" http://mail.trendset.com.ar.ci3.toservers.com/mua/181.143.31.2028037/sucursalpersonas.transaccionesbancolombia.com/mua/
PID:3916",C:\Users\jpdz\AppData\Local\Temp\Tar93C1.tmp,FileEvent,Delete,2021-10-08 17:15:51.814,0
C:\Users\jpdz\AppData\Local\Temp\Tar93C1.tmp,"""C:\Program Files\Google\Chrome\Application\chrome.exe"" http://mail.trendset.com.ar.ci3.toservers.com/mua/181.143.31.2028037/sucursalpersonas.transaccionesbancolombia.com/mua/
PID:3916",FileEvent,Read,2021-10-08 17:15:51.814,161007
"""C:\Program Files\Google\Chrome\Application\chrome.exe"" http://mail.trendset.com.ar.ci3.toservers.com/mua/181.143.31.2028037/sucursalpersonas.transaccionesbancolombia.com/mua/
PID:3916",C:\Users\jpdz\AppData\Local\Temp\Tar93C1.tmp,FileEvent,Write,2021-10-08 17:15:51.812,226543
"""C:\Program Files\Google\Chrome\Application\chrome.exe"" http://mail.trendset.com.ar.ci3.toservers.com/mua/181.143.31.2028037/sucursalpersonas.transaccionesbancolombia.com/mua/
PID:3916",C:\Users\jpdz\AppData\Local\Google\Chrome\User Data\Default\data_reduction_proxy_leveldb\000010.dbtmp,FileEvent,Write,2021-10-08 17:15:56.349,4112
C:\Users\jpdz\AppData\Local\Google\Chrome\User Data\Default\PreferredApps,"""C:\Program Files\Google\Chrome\Application\chrome.exe"" http://mail.trendset.com.ar.ci3.toservers.com/mua/181.143.31.2028037/sucursalpersonas.transaccionesbancolombia.com/mua/
PID:3916",FileEvent,Read,2021-10-08 17:15:53.970,8192
C:\Users\jpdz\AppData\Local\Google\Chrome\User Data\Default\Site Characteristics Database\000003.log,"""C:\Program Files\Google\Chrome\Application\chrome.exe"" http://mail.trendset.com.ar.ci3.toservers.com/mua/181.143.31.2028037/sucursalpersonas.transaccionesbancolombia.com/mua/
PID:3916",FileEvent,Read,2021-10-08 17:15:44.376,32768
C:\Users\jpdz\AppData\Local\Google\Chrome\User Data\Crowd Deny\2021.10.11.1142\manifest.fingerprint,"""C:\Program Files\Google\Chrome\Application\chrome.exe"" http://mail.trendset.com.ar.ci3.toservers.com/mua/181.143.31.2028037/sucursalpersonas.transaccionesbancolombia.com/mua/
PID:3916",FileEvent,Read,2021-10-08 17:15:44.390,8192
"""C:\Program Files\Google\Chrome\Application\chrome.exe"" http://mail.trendset.com.ar.ci3.toservers.com/mua/181.143.31.2028037/sucursalpersonas.transaccionesbancolombia.com/mua/
PID:3916",C:\Users\jpdz\AppData\Local\Google\Chrome\User Data\Default\shared_proto_db\metadata\LOG.old~RF31a22d.TMP,FileEvent,Delete,2021-10-08 17:15:55.442,0
C:\Users\jpdz\AppData\Local\Google\Chrome\User Data\Crashpad\settings.dat,"""C:\Program Files\Google\Chrome\Application\chrome.exe"" http://mail.trendset.com.ar.ci3.toservers.com/mua/181.143.31.2028037/sucursalpersonas.transaccionesbancolombia.com/mua/
PID:3916",FileEvent,Read,2021-10-08 17:15:43.810,160
"""C:\Program Files\Google\Chrome\Application\chrome.exe"" http://mail.trendset.com.ar.ci3.toservers.com/mua/181.143.31.2028037/sucursalpersonas.transaccionesbancolombia.com/mua/
PID:3916",C:\Users\jpdz\AppData\Local\Google\Chrome\User Data\Crashpad\settings.dat,FileEvent,Write,2021-10-08 17:15:43.810,240
"""C:\Program Files\Google\Chrome\Application\chrome.exe"" http://mail.trendset.com.ar.ci3.toservers.com/mua/181.143.31.2028037/sucursalpersonas.transaccionesbancolombia.com/mua/
PID:3916",C:\Users\jpdz\AppData\Local\Google\Chrome\User Data\Default\Code Cache\js\97ff08ae16b926dc_0,FileEvent,Write,2021-10-08 17:15:51.181,580
C:\Users\jpdz\AppData\Local\Google\Chrome\User Data\ClientSidePhishing\25.3\manifest.fingerprint,"""C:\Program Files\Google\Chrome\Application\chrome.exe"" http://mail.trendset.com.ar.ci3.toservers.com/mua/181.143.31.2028037/sucursalpersonas.transaccionesbancolombia.com/mua/
PID:3916",FileEvent,Read,2021-10-08 17:15:44.394,8192
"""C:\Program Files\Google\Chrome\Application\chrome.exe"" http://mail.trendset.com.ar.ci3.toservers.com/mua/181.143.31.2028037/sucursalpersonas.transaccionesbancolombia.com/mua/
PID:3916",C:\Users\jpdz\AppData\Local\Google\Chrome\User Data\Local State~RF31a0e5.TMP,FileEvent,Delete,2021-10-08 17:15:55.125,0
"""C:\Program Files\Google\Chrome\Application\chrome.exe"" http://mail.trendset.com.ar.ci3.toservers.com/mua/181.143.31.2028037/sucursalpersonas.transaccionesbancolombia.com/mua/
PID:3916",C:\Users\jpdz\AppData\Local\Temp\Tar99E5.tmp,FileEvent,Delete,2021-10-08 17:15:53.310,0
"""C:\Program Files\Google\Chrome\Application\chrome.exe"" http://mail.trendset.com.ar.ci3.toservers.com/mua/181.143.31.2028037/sucursalpersonas.transaccionesbancolombia.com/mua/
PID:3916",C:\Users\jpdz\AppData\Local\Temp\Tar99E5.tmp,FileEvent,Write,2021-10-08 17:15:53.309,226543
C:\Users\jpdz\AppData\Local\Temp\Tar99E5.tmp,"""C:\Program Files\Google\Chrome\Application\chrome.exe"" http://mail.trendset.com.ar.ci3.toservers.com/mua/181.143.31.2028037/sucursalpersonas.transaccionesbancolombia.com/mua/
PID:3916",FileEvent,Read,2021-10-08 17:15:53.310,161007
C:\Users\jpdz\AppData\Local\Google\Chrome\User Data\Default\GPUCache\data_2,"""C:\Program Files\Google\Chrome\Application\chrome.exe"" http://mail.trendset.com.ar.ci3.toservers.com/mua/181.143.31.2028037/sucursalpersonas.transaccionesbancolombia.com/mua/
PID:3916",FileEvent,Read,2021-10-08 17:15:44.403,8192
"""C:\Program Files\Google\Chrome\Application\chrome.exe"" http://mail.trendset.com.ar.ci3.toservers.com/mua/181.143.31.2028037/sucursalpersonas.transaccionesbancolombia.com/mua/
PID:3916",121.194.10.78,IpChannelEvent,TcpIpConnect,2021-10-08 17:15:53.98,0
121.194.10.78,"""C:\Program Files\Google\Chrome\Application\chrome.exe"" http://mail.trendset.com.ar.ci3.toservers.com/mua/181.143.31.2028037/sucursalpersonas.transaccionesbancolombia.com/mua/
PID:3916",IpChannelEvent,TcpIpRecv,2021-10-08 17:15:53.105,1452
"""C:\Program Files\Google\Chrome\Application\chrome.exe"" http://mail.trendset.com.ar.ci3.toservers.com/mua/181.143.31.2028037/sucursalpersonas.transaccionesbancolombia.com/mua/
PID:3916",121.194.10.78,IpChannelEvent,TcpIpSend,2021-10-08 17:15:53.98,139
C:\Users\jpdz\AppData\Local\Google\Chrome\User Data\AutofillStates\2020.11.2.164946\manifest.fingerprint,"""C:\Program Files\Google\Chrome\Application\chrome.exe"" http://mail.trendset.com.ar.ci3.toservers.com/mua/181.143.31.2028037/sucursalpersonas.transaccionesbancolombia.com/mua/
PID:3916",FileEvent,Read,2021-10-08 17:15:44.394,8192
C:\Program Files\Common Files\SpeechEngines\Microsoft\TTS20\en-US\MSTTSLoc.dll.mui,"""C:\Program Files\Google\Chrome\Application\chrome.exe"" http://mail.trendset.com.ar.ci3.toservers.com/mua/181.143.31.2028037/sucursalpersonas.transaccionesbancolombia.com/mua/
PID:3916",FileEvent,Read,2021-10-08 17:15:57.80,4096
C:\Users\jpdz\AppData\Local\Google\Chrome\User Data\SSLErrorAssistant\7\manifest.json,"""C:\Program Files\Google\Chrome\Application\chrome.exe"" http://mail.trendset.com.ar.ci3.toservers.com/mua/181.143.31.2028037/sucursalpersonas.transaccionesbancolombia.com/mua/
PID:3916",FileEvent,Read,2021-10-08 17:15:44.388,8192
C:\Users\jpdz\AppData\Local\Google\Chrome\User Data\hyphen-data\97.0.4673.0\manifest.json,"""C:\Program Files\Google\Chrome\Application\chrome.exe"" http://mail.trendset.com.ar.ci3.toservers.com/mua/181.143.31.2028037/sucursalpersonas.transaccionesbancolombia.com/mua/
PID:3916",FileEvent,Read,2021-10-08 17:15:44.390,8192
"""C:\Program Files\Google\Chrome\Application\chrome.exe"" http://mail.trendset.com.ar.ci3.toservers.com/mua/181.143.31.2028037/sucursalpersonas.transaccionesbancolombia.com/mua/
PID:3916",C:\Users\jpdz\AppData\Local\Google\Chrome\User Data\Local State~RF31db4e.TMP,FileEvent,Delete,2021-10-08 17:16:09.914,0
C:\Users\jpdz\AppData\Local\Google\Chrome\User Data\OptimizationHints\302\optimization-hints.pb,"""C:\Program Files\Google\Chrome\Application\chrome.exe"" http://mail.trendset.com.ar.ci3.toservers.com/mua/181.143.31.2028037/sucursalpersonas.transaccionesbancolombia.com/mua/
PID:3916",FileEvent,Read,2021-10-08 17:15:55.514,49152
"""C:\Program Files\Google\Chrome\Application\chrome.exe"" http://mail.trendset.com.ar.ci3.toservers.com/mua/181.143.31.2028037/sucursalpersonas.transaccionesbancolombia.com/mua/
PID:3916",C:\Users\jpdz\AppData\Local\Google\Chrome\User Data\Default\Code Cache\js\102710ed419322b6_0,FileEvent,Write,2021-10-08 17:15:52.938,580
"""C:\Program Files\Google\Chrome\Application\chrome.exe"" http://mail.trendset.com.ar.ci3.toservers.com/mua/181.143.31.2028037/sucursalpersonas.transaccionesbancolombia.com/mua/
PID:3916",C:\Users\jpdz\AppData\Local\Temp\Cab9901.tmp,FileEvent,Delete,2021-10-08 17:15:53.180,0
"""C:\Program Files\Google\Chrome\Application\chrome.exe"" http://mail.trendset.com.ar.ci3.toservers.com/mua/181.143.31.2028037/sucursalpersonas.transaccionesbancolombia.com/mua/
PID:3916",C:\Users\jpdz\AppData\Local\Temp\Cab9901.tmp,FileEvent,Write,2021-10-08 17:15:53.177,61157
C:\Users\jpdz\AppData\Local\Temp\Cab9901.tmp,"""C:\Program Files\Google\Chrome\Application\chrome.exe"" http://mail.trendset.com.ar.ci3.toservers.com/mua/181.143.31.2028037/sucursalpersonas.transaccionesbancolombia.com/mua/
PID:3916",FileEvent,Read,2021-10-08 17:15:53.177,61400
"""C:\Program Files\Google\Chrome\Application\chrome.exe"" http://mail.trendset.com.ar.ci3.toservers.com/mua/181.143.31.2028037/sucursalpersonas.transaccionesbancolombia.com/mua/
PID:3916",C:\Users\jpdz\AppData\Local\Google\Chrome\User Data\Default\data_reduction_proxy_leveldb\CURRENT~RF31a6d0.TMP,FileEvent,Delete,2021-10-08 17:15:56.619,0
"""C:\Program Files\Google\Chrome\Application\chrome.exe"" http://mail.trendset.com.ar.ci3.toservers.com/mua/181.143.31.2028037/sucursalpersonas.transaccionesbancolombia.com/mua/
PID:3916",C:\Users\jpdz\AppData\Local\Google\Chrome\User Data\852eea7d-e11f-4f61-a996-d5e9039b9d5f.tmp,FileEvent,Write,2021-10-08 17:16:07.20,74944
"""C:\Program Files\Google\Chrome\Application\chrome.exe"" http://mail.trendset.com.ar.ci3.toservers.com/mua/181.143.31.2028037/sucursalpersonas.transaccionesbancolombia.com/mua/
PID:3916",C:\Users\jpdz\AppData\Local\Google\Chrome\User Data\Default\optimization_guide_hint_cache_store\LOG.old~RF31a142.TMP,FileEvent,Delete,2021-10-08 17:15:55.198,0
"""C:\Program Files\Google\Chrome\Application\chrome.exe"" http://mail.trendset.com.ar.ci3.toservers.com/mua/181.143.31.2028037/sucursalpersonas.transaccionesbancolombia.com/mua/
PID:3916",C:\Users\jpdz\AppData\Local\Temp\Tar933C.tmp,FileEvent,Delete,2021-10-08 17:15:51.633,0
C:\Users\jpdz\AppData\Local\Temp\Tar933C.tmp,"""C:\Program Files\Google\Chrome\Application\chrome.exe"" http://mail.trendset.com.ar.ci3.toservers.com/mua/181.143.31.2028037/sucursalpersonas.transaccionesbancolombia.com/mua/
PID:3916",FileEvent,Read,2021-10-08 17:15:51.632,161007
"""C:\Program Files\Google\Chrome\Application\chrome.exe"" http://mail.trendset.com.ar.ci3.toservers.com/mua/181.143.31.2028037/sucursalpersonas.transaccionesbancolombia.com/mua/
PID:3916",C:\Users\jpdz\AppData\Local\Temp\Tar933C.tmp,FileEvent,Write,2021-10-08 17:15:51.631,226543
C:\Users\jpdz\AppData\Local\Google\Chrome\User Data\Default\Extension State\000003.log,"""C:\Program Files\Google\Chrome\Application\chrome.exe"" http://mail.trendset.com.ar.ci3.toservers.com/mua/181.143.31.2028037/sucursalpersonas.transaccionesbancolombia.com/mua/
PID:3916",FileEvent,Read,2021-10-08 17:15:44.582,32768
"""C:\Program Files\Google\Chrome\Application\chrome.exe"" http://mail.trendset.com.ar.ci3.toservers.com/mua/181.143.31.2028037/sucursalpersonas.transaccionesbancolombia.com/mua/
PID:3916",C:\Users\jpdz\AppData\Local\Google\Chrome\User Data\Default\Code Cache\js\092ce752f240384b_0,FileEvent,Write,2021-10-08 17:15:51.235,580
C:\Users\jpdz\AppData\Local\Google\Chrome\User Data\Default\GCM Store\Encryption\MANIFEST-000001,"""C:\Program Files\Google\Chrome\Application\chrome.exe"" http://mail.trendset.com.ar.ci3.toservers.com/mua/181.143.31.2028037/sucursalpersonas.transaccionesbancolombia.com/mua/
PID:3916",FileEvent,Read,2021-10-08 17:15:55.204,32768
"""C:\Program Files\Google\Chrome\Application\chrome.exe"" http://mail.trendset.com.ar.ci3.toservers.com/mua/181.143.31.2028037/sucursalpersonas.transaccionesbancolombia.com/mua/
PID:3916",C:\Users\jpdz\AppData\Local\Google\Chrome\User Data\Default\Download Service\EntryDB\LOG.old~RF31a27b.TMP,FileEvent,Delete,2021-10-08 17:15:55.517,0
"""C:\Program Files\Google\Chrome\Application\chrome.exe"" http://mail.trendset.com.ar.ci3.toservers.com/mua/181.143.31.2028037/sucursalpersonas.transaccionesbancolombia.com/mua/
PID:3916",C:\Users\jpdz\AppData\Local\Google\Chrome\User Data\Default\Extension State\LOG,FileEvent,Write,2021-10-08 17:15:44.581,493
C:\Users\jpdz\AppData\Local\Google\Chrome\User Data\SSLErrorAssistant\7\manifest.fingerprint,"""C:\Program Files\Google\Chrome\Application\chrome.exe"" http://mail.trendset.com.ar.ci3.toservers.com/mua/181.143.31.2028037/sucursalpersonas.transaccionesbancolombia.com/mua/
PID:3916",FileEvent,Read,2021-10-08 17:15:44.388,8192
C:\Users\jpdz\AppData\Local\Google\Chrome\User Data\Default\GPUCache\data_3,"""C:\Program Files\Google\Chrome\Application\chrome.exe"" http://mail.trendset.com.ar.ci3.toservers.com/mua/181.143.31.2028037/sucursalpersonas.transaccionesbancolombia.com/mua/
PID:3916",FileEvent,Read,2021-10-08 17:15:44.403,8192
C:\Users\jpdz\AppData\Local\Google\Chrome\User Data\Default\Extension State\CURRENT,"""C:\Program Files\Google\Chrome\Application\chrome.exe"" http://mail.trendset.com.ar.ci3.toservers.com/mua/181.143.31.2028037/sucursalpersonas.transaccionesbancolombia.com/mua/
PID:3916",FileEvent,Read,2021-10-08 17:15:44.581,16384
C:\Users\jpdz\AppData\Local\Google\Chrome\User Data\SafetyTips\2716\safety_tips.pb,"""C:\Program Files\Google\Chrome\Application\chrome.exe"" http://mail.trendset.com.ar.ci3.toservers.com/mua/181.143.31.2028037/sucursalpersonas.transaccionesbancolombia.com/mua/
PID:3916",FileEvent,Read,2021-10-08 17:15:55.128,53248
"""C:\Program Files\Google\Chrome\Application\chrome.exe"" http://mail.trendset.com.ar.ci3.toservers.com/mua/181.143.31.2028037/sucursalpersonas.transaccionesbancolombia.com/mua/
PID:3916",C:\Users\jpdz\AppData\Local\Google\Chrome\User Data\Default\3a062052-9213-4417-a94c-e60383df3e63.tmp,FileEvent,Write,2021-10-08 17:16:05.177,7520
C:\Program Files\Google\Chrome\Application\94.0.4606.81\chrome_100_percent.pak,"""C:\Program Files\Google\Chrome\Application\chrome.exe"" http://mail.trendset.com.ar.ci3.toservers.com/mua/181.143.31.2028037/sucursalpersonas.transaccionesbancolombia.com/mua/
PID:3916",FileEvent,Read,2021-10-08 17:15:54.1,679936
C:\Windows\Prefetch\CHROME.EXE-5A1054AF.pf,"""C:\Program Files\Google\Chrome\Application\chrome.exe"" http://mail.trendset.com.ar.ci3.toservers.com/mua/181.143.31.2028037/sucursalpersonas.transaccionesbancolombia.com/mua/
PID:3916",FileEvent,Read,2021-10-08 17:15:43.798,18170
C:\Users\jpdz\AppData\Local\Google\Chrome\User Data\FileTypePolicies\45\manifest.fingerprint,"""C:\Program Files\Google\Chrome\Application\chrome.exe"" http://mail.trendset.com.ar.ci3.toservers.com/mua/181.143.31.2028037/sucursalpersonas.transaccionesbancolombia.com/mua/
PID:3916",FileEvent,Read,2021-10-08 17:15:44.388,8192
C:\Users\jpdz\AppData\Local\Google\Chrome\User Data\CertificateRevocation\6921\crl-set,"""C:\Program Files\Google\Chrome\Application\chrome.exe"" http://mail.trendset.com.ar.ci3.toservers.com/mua/181.143.31.2028037/sucursalpersonas.transaccionesbancolombia.com/mua/
PID:3916",FileEvent,Read,2021-10-08 17:15:55.127,28672
"""C:\Program Files\Google\Chrome\Application\chrome.exe"" http://mail.trendset.com.ar.ci3.toservers.com/mua/181.143.31.2028037/sucursalpersonas.transaccionesbancolombia.com/mua/
PID:3916",C:\Users\jpdz\AppData\Local\Google\Chrome\User Data\10a4e3db-c184-43ab-87a6-42fee8a33092.tmp,FileEvent,Write,2021-10-08 17:16:09.572,89932
"""C:\Program Files\Google\Chrome\Application\chrome.exe"" http://mail.trendset.com.ar.ci3.toservers.com/mua/181.143.31.2028037/sucursalpersonas.transaccionesbancolombia.com/mua/
PID:3916",C:\Users\jpdz\AppData\Local\Google\Chrome\User Data\BrowserMetrics\BrowserMetrics-61722603-F4C.pma,FileEvent,Delete,2021-10-08 17:15:53.969,0
C:\Users\jpdz\AppData\Local\Google\Chrome\User Data\BrowserMetrics\BrowserMetrics-61722603-F4C.pma,"""C:\Program Files\Google\Chrome\Application\chrome.exe"" http://mail.trendset.com.ar.ci3.toservers.com/mua/181.143.31.2028037/sucursalpersonas.transaccionesbancolombia.com/mua/
PID:3916",FileEvent,Read,2021-10-08 17:15:44.139,229376
"""C:\Program Files\Google\Chrome\Application\chrome.exe"" http://mail.trendset.com.ar.ci3.toservers.com/mua/181.143.31.2028037/sucursalpersonas.transaccionesbancolombia.com/mua/
PID:3916",C:\Users\jpdz\AppData\Local\Google\Chrome\User Data\Default\Code Cache\js\5868dcd80af655cd_0,FileEvent,Write,2021-10-08 17:15:51.714,384
C:\Users\jpdz\AppData\Local\Google\Chrome\User Data\Default\Sync Data\LevelDB\CURRENT,"""C:\Program Files\Google\Chrome\Application\chrome.exe"" http://mail.trendset.com.ar.ci3.toservers.com/mua/181.143.31.2028037/sucursalpersonas.transaccionesbancolombia.com/mua/
PID:3916",FileEvent,Read,2021-10-08 17:15:44.380,16384
C:\Users\jpdz\AppData\Local\Google\Chrome\User Data\Last Version,"""C:\Program Files\Google\Chrome\Application\chrome.exe"" http://mail.trendset.com.ar.ci3.toservers.com/mua/181.143.31.2028037/sucursalpersonas.transaccionesbancolombia.com/mua/
PID:3916",FileEvent,Read,2021-10-08 17:15:44.359,8192
"""C:\Program Files\Google\Chrome\Application\chrome.exe"" http://mail.trendset.com.ar.ci3.toservers.com/mua/181.143.31.2028037/sucursalpersonas.transaccionesbancolombia.com/mua/
PID:3916",C:\Users\jpdz\AppData\Local\Google\Chrome\User Data\Last Version,FileEvent,Write,2021-10-08 17:15:44.360,12
"""C:\Program Files\Google\Chrome\Application\chrome.exe"" http://mail.trendset.com.ar.ci3.toservers.com/mua/181.143.31.2028037/sucursalpersonas.transaccionesbancolombia.com/mua/
PID:3916",C:\Users\jpdz\AppData\Local\Google\Chrome\User Data\Default\LOG.old~RF31a27b.TMP,FileEvent,Delete,2021-10-08 17:15:55.518,0
C:\Users\jpdz\AppData\Local\Google\Chrome\User Data\ThirdPartyModuleList32\2018.7.19.1\manifest.json,"""C:\Program Files\Google\Chrome\Application\chrome.exe"" http://mail.trendset.com.ar.ci3.toservers.com/mua/181.143.31.2028037/sucursalpersonas.transaccionesbancolombia.com/mua/
PID:3916",FileEvent,Read,2021-10-08 17:15:44.389,8192
C:\Users\jpdz\AppData\Local\Google\Chrome\User Data\Default\Login Data For Account,"""C:\Program Files\Google\Chrome\Application\chrome.exe"" http://mail.trendset.com.ar.ci3.toservers.com/mua/181.143.31.2028037/sucursalpersonas.transaccionesbancolombia.com/mua/
PID:3916",FileEvent,Read,2021-10-08 17:15:44.377,12388
C:\Program Files\Google\Chrome\Application\94.0.4606.81\chrome_200_percent.pak,"""C:\Program Files\Google\Chrome\Application\chrome.exe"" http://mail.trendset.com.ar.ci3.toservers.com/mua/181.143.31.2028037/sucursalpersonas.transaccionesbancolombia.com/mua/
PID:3916",FileEvent,Read,2021-10-08 17:15:54.5,1056768
"""C:\Program Files\Google\Chrome\Application\chrome.exe"" http://mail.trendset.com.ar.ci3.toservers.com/mua/181.143.31.2028037/sucursalpersonas.transaccionesbancolombia.com/mua/
PID:3916",C:\Users\jpdz\AppData\Local\Google\Chrome\User Data\Default\Code Cache\js\4bcf670400972667_0,FileEvent,Write,2021-10-08 17:15:50.402,588
C:\Users\jpdz\AppData\Local\Google\Chrome\User Data\PKIMetadata\51\manifest.json,"""C:\Program Files\Google\Chrome\Application\chrome.exe"" http://mail.trendset.com.ar.ci3.toservers.com/mua/181.143.31.2028037/sucursalpersonas.transaccionesbancolombia.com/mua/
PID:3916",FileEvent,Read,2021-10-08 17:15:44.389,8192
C:\Users\jpdz\AppData\Local\Google\Chrome\User Data\ZxcvbnData\1\us_tv_and_film.txt,"""C:\Program Files\Google\Chrome\Application\chrome.exe"" http://mail.trendset.com.ar.ci3.toservers.com/mua/181.143.31.2028037/sucursalpersonas.transaccionesbancolombia.com/mua/
PID:3916",FileEvent,Read,2021-10-08 17:15:55.134,172032
C:\Users\jpdz\AppData\Local\Google\Chrome\User Data\Default\Login Data,"""C:\Program Files\Google\Chrome\Application\chrome.exe"" http://mail.trendset.com.ar.ci3.toservers.com/mua/181.143.31.2028037/sucursalpersonas.transaccionesbancolombia.com/mua/
PID:3916",FileEvent,Read,2021-10-08 17:15:44.377,12388
"""C:\Program Files\Google\Chrome\Application\chrome.exe"" http://mail.trendset.com.ar.ci3.toservers.com/mua/181.143.31.2028037/sucursalpersonas.transaccionesbancolombia.com/mua/
PID:3916",C:\Users\jpdz\AppData\Local\Google\Chrome\User Data\Default\blob_storage\e2d218cb-e870-449a-9367-24384cf9c19a,FileEvent,Delete,2021-10-08 17:15:53.959,0
"""C:\Program Files\Google\Chrome\Application\chrome.exe"" http://mail.trendset.com.ar.ci3.toservers.com/mua/181.143.31.2028037/sucursalpersonas.transaccionesbancolombia.com/mua/
PID:3916",C:\Users\jpdz\AppData\Local\Temp\Cab99A2.tmp,FileEvent,Delete,2021-10-08 17:15:53.249,0
C:\Users\jpdz\AppData\Local\Temp\Cab99A2.tmp,"""C:\Program Files\Google\Chrome\Application\chrome.exe"" http://mail.trendset.com.ar.ci3.toservers.com/mua/181.143.31.2028037/sucursalpersonas.transaccionesbancolombia.com/mua/
PID:3916",FileEvent,Read,2021-10-08 17:15:53.248,61400
"""C:\Program Files\Google\Chrome\Application\chrome.exe"" http://mail.trendset.com.ar.ci3.toservers.com/mua/181.143.31.2028037/sucursalpersonas.transaccionesbancolombia.com/mua/
PID:3916",C:\Users\jpdz\AppData\Local\Temp\Cab99A2.tmp,FileEvent,Write,2021-10-08 17:15:53.247,61157
C:\Users\jpdz\AppData\Local\Google\Chrome\User Data\Default\Network Action Predictor,"""C:\Program Files\Google\Chrome\Application\chrome.exe"" http://mail.trendset.com.ar.ci3.toservers.com/mua/181.143.31.2028037/sucursalpersonas.transaccionesbancolombia.com/mua/
PID:3916",FileEvent,Read,2021-10-08 17:15:54.10,2101348
"""C:\Program Files\Google\Chrome\Application\chrome.exe"" http://mail.trendset.com.ar.ci3.toservers.com/mua/181.143.31.2028037/sucursalpersonas.transaccionesbancolombia.com/mua/
PID:3916",C:\Users\jpdz\AppData\Local\Google\Chrome\User Data\Local State~RF31788d.TMP,FileEvent,Delete,2021-10-08 17:15:44.786,0
C:\Users\jpdz\AppData\Local\Google\Chrome\User Data\CertificateRevocation\6921\manifest.fingerprint,"""C:\Program Files\Google\Chrome\Application\chrome.exe"" http://mail.trendset.com.ar.ci3.toservers.com/mua/181.143.31.2028037/sucursalpersonas.transaccionesbancolombia.com/mua/
PID:3916",FileEvent,Read,2021-10-08 17:15:44.388,8192
"""C:\Program Files\Google\Chrome\Application\chrome.exe"" http://mail.trendset.com.ar.ci3.toservers.com/mua/181.143.31.2028037/sucursalpersonas.transaccionesbancolombia.com/mua/
PID:3916",C:\Users\jpdz\AppData\Local\Google\Chrome\User Data\Default\Preferences~RF31a142.TMP,FileEvent,Delete,2021-10-08 17:15:55.196,0
C:\Users\jpdz\AppData\Local\Google\Chrome\User Data\Default\shared_proto_db\CURRENT,"""C:\Program Files\Google\Chrome\Application\chrome.exe"" http://mail.trendset.com.ar.ci3.toservers.com/mua/181.143.31.2028037/sucursalpersonas.transaccionesbancolombia.com/mua/
PID:3916",FileEvent,Read,2021-10-08 17:15:55.445,16384
C:\Users\jpdz\AppData\Local\Google\Chrome\User Data\AutofillRegex\2021.8.17.1300\manifest.json,"""C:\Program Files\Google\Chrome\Application\chrome.exe"" http://mail.trendset.com.ar.ci3.toservers.com/mua/181.143.31.2028037/sucursalpersonas.transaccionesbancolombia.com/mua/
PID:3916",FileEvent,Read,2021-10-08 17:15:44.394,8192
"""C:\Program Files\Google\Chrome\Application\chrome.exe"" http://mail.trendset.com.ar.ci3.toservers.com/mua/181.143.31.2028037/sucursalpersonas.transaccionesbancolombia.com/mua/
PID:3916",C:\Users\jpdz\AppData\Local\Google\Chrome\User Data\Default\GCM Store\Encryption\LOG.old~RF31a142.TMP,FileEvent,Delete,2021-10-08 17:15:55.203,0
"""C:\Program Files\Google\Chrome\Application\chrome.exe"" http://mail.trendset.com.ar.ci3.toservers.com/mua/181.143.31.2028037/sucursalpersonas.transaccionesbancolombia.com/mua/
PID:3916",C:\Users\jpdz\AppData\Local\Temp\Tar92EC.tmp,FileEvent,Delete,2021-10-08 17:15:51.562,0
C:\Users\jpdz\AppData\Local\Temp\Tar92EC.tmp,"""C:\Program Files\Google\Chrome\Application\chrome.exe"" http://mail.trendset.com.ar.ci3.toservers.com/mua/181.143.31.2028037/sucursalpersonas.transaccionesbancolombia.com/mua/
PID:3916",FileEvent,Read,2021-10-08 17:15:51.562,161007
"""C:\Program Files\Google\Chrome\Application\chrome.exe"" http://mail.trendset.com.ar.ci3.toservers.com/mua/181.143.31.2028037/sucursalpersonas.transaccionesbancolombia.com/mua/
PID:3916",C:\Users\jpdz\AppData\Local\Temp\Tar92EC.tmp,FileEvent,Write,2021-10-08 17:15:51.560,226543
"""C:\Program Files\Google\Chrome\Application\chrome.exe"" http://mail.trendset.com.ar.ci3.toservers.com/mua/181.143.31.2028037/sucursalpersonas.transaccionesbancolombia.com/mua/
PID:3916",C:\Users\jpdz\AppData\Local\Google\Chrome\User Data\Default\Code Cache\js\697f970dc4c58c87_0,FileEvent,Write,2021-10-08 17:15:50.427,580
C:\Users\jpdz\AppData\Local\Google\Chrome\User Data\Crowd Deny\2021.10.11.1142\Preload Data,"""C:\Program Files\Google\Chrome\Application\chrome.exe"" http://mail.trendset.com.ar.ci3.toservers.com/mua/181.143.31.2028037/sucursalpersonas.transaccionesbancolombia.com/mua/
PID:3916",FileEvent,Read,2021-10-08 17:15:44.525,20480
C:\Windows\system32\spool\drivers\color\sRGB Color Space Profile.icm,"""C:\Program Files\Google\Chrome\Application\chrome.exe"" http://mail.trendset.com.ar.ci3.toservers.com/mua/181.143.31.2028037/sucursalpersonas.transaccionesbancolombia.com/mua/
PID:3916",FileEvent,Read,2021-10-08 17:15:44.424,8192
C:\Users\jpdz\AppData\Local\Google\Chrome\User Data\OriginTrials\1.0.0.9\manifest.fingerprint,"""C:\Program Files\Google\Chrome\Application\chrome.exe"" http://mail.trendset.com.ar.ci3.toservers.com/mua/181.143.31.2028037/sucursalpersonas.transaccionesbancolombia.com/mua/
PID:3916",FileEvent,Read,2021-10-08 17:15:44.388,8192
"""C:\Program Files\Google\Chrome\Application\chrome.exe"" http://mail.trendset.com.ar.ci3.toservers.com/mua/181.143.31.2028037/sucursalpersonas.transaccionesbancolombia.com/mua/
PID:3916",C:\Users\jpdz\AppData\Local\Google\Chrome\User Data\Default\Sessions\Session_13279344390492790,FileEvent,Write,2021-10-08 17:15:46.893,13525
"""C:\Program Files\Google\Chrome\Application\chrome.exe"" http://mail.trendset.com.ar.ci3.toservers.com/mua/181.143.31.2028037/sucursalpersonas.transaccionesbancolombia.com/mua/
PID:3916","""C:\Program Files\Google\Chrome\Application\chrome.exe"" --type=gpu-process --field-trial-handle=1028,4436203683500343130,7195691390616061411,131072 --gpu-preferences=UAAAAAAAAADgAAAIAAAAAAAAAAAAAAAAAABgAIAAAAAwAAAAAAAAAAAAAAAAAAAAAAAAAAAAAAAAAAAAAAAAAHgAAAAAAAAAeAAAAAAAAAAoAAAABAAAACAAAAAAAAAAKAAAAAAAAAAwAAAAAAAAADgAAAAAAAAAEAAAAAAAAAAAAAAADQAAABAAAAAAAAAAAQAAAA0AAAAQAAAAAAAAAAQAAAANAAAAEAAAAAAAAAAHAAAADQAAAAgAAAAAAAAACAAAAAAAAAA= --mojo-platform-channel-handle=1052 /prefetch:2
PID:3116",ProcessEvent,Create,2021-10-08 17:15:44.155,
"""C:\Program Files\Google\Chrome\Application\chrome.exe"" http://mail.trendset.com.ar.ci3.toservers.com/mua/181.143.31.2028037/sucursalpersonas.transaccionesbancolombia.com/mua/
PID:3916","""C:\Program Files\Google\Chrome\Application\chrome.exe"" --type=gpu-process --field-trial-handle=1028,4436203683500343130,7195691390616061411,131072 --gpu-preferences=UAAAAAAAAADgAAAIAAAAAAAAAAAAAAAAAABgAIAAAAAwAAAAAAAAAAAAAAAAAAAAAAAAAAAAAAAAAAAAAAAAAHgAAAAAAAAAeAAAAAAAAAAoAAAABAAAACAAAAAAAAAAKAAAAAAAAAAwAAAAAAAAADgAAAAAAAAAEAAAAAAAAAAAAAAADQAAABAAAAAAAAAAAQAAAA0AAAAQAAAAAAAAAAQAAAANAAAAEAAAAAAAAAAHAAAADQAAAAgAAAAAAAAACAAAAAAAAAA= --use-gl=angle --use-angle=swiftshader-webgl --mojo-platform-channel-handle=1
PID:3420",ProcessEvent,Create,2021-10-08 17:15:45.339,
"""C:\Program Files\Google\Chrome\Application\chrome.exe"" http://mail.trendset.com.ar.ci3.toservers.com/mua/181.143.31.2028037/sucursalpersonas.transaccionesbancolombia.com/mua/
PID:3916",C:\Users\jpdz\AppData\Local\Temp\Tar9A06.tmp,FileEvent,Delete,2021-10-08 17:15:53.354,0
"""C:\Program Files\Google\Chrome\Application\chrome.exe"" http://mail.trendset.com.ar.ci3.toservers.com/mua/181.143.31.2028037/sucursalpersonas.transaccionesbancolombia.com/mua/
PID:3916",C:\Users\jpdz\AppData\Local\Temp\Tar9A06.tmp,FileEvent,Write,2021-10-08 17:15:53.352,226543
C:\Users\jpdz\AppData\Local\Temp\Tar9A06.tmp,"""C:\Program Files\Google\Chrome\Application\chrome.exe"" http://mail.trendset.com.ar.ci3.toservers.com/mua/181.143.31.2028037/sucursalpersonas.transaccionesbancolombia.com/mua/
PID:3916",FileEvent,Read,2021-10-08 17:15:53.353,161007
C:\Users\jpdz\AppData\LocalLow\Microsoft\CryptnetUrlCache\MetaData\CAF4703619713E3F18D8A9D5D88D6288_A7725538C46DE2D0088EE44974E2CEBA,"""C:\Program Files\Google\Chrome\Application\chrome.exe"" http://mail.trendset.com.ar.ci3.toservers.com/mua/181.143.31.2028037/sucursalpersonas.transaccionesbancolombia.com/mua/
PID:3916",FileEvent,Read,2021-10-08 17:15:44.694,392
C:\Users\jpdz\AppData\Local\Google\Chrome\User Data\Default\GCM Store\Encryption\000003.log,"""C:\Program Files\Google\Chrome\Application\chrome.exe"" http://mail.trendset.com.ar.ci3.toservers.com/mua/181.143.31.2028037/sucursalpersonas.transaccionesbancolombia.com/mua/
PID:3916",FileEvent,Read,2021-10-08 17:15:55.363,32768
C:\Program Files\Google\Chrome\Application\94.0.4606.81\chrome.dll,"""C:\Program Files\Google\Chrome\Application\chrome.exe"" http://mail.trendset.com.ar.ci3.toservers.com/mua/181.143.31.2028037/sucursalpersonas.transaccionesbancolombia.com/mua/
PID:3916",FileEvent,Read,2021-10-08 17:15:43.812,150994944
C:\Users\jpdz\AppData\Local\Google\Chrome\User Data\TrustTokenKeyCommitments\2021.10.17.2\manifest.fingerprint,"""C:\Program Files\Google\Chrome\Application\chrome.exe"" http://mail.trendset.com.ar.ci3.toservers.com/mua/181.143.31.2028037/sucursalpersonas.transaccionesbancolombia.com/mua/
PID:3916",FileEvent,Read,2021-10-08 17:15:44.388,8192
"""C:\Program Files\Google\Chrome\Application\chrome.exe"" http://mail.trendset.com.ar.ci3.toservers.com/mua/181.143.31.2028037/sucursalpersonas.transaccionesbancolombia.com/mua/
PID:3916",C:\Users\jpdz\AppData\Local\Google\Chrome\User Data\Default\Extension State\LOG.old~RF3177c1.TMP,FileEvent,Delete,2021-10-08 17:15:44.581,0
"""C:\Program Files\Google\Chrome\Application\chrome.exe"" http://mail.trendset.com.ar.ci3.toservers.com/mua/181.143.31.2028037/sucursalpersonas.transaccionesbancolombia.com/mua/
PID:3916",C:\Users\jpdz\AppData\Local\Google\Chrome\User Data\Default\Preferences~RF317bf8.TMP,FileEvent,Delete,2021-10-08 17:15:45.652,0
"""C:\Program Files\Google\Chrome\Application\chrome.exe"" http://mail.trendset.com.ar.ci3.toservers.com/mua/181.143.31.2028037/sucursalpersonas.transaccionesbancolombia.com/mua/
PID:3916",C:\Users\jpdz\AppData\Local\Temp\Tar99A3.tmp,FileEvent,Delete,2021-10-08 17:15:53.249,0
C:\Users\jpdz\AppData\Local\Temp\Tar99A3.tmp,"""C:\Program Files\Google\Chrome\Application\chrome.exe"" http://mail.trendset.com.ar.ci3.toservers.com/mua/181.143.31.2028037/sucursalpersonas.transaccionesbancolombia.com/mua/
PID:3916",FileEvent,Read,2021-10-08 17:15:53.249,161007
"""C:\Program Files\Google\Chrome\Application\chrome.exe"" http://mail.trendset.com.ar.ci3.toservers.com/mua/181.143.31.2028037/sucursalpersonas.transaccionesbancolombia.com/mua/
PID:3916",C:\Users\jpdz\AppData\Local\Temp\Tar99A3.tmp,FileEvent,Write,2021-10-08 17:15:53.248,226543
"""C:\Program Files\Google\Chrome\Application\chrome.exe"" http://mail.trendset.com.ar.ci3.toservers.com/mua/181.143.31.2028037/sucursalpersonas.transaccionesbancolombia.com/mua/
PID:3916",C:\Users\jpdz\AppData\Local\Google\Chrome\User Data\Last Browser,FileEvent,Write,2021-10-08 17:15:54.11,106
C:\Windows\system32\EhStorShell.dll,"""C:\Program Files\Google\Chrome\Application\chrome.exe"" http://mail.trendset.com.ar.ci3.toservers.com/mua/181.143.31.2028037/sucursalpersonas.transaccionesbancolombia.com/mua/
PID:3916",FileEvent,Read,2021-10-08 17:15:55.433,4096
"""C:\Program Files\Google\Chrome\Application\chrome.exe"" http://mail.trendset.com.ar.ci3.toservers.com/mua/181.143.31.2028037/sucursalpersonas.transaccionesbancolombia.com/mua/
PID:3916",C:\Users\jpdz\AppData\Local\Google\Chrome\User Data\BrowserMetrics\BrowserMetrics-616D3BAE-F30.pma,FileEvent,Delete,2021-10-08 17:15:53.968,0
C:\Users\jpdz\AppData\Local\Google\Chrome\User Data\Floc\1.0.6\manifest.json,"""C:\Program Files\Google\Chrome\Application\chrome.exe"" http://mail.trendset.com.ar.ci3.toservers.com/mua/181.143.31.2028037/sucursalpersonas.transaccionesbancolombia.com/mua/
PID:3916",FileEvent,Read,2021-10-08 17:15:44.387,8192
C:\Users\jpdz\AppData\Local\Google\Chrome\User Data\Default\Extension State\MANIFEST-000001,"""C:\Program Files\Google\Chrome\Application\chrome.exe"" http://mail.trendset.com.ar.ci3.toservers.com/mua/181.143.31.2028037/sucursalpersonas.transaccionesbancolombia.com/mua/
PID:3916",FileEvent,Read,2021-10-08 17:15:44.581,32768
"""C:\Program Files\Google\Chrome\Application\chrome.exe"" http://mail.trendset.com.ar.ci3.toservers.com/mua/181.143.31.2028037/sucursalpersonas.transaccionesbancolombia.com/mua/
PID:3916",C:\Users\jpdz\AppData\Local\Google\Chrome\User Data\Default\Code Cache\js\e4f38ae1cdc10d66_0,FileEvent,Write,2021-10-08 17:15:50.407,584
"""C:\Program Files\Google\Chrome\Application\chrome.exe"" http://mail.trendset.com.ar.ci3.toservers.com/mua/181.143.31.2028037/sucursalpersonas.transaccionesbancolombia.com/mua/
PID:3916",C:\Users\jpdz\AppData\Local\Google\Chrome\User Data\c0b2a50c-06a9-4457-96bb-ebb8e0c8f903.tmp,FileEvent,Write,2021-10-08 17:15:54.396,89932
C:\Windows\system32\colorui.dll,"""C:\Program Files\Google\Chrome\Application\chrome.exe"" http://mail.trendset.com.ar.ci3.toservers.com/mua/181.143.31.2028037/sucursalpersonas.transaccionesbancolombia.com/mua/
PID:3916",FileEvent,Read,2021-10-08 17:15:55.434,4096
"""C:\Program Files\Google\Chrome\Application\chrome.exe"" http://mail.trendset.com.ar.ci3.toservers.com/mua/181.143.31.2028037/sucursalpersonas.transaccionesbancolombia.com/mua/
PID:3916",C:\Users\jpdz\AppData\Local\Temp\Tar934D.tmp,FileEvent,Delete,2021-10-08 17:15:51.650,0
C:\Users\jpdz\AppData\Local\Temp\Tar934D.tmp,"""C:\Program Files\Google\Chrome\Application\chrome.exe"" http://mail.trendset.com.ar.ci3.toservers.com/mua/181.143.31.2028037/sucursalpersonas.transaccionesbancolombia.com/mua/
PID:3916",FileEvent,Read,2021-10-08 17:15:51.650,161007
"""C:\Program Files\Google\Chrome\Application\chrome.exe"" http://mail.trendset.com.ar.ci3.toservers.com/mua/181.143.31.2028037/sucursalpersonas.transaccionesbancolombia.com/mua/
PID:3916",C:\Users\jpdz\AppData\Local\Temp\Tar934D.tmp,FileEvent,Write,2021-10-08 17:15:51.649,226543
"""C:\Program Files\Google\Chrome\Application\chrome.exe"" http://mail.trendset.com.ar.ci3.toservers.com/mua/181.143.31.2028037/sucursalpersonas.transaccionesbancolombia.com/mua/
PID:3916",C:\Users\jpdz\AppData\Local\Google\Chrome\User Data\Default\shared_proto_db\metadata\LOG,FileEvent,Write,2021-10-08 17:15:55.442,520
C:\Users\jpdz\AppData\Local\Google\Chrome\User Data\OriginTrials\1.0.0.9\manifest.json,"""C:\Program Files\Google\Chrome\Application\chrome.exe"" http://mail.trendset.com.ar.ci3.toservers.com/mua/181.143.31.2028037/sucursalpersonas.transaccionesbancolombia.com/mua/
PID:3916",FileEvent,Read,2021-10-08 17:15:44.388,8192
C:\Windows\system32\cryptext.dll,"""C:\Program Files\Google\Chrome\Application\chrome.exe"" http://mail.trendset.com.ar.ci3.toservers.com/mua/181.143.31.2028037/sucursalpersonas.transaccionesbancolombia.com/mua/
PID:3916",FileEvent,Read,2021-10-08 17:15:55.433,4096
"""C:\Program Files\Google\Chrome\Application\chrome.exe"" http://mail.trendset.com.ar.ci3.toservers.com/mua/181.143.31.2028037/sucursalpersonas.transaccionesbancolombia.com/mua/
PID:3916",C:\Users\jpdz\AppData\Local\Temp\Cab9990.tmp,FileEvent,Delete,2021-10-08 17:15:53.232,0
"""C:\Program Files\Google\Chrome\Application\chrome.exe"" http://mail.trendset.com.ar.ci3.toservers.com/mua/181.143.31.2028037/sucursalpersonas.transaccionesbancolombia.com/mua/
PID:3916",C:\Users\jpdz\AppData\Local\Temp\Cab9990.tmp,FileEvent,Write,2021-10-08 17:15:53.230,61157
C:\Users\jpdz\AppData\Local\Temp\Cab9990.tmp,"""C:\Program Files\Google\Chrome\Application\chrome.exe"" http://mail.trendset.com.ar.ci3.toservers.com/mua/181.143.31.2028037/sucursalpersonas.transaccionesbancolombia.com/mua/
PID:3916",FileEvent,Read,2021-10-08 17:15:53.230,61400
C:\Users\jpdz\AppData\Local\Google\Chrome\User Data\Default\Preferences,"""C:\Program Files\Google\Chrome\Application\chrome.exe"" http://mail.trendset.com.ar.ci3.toservers.com/mua/181.143.31.2028037/sucursalpersonas.transaccionesbancolombia.com/mua/
PID:3916",FileEvent,Read,2021-10-08 17:15:44.365,12288
"""C:\Program Files\Google\Chrome\Application\chrome.exe"" http://mail.trendset.com.ar.ci3.toservers.com/mua/181.143.31.2028037/sucursalpersonas.transaccionesbancolombia.com/mua/
PID:3916","""C:\Program Files\Google\Chrome\Application\chrome.exe"" --type=renderer --disable-client-side-phishing-detection --cross-origin-webassembly-module-sharing-allowed --display-capture-permissions-policy-allowed --field-trial-handle=1028,4436203683500343130,7195691390616061411,131072 --lang=zh-CN --device-scale-factor=1 --num-raster-threads=1 --renderer-client-id=6 --no-v8-untrusted-code-mitigations --mojo-platform-channel-handle=1968 /prefetch:1
PID:3584",ProcessEvent,Create,2021-10-08 17:15:44.399,
C:\Users\jpdz\AppData\Local\Google\Chrome\User Data\Default\GPUCache\data_0,"""C:\Program Files\Google\Chrome\Application\chrome.exe"" http://mail.trendset.com.ar.ci3.toservers.com/mua/181.143.31.2028037/sucursalpersonas.transaccionesbancolombia.com/mua/
PID:3916",FileEvent,Read,2021-10-08 17:15:44.399,16384
"""C:\Program Files\Google\Chrome\Application\chrome.exe"" http://mail.trendset.com.ar.ci3.toservers.com/mua/181.143.31.2028037/sucursalpersonas.transaccionesbancolombia.com/mua/
PID:3916",C:\Users\jpdz\AppData\Local\Google\Chrome\User Data\Default\optimization_guide_model_and_features_store\LOG.old~RF31a142.TMP,FileEvent,Delete,2021-10-08 17:15:55.199,0
"""C:\Program Files\Google\Chrome\Application\chrome.exe"" http://mail.trendset.com.ar.ci3.toservers.com/mua/181.143.31.2028037/sucursalpersonas.transaccionesbancolombia.com/mua/
PID:3916",C:\Users\jpdz\AppData\Local\Google\Chrome\User Data\Default\Code Cache\js\fd55589f695452e4_0,FileEvent,Write,2021-10-08 17:15:51.201,596
C:\Users\jpdz\AppData\Local\Google\Chrome\User Data\AutofillStates\2020.11.2.164946\manifest.json,"""C:\Program Files\Google\Chrome\Application\chrome.exe"" http://mail.trendset.com.ar.ci3.toservers.com/mua/181.143.31.2028037/sucursalpersonas.transaccionesbancolombia.com/mua/
PID:3916",FileEvent,Read,2021-10-08 17:15:44.390,8192
C:\Users\jpdz\AppData\Local\Google\Chrome\User Data\Default\Sessions\Tabs_13279022482387234,"""C:\Program Files\Google\Chrome\Application\chrome.exe"" http://mail.trendset.com.ar.ci3.toservers.com/mua/181.143.31.2028037/sucursalpersonas.transaccionesbancolombia.com/mua/
PID:3916",FileEvent,Read,2021-10-08 17:15:44.386,5708
"""C:\Program Files\Google\Chrome\Application\chrome.exe"" http://mail.trendset.com.ar.ci3.toservers.com/mua/181.143.31.2028037/sucursalpersonas.transaccionesbancolombia.com/mua/
PID:3916",C:\Users\jpdz\AppData\Local\Google\Chrome\User Data\Default\Sync Data\LevelDB\LOG,FileEvent,Write,2021-10-08 17:15:44.380,499
C:\Users\jpdz\AppData\Local\Google\Chrome\User Data\hyphen-data\97.0.4673.0\manifest.fingerprint,"""C:\Program Files\Google\Chrome\Application\chrome.exe"" http://mail.trendset.com.ar.ci3.toservers.com/mua/181.143.31.2028037/sucursalpersonas.transaccionesbancolombia.com/mua/
PID:3916",FileEvent,Read,2021-10-08 17:15:44.390,8192
C:\Users\jpdz\AppData\Local\Google\Chrome\User Data\Subresource Filter\Unindexed Rules\9.30.0\manifest.json,"""C:\Program Files\Google\Chrome\Application\chrome.exe"" http://mail.trendset.com.ar.ci3.toservers.com/mua/181.143.31.2028037/sucursalpersonas.transaccionesbancolombia.com/mua/
PID:3916",FileEvent,Read,2021-10-08 17:15:44.387,8192
"""C:\Program Files\Google\Chrome\Application\chrome.exe"" http://mail.trendset.com.ar.ci3.toservers.com/mua/181.143.31.2028037/sucursalpersonas.transaccionesbancolombia.com/mua/
PID:3916",C:\Users\jpdz\AppData\Local\Temp\Cab9A05.tmp,FileEvent,Delete,2021-10-08 17:15:53.353,0
"""C:\Program Files\Google\Chrome\Application\chrome.exe"" http://mail.trendset.com.ar.ci3.toservers.com/mua/181.143.31.2028037/sucursalpersonas.transaccionesbancolombia.com/mua/
PID:3916",C:\Users\jpdz\AppData\Local\Temp\Cab9A05.tmp,FileEvent,Write,2021-10-08 17:15:53.351,61157
C:\Users\jpdz\AppData\Local\Temp\Cab9A05.tmp,"""C:\Program Files\Google\Chrome\Application\chrome.exe"" http://mail.trendset.com.ar.ci3.toservers.com/mua/181.143.31.2028037/sucursalpersonas.transaccionesbancolombia.com/mua/
PID:3916",FileEvent,Read,2021-10-08 17:15:53.352,61400
C:\Users\jpdz\AppData\Local\Google\Chrome\User Data\OptimizationHints\302\manifest.fingerprint,"""C:\Program Files\Google\Chrome\Application\chrome.exe"" http://mail.trendset.com.ar.ci3.toservers.com/mua/181.143.31.2028037/sucursalpersonas.transaccionesbancolombia.com/mua/
PID:3916",FileEvent,Read,2021-10-08 17:15:44.388,8192
C:\Users\jpdz\AppData\Local\Google\Chrome\User Data\FontLookupTableCache\font_unique_name_table.pb,"""C:\Program Files\Google\Chrome\Application\chrome.exe"" http://mail.trendset.com.ar.ci3.toservers.com/mua/181.143.31.2028037/sucursalpersonas.transaccionesbancolombia.com/mua/
PID:3916",FileEvent,Read,2021-10-08 17:15:55.123,24
C:\Users\jpdz\AppData\Local\Google\Chrome\User Data\Default\shared_proto_db\metadata\000003.log,"""C:\Program Files\Google\Chrome\Application\chrome.exe"" http://mail.trendset.com.ar.ci3.toservers.com/mua/181.143.31.2028037/sucursalpersonas.transaccionesbancolombia.com/mua/
PID:3916",FileEvent,Read,2021-10-08 17:15:55.443,32768
"""C:\Program Files\Google\Chrome\Application\chrome.exe"" http://mail.trendset.com.ar.ci3.toservers.com/mua/181.143.31.2028037/sucursalpersonas.transaccionesbancolombia.com/mua/
PID:3916",C:\Users\jpdz\AppData\Local\Google\Chrome\User Data\Default\shared_proto_db\metadata\000003.log,FileEvent,Write,2021-10-08 17:15:55.446,61
"""C:\Program Files\Google\Chrome\Application\chrome.exe"" http://mail.trendset.com.ar.ci3.toservers.com/mua/181.143.31.2028037/sucursalpersonas.transaccionesbancolombia.com/mua/
PID:3916",C:\Users\jpdz\AppData\Local\Google\Chrome\User Data\Default\Code Cache\js\c32cafaf4a25898e_0,FileEvent,Write,2021-10-08 17:15:51.236,572
C:\Users\jpdz\AppData\Local\Google\Chrome\User Data\ShaderCache\GPUCache\data_2,"""C:\Program Files\Google\Chrome\Application\chrome.exe"" http://mail.trendset.com.ar.ci3.toservers.com/mua/181.143.31.2028037/sucursalpersonas.transaccionesbancolombia.com/mua/
PID:3916",FileEvent,Read,2021-10-08 17:15:45.337,8192
C:\Users\jpdz\AppData\Local\Google\Chrome\User Data\TrustTokenKeyCommitments\2021.10.17.2\manifest.json,"""C:\Program Files\Google\Chrome\Application\chrome.exe"" http://mail.trendset.com.ar.ci3.toservers.com/mua/181.143.31.2028037/sucursalpersonas.transaccionesbancolombia.com/mua/
PID:3916",FileEvent,Read,2021-10-08 17:15:44.388,8192
C:\Users\jpdz\AppData\LocalLow\Microsoft\CryptnetUrlCache\MetaData\3C428B1A3E5F57D887EC4B864FAC5DCC,"""C:\Program Files\Google\Chrome\Application\chrome.exe"" http://mail.trendset.com.ar.ci3.toservers.com/mua/181.143.31.2028037/sucursalpersonas.transaccionesbancolombia.com/mua/
PID:3916",FileEvent,Read,2021-10-08 17:15:51.557,252
"""C:\Program Files\Google\Chrome\Application\chrome.exe"" http://mail.trendset.com.ar.ci3.toservers.com/mua/181.143.31.2028037/sucursalpersonas.transaccionesbancolombia.com/mua/
PID:3916","""C:\Program Files\Google\Chrome\Application\chrome.exe"" --type=utility --utility-sub-type=network.mojom.NetworkService --field-trial-handle=1028,4436203683500343130,7195691390616061411,131072 --lang=zh-CN --service-sandbox-type=none --mojo-platform-channel-handle=1372 /prefetch:8
PID:1236",ProcessEvent,Create,2021-10-08 17:15:44.158,
C:\Users\jpdz\AppData\Local\Google\Chrome\User Data\SafetyTips\2716\manifest.fingerprint,"""C:\Program Files\Google\Chrome\Application\chrome.exe"" http://mail.trendset.com.ar.ci3.toservers.com/mua/181.143.31.2028037/sucursalpersonas.transaccionesbancolombia.com/mua/
PID:3916",FileEvent,Read,2021-10-08 17:15:44.390,8192
C:\Users\jpdz\AppData\Local\Google\Chrome\User Data\Local State,"""C:\Program Files\Google\Chrome\Application\chrome.exe"" http://mail.trendset.com.ar.ci3.toservers.com/mua/181.143.31.2028037/sucursalpersonas.transaccionesbancolombia.com/mua/
PID:3916",FileEvent,Read,2021-10-08 17:15:44.130,53248
C:\Users\jpdz\AppData\Local\Google\Chrome\User Data\Default\Sync Data\LevelDB\000003.log,"""C:\Program Files\Google\Chrome\Application\chrome.exe"" http://mail.trendset.com.ar.ci3.toservers.com/mua/181.143.31.2028037/sucursalpersonas.transaccionesbancolombia.com/mua/
PID:3916",FileEvent,Read,2021-10-08 17:15:44.380,32768
C:\Users\jpdz\AppData\Local\Google\Chrome\User Data\ZxcvbnData\1\english_wikipedia.txt,"""C:\Program Files\Google\Chrome\Application\chrome.exe"" http://mail.trendset.com.ar.ci3.toservers.com/mua/181.143.31.2028037/sucursalpersonas.transaccionesbancolombia.com/mua/
PID:3916",FileEvent,Read,2021-10-08 17:15:55.134,282624
C:\Windows\System32\Speech\Common\sapi.dll,"""C:\Program Files\Google\Chrome\Application\chrome.exe"" http://mail.trendset.com.ar.ci3.toservers.com/mua/181.143.31.2028037/sucursalpersonas.transaccionesbancolombia.com/mua/
PID:3916",FileEvent,Read,2021-10-08 17:15:56.996,109056
"""C:\Program Files\Google\Chrome\Application\chrome.exe"" http://mail.trendset.com.ar.ci3.toservers.com/mua/181.143.31.2028037/sucursalpersonas.transaccionesbancolombia.com/mua/
PID:3916","""C:\Program Files\Google\Chrome\Application\chrome.exe"" --type=utility --utility-sub-type=storage.mojom.StorageService --field-trial-handle=1028,4436203683500343130,7195691390616061411,131072 --lang=zh-CN --service-sandbox-type=utility --mojo-platform-channel-handle=1508 /prefetch:8
PID:292",ProcessEvent,Create,2021-10-08 17:15:44.384,
C:\Users\jpdz\AppData\Local\Google\Chrome\User Data\SafetyTips\2716\manifest.json,"""C:\Program Files\Google\Chrome\Application\chrome.exe"" http://mail.trendset.com.ar.ci3.toservers.com/mua/181.143.31.2028037/sucursalpersonas.transaccionesbancolombia.com/mua/
PID:3916",FileEvent,Read,2021-10-08 17:15:44.389,8192
C:\Users\jpdz\AppData\Local\Google\Chrome\User Data\FileTypePolicies\45\manifest.json,"""C:\Program Files\Google\Chrome\Application\chrome.exe"" http://mail.trendset.com.ar.ci3.toservers.com/mua/181.143.31.2028037/sucursalpersonas.transaccionesbancolombia.com/mua/
PID:3916",FileEvent,Read,2021-10-08 17:15:44.388,8192
"""C:\Program Files\Google\Chrome\Application\chrome.exe"" http://mail.trendset.com.ar.ci3.toservers.com/mua/181.143.31.2028037/sucursalpersonas.transaccionesbancolombia.com/mua/
PID:3916",122.205.109.43,IpChannelEvent,TcpIpConnect,2021-10-08 17:15:51.605,0
"""C:\Program Files\Google\Chrome\Application\chrome.exe"" http://mail.trendset.com.ar.ci3.toservers.com/mua/181.143.31.2028037/sucursalpersonas.transaccionesbancolombia.com/mua/
PID:3916",122.205.109.43,IpChannelEvent,TcpIpSend,2021-10-08 17:15:51.606,1794
122.205.109.43,"""C:\Program Files\Google\Chrome\Application\chrome.exe"" http://mail.trendset.com.ar.ci3.toservers.com/mua/181.143.31.2028037/sucursalpersonas.transaccionesbancolombia.com/mua/
PID:3916",IpChannelEvent,TcpIpRecv,2021-10-08 17:15:51.628,3006
"""C:\Program Files\Google\Chrome\Application\chrome.exe"" http://mail.trendset.com.ar.ci3.toservers.com/mua/181.143.31.2028037/sucursalpersonas.transaccionesbancolombia.com/mua/
PID:3916",C:\Users\jpdz\AppData\Local\Google\Chrome\User Data\Default\data_reduction_proxy_leveldb\LOG.old~RF319c51.TMP,FileEvent,Delete,2021-10-08 17:15:53.974,0
"""C:\Program Files\Google\Chrome\Application\chrome.exe"" http://mail.trendset.com.ar.ci3.toservers.com/mua/181.143.31.2028037/sucursalpersonas.transaccionesbancolombia.com/mua/
PID:3916",C:\Users\jpdz\AppData\Local\Temp\Cab933B.tmp,FileEvent,Delete,2021-10-08 17:15:51.632,0
C:\Users\jpdz\AppData\Local\Temp\Cab933B.tmp,"""C:\Program Files\Google\Chrome\Application\chrome.exe"" http://mail.trendset.com.ar.ci3.toservers.com/mua/181.143.31.2028037/sucursalpersonas.transaccionesbancolombia.com/mua/
PID:3916",FileEvent,Read,2021-10-08 17:15:51.630,61400
"""C:\Program Files\Google\Chrome\Application\chrome.exe"" http://mail.trendset.com.ar.ci3.toservers.com/mua/181.143.31.2028037/sucursalpersonas.transaccionesbancolombia.com/mua/
PID:3916",C:\Users\jpdz\AppData\Local\Temp\Cab933B.tmp,FileEvent,Write,2021-10-08 17:15:51.630,61157
C:\Users\jpdz\AppData\Local\Google\Chrome\User Data\ZxcvbnData\1\passwords.txt,"""C:\Program Files\Google\Chrome\Application\chrome.exe"" http://mail.trendset.com.ar.ci3.toservers.com/mua/181.143.31.2028037/sucursalpersonas.transaccionesbancolombia.com/mua/
PID:3916",FileEvent,Read,2021-10-08 17:15:55.134,249856
C:\Program Files\Google\Chrome\Application\94.0.4606.81\MEIPreload\manifest.json,"""C:\Program Files\Google\Chrome\Application\chrome.exe"" http://mail.trendset.com.ar.ci3.toservers.com/mua/181.143.31.2028037/sucursalpersonas.transaccionesbancolombia.com/mua/
PID:3916",FileEvent,Read,2021-10-08 17:15:44.389,8192
"""C:\Program Files\Google\Chrome\Application\chrome.exe"" http://mail.trendset.com.ar.ci3.toservers.com/mua/181.143.31.2028037/sucursalpersonas.transaccionesbancolombia.com/mua/
PID:3916",C:\Users\jpdz\AppData\Local\Google\Chrome\User Data\Default\Preferences~RF31ca08.TMP,FileEvent,Delete,2021-10-08 17:16:05.543,0
C:\Users\jpdz\AppData\Local\Google\Chrome\User Data\Default\shared_proto_db\000003.log,"""C:\Program Files\Google\Chrome\Application\chrome.exe"" http://mail.trendset.com.ar.ci3.toservers.com/mua/181.143.31.2028037/sucursalpersonas.transaccionesbancolombia.com/mua/
PID:3916",FileEvent,Read,2021-10-08 17:15:55.445,32768
"""C:\Program Files\Google\Chrome\Application\chrome.exe"" http://mail.trendset.com.ar.ci3.toservers.com/mua/181.143.31.2028037/sucursalpersonas.transaccionesbancolombia.com/mua/
PID:3916",C:\Users\jpdz\AppData\Local\Google\Chrome\User Data\Default\shared_proto_db\000003.log,FileEvent,Write,2021-10-08 17:15:55.514,19
C:\Users\jpdz\AppData\Local\Google\Chrome\User Data\TrustTokenKeyCommitments\2021.10.17.2\keys.json,"""C:\Program Files\Google\Chrome\Application\chrome.exe"" http://mail.trendset.com.ar.ci3.toservers.com/mua/181.143.31.2028037/sucursalpersonas.transaccionesbancolombia.com/mua/
PID:3916",FileEvent,Read,2021-10-08 17:15:55.125,20480
C:\Users\jpdz\AppData\Local\Google\Chrome\User Data\Default\Code Cache\js\index-dir\the-real-index,"""C:\Program Files\Google\Chrome\Application\chrome.exe"" http://mail.trendset.com.ar.ci3.toservers.com/mua/181.143.31.2028037/sucursalpersonas.transaccionesbancolombia.com/mua/
PID:3916",FileEvent,Read,2021-10-08 17:15:44.523,48
C:\Users\jpdz\AppData\Local\Google\Chrome\User Data\GrShaderCache\GPUCache\data_1,"""C:\Program Files\Google\Chrome\Application\chrome.exe"" http://mail.trendset.com.ar.ci3.toservers.com/mua/181.143.31.2028037/sucursalpersonas.transaccionesbancolombia.com/mua/
PID:3916",FileEvent,Read,2021-10-08 17:15:45.649,8704
"""C:\Program Files\Google\Chrome\Application\chrome.exe"" http://mail.trendset.com.ar.ci3.toservers.com/mua/181.143.31.2028037/sucursalpersonas.transaccionesbancolombia.com/mua/
PID:3916","""C:\Program Files\Google\Chrome\Application\chrome.exe"" --type=utility --utility-sub-type=data_decoder.mojom.DataDecoderService --field-trial-handle=1028,4436203683500343130,7195691390616061411,131072 --lang=zh-CN --service-sandbox-type=service --mojo-platform-channel-handle=3660 /prefetch:8
PID:2264",ProcessEvent,Create,2021-10-08 17:15:55.173,
C:\Windows\Fonts\staticcache.dat,"""C:\Program Files\Google\Chrome\Application\chrome.exe"" http://mail.trendset.com.ar.ci3.toservers.com/mua/181.143.31.2028037/sucursalpersonas.transaccionesbancolombia.com/mua/
PID:3916",FileEvent,Read,2021-10-08 17:15:44.420,60
C:\Users\jpdz\AppData\Local\Google\Chrome\User Data\pnacl\0.57.44.2492\manifest.fingerprint,"""C:\Program Files\Google\Chrome\Application\chrome.exe"" http://mail.trendset.com.ar.ci3.toservers.com/mua/181.143.31.2028037/sucursalpersonas.transaccionesbancolombia.com/mua/
PID:3916",FileEvent,Read,2021-10-08 17:15:44.387,8192
C:\Users\jpdz\AppData\Local\Google\Chrome\User Data\GrShaderCache\GPUCache\data_3,"""C:\Program Files\Google\Chrome\Application\chrome.exe"" http://mail.trendset.com.ar.ci3.toservers.com/mua/181.143.31.2028037/sucursalpersonas.transaccionesbancolombia.com/mua/
PID:3916",FileEvent,Read,2021-10-08 17:15:45.649,8192
C:\Users\jpdz\AppData\Local\Google\Chrome\User Data\Default\Top Sites,"""C:\Program Files\Google\Chrome\Application\chrome.exe"" http://mail.trendset.com.ar.ci3.toservers.com/mua/181.143.31.2028037/sucursalpersonas.transaccionesbancolombia.com/mua/
PID:3916",FileEvent,Read,2021-10-08 17:15:44.397,12388
"""C:\Program Files\Google\Chrome\Application\chrome.exe"" http://mail.trendset.com.ar.ci3.toservers.com/mua/181.143.31.2028037/sucursalpersonas.transaccionesbancolombia.com/mua/
PID:3916",C:\Users\jpdz\AppData\Local\Google\Chrome\User Data\Default\shared_proto_db\LOG.old~RF31a23c.TMP,FileEvent,Delete,2021-10-08 17:15:55.444,0
C:\Users\jpdz\AppData\Local\Google\Chrome\User Data\Default\Site Characteristics Database\MANIFEST-000001,"""C:\Program Files\Google\Chrome\Application\chrome.exe"" http://mail.trendset.com.ar.ci3.toservers.com/mua/181.143.31.2028037/sucursalpersonas.transaccionesbancolombia.com/mua/
PID:3916",FileEvent,Read,2021-10-08 17:15:44.376,32768
C:\Users\jpdz\AppData\Local\Google\Chrome\User Data\Default\heavy_ad_intervention_opt_out.db,"""C:\Program Files\Google\Chrome\Application\chrome.exe"" http://mail.trendset.com.ar.ci3.toservers.com/mua/181.143.31.2028037/sucursalpersonas.transaccionesbancolombia.com/mua/
PID:3916",FileEvent,Read,2021-10-08 17:15:53.970,12388
C:\Users\jpdz\AppData\Local\Google\Chrome\User Data\ClientSidePhishing\25.3\manifest.json,"""C:\Program Files\Google\Chrome\Application\chrome.exe"" http://mail.trendset.com.ar.ci3.toservers.com/mua/181.143.31.2028037/sucursalpersonas.transaccionesbancolombia.com/mua/
PID:3916",FileEvent,Read,2021-10-08 17:15:44.394,8192
"""C:\Program Files\Google\Chrome\Application\chrome.exe"" http://mail.trendset.com.ar.ci3.toservers.com/mua/181.143.31.2028037/sucursalpersonas.transaccionesbancolombia.com/mua/
PID:3916",C:\Users\jpdz\AppData\Local\Google\Chrome\User Data\Default\BudgetDatabase\LOG.old~RF31a22d.TMP,FileEvent,Delete,2021-10-08 17:15:55.439,0
C:\Users\jpdz\AppData\Local\Google\Chrome\User Data\Default\Site Characteristics Database\CURRENT,"""C:\Program Files\Google\Chrome\Application\chrome.exe"" http://mail.trendset.com.ar.ci3.toservers.com/mua/181.143.31.2028037/sucursalpersonas.transaccionesbancolombia.com/mua/
PID:3916",FileEvent,Read,2021-10-08 17:15:44.376,16384
"""C:\Program Files\Google\Chrome\Application\chrome.exe"" http://mail.trendset.com.ar.ci3.toservers.com/mua/181.143.31.2028037/sucursalpersonas.transaccionesbancolombia.com/mua/
PID:3916",C:\Users\jpdz\AppData\Local\Temp\Cab99D3.tmp,FileEvent,Delete,2021-10-08 17:15:53.294,0
"""C:\Program Files\Google\Chrome\Application\chrome.exe"" http://mail.trendset.com.ar.ci3.toservers.com/mua/181.143.31.2028037/sucursalpersonas.transaccionesbancolombia.com/mua/
PID:3916",C:\Users\jpdz\AppData\Local\Temp\Cab99D3.tmp,FileEvent,Write,2021-10-08 17:15:53.291,61157
C:\Users\jpdz\AppData\Local\Temp\Cab99D3.tmp,"""C:\Program Files\Google\Chrome\Application\chrome.exe"" http://mail.trendset.com.ar.ci3.toservers.com/mua/181.143.31.2028037/sucursalpersonas.transaccionesbancolombia.com/mua/
PID:3916",FileEvent,Read,2021-10-08 17:15:53.291,61400
"""C:\Program Files\Google\Chrome\Application\chrome.exe"" http://mail.trendset.com.ar.ci3.toservers.com/mua/181.143.31.2028037/sucursalpersonas.transaccionesbancolombia.com/mua/
PID:3916",C:\Users\jpdz\AppData\Local\Google\Chrome\User Data\Default\AutofillStrikeDatabase\LOG.old~RF31a142.TMP,FileEvent,Delete,2021-10-08 17:15:55.201,0
"""C:\Program Files\Google\Chrome\Application\chrome.exe"" http://mail.trendset.com.ar.ci3.toservers.com/mua/181.143.31.2028037/sucursalpersonas.transaccionesbancolombia.com/mua/
PID:3916",C:\Users\jpdz\AppData\Local\Google\Chrome\User Data\Default\Code Cache\js\7b87b3915bc17b7d_0,FileEvent,Write,2021-10-08 17:15:46.835,584
C:\Users\jpdz\AppData\Local\Google\Chrome\User Data\Default\Code Cache\wasm\index-dir\the-real-index,"""C:\Program Files\Google\Chrome\Application\chrome.exe"" http://mail.trendset.com.ar.ci3.toservers.com/mua/181.143.31.2028037/sucursalpersonas.transaccionesbancolombia.com/mua/
PID:3916",FileEvent,Read,2021-10-08 17:15:44.523,48
C:\Users\jpdz\AppData\Local\Google\Chrome\User Data\ZxcvbnData\1\female_names.txt,"""C:\Program Files\Google\Chrome\Application\chrome.exe"" http://mail.trendset.com.ar.ci3.toservers.com/mua/181.143.31.2028037/sucursalpersonas.transaccionesbancolombia.com/mua/
PID:3916",FileEvent,Read,2021-10-08 17:15:55.134,32768
C:\Windows\System32\shdocvw.dll,"""C:\Program Files\Google\Chrome\Application\chrome.exe"" http://mail.trendset.com.ar.ci3.toservers.com/mua/181.143.31.2028037/sucursalpersonas.transaccionesbancolombia.com/mua/
PID:3916",FileEvent,Read,2021-10-08 17:15:55.427,4096
"""C:\Program Files\Google\Chrome\Application\chrome.exe"" http://mail.trendset.com.ar.ci3.toservers.com/mua/181.143.31.2028037/sucursalpersonas.transaccionesbancolombia.com/mua/
PID:3916",C:\Users\jpdz\AppData\Local\Google\Chrome\User Data\Default\Site Characteristics Database\LOG,FileEvent,Write,2021-10-08 17:15:44.376,535
"""C:\Program Files\Google\Chrome\Application\chrome.exe"" http://mail.trendset.com.ar.ci3.toservers.com/mua/181.143.31.2028037/sucursalpersonas.transaccionesbancolombia.com/mua/
PID:3916",C:\Users\jpdz\AppData\Local\Google\Chrome\User Data\Default\Code Cache\js\index-dir\the-real-index~RF31e744.TMP,FileEvent,Delete,2021-10-08 17:16:12.944,0
"""C:\Program Files\Google\Chrome\Application\chrome.exe"" http://mail.trendset.com.ar.ci3.toservers.com/mua/181.143.31.2028037/sucursalpersonas.transaccionesbancolombia.com/mua/
PID:3916",C:\Users\jpdz\AppData\Local\Google\Chrome\User Data\Default\shared_proto_db\LOG,FileEvent,Write,2021-10-08 17:15:55.445,493
"""C:\Program Files\Google\Chrome\Application\chrome.exe"" http://mail.trendset.com.ar.ci3.toservers.com/mua/181.143.31.2028037/sucursalpersonas.transaccionesbancolombia.com/mua/
PID:3916",C:\Users\jpdz\AppData\Local\Google\Chrome\User Data\Default\Code Cache\js\ef55ee0ac8deabfc_0,FileEvent,Write,2021-10-08 17:15:51.234,568
C:\Users\jpdz\AppData\Local\Google\Chrome\User Data\AutofillRegex\2021.8.17.1300\data.json,"""C:\Program Files\Google\Chrome\Application\chrome.exe"" http://mail.trendset.com.ar.ci3.toservers.com/mua/181.143.31.2028037/sucursalpersonas.transaccionesbancolombia.com/mua/
PID:3916",FileEvent,Read,2021-10-08 17:15:55.171,102400
"""C:\Program Files\Google\Chrome\Application\chrome.exe"" http://mail.trendset.com.ar.ci3.toservers.com/mua/181.143.31.2028037/sucursalpersonas.transaccionesbancolombia.com/mua/
PID:3916",C:\Users\jpdz\AppData\Local\Google\Chrome\User Data\Default\Visited Links,FileEvent,Write,2021-10-08 17:15:45.506,40
C:\Users\jpdz\AppData\Local\Google\Chrome\User Data\Default\Visited Links,"""C:\Program Files\Google\Chrome\Application\chrome.exe"" http://mail.trendset.com.ar.ci3.toservers.com/mua/181.143.31.2028037/sucursalpersonas.transaccionesbancolombia.com/mua/
PID:3916",FileEvent,Read,2021-10-08 17:15:44.374,135168
"""C:\Program Files\Google\Chrome\Application\chrome.exe"" http://mail.trendset.com.ar.ci3.toservers.com/mua/181.143.31.2028037/sucursalpersonas.transaccionesbancolombia.com/mua/
PID:3916",C:\Users\jpdz\AppData\Local\Google\Chrome\User Data\Module Info Cache~RF31d022.TMP,FileEvent,Delete,2021-10-08 17:16:07.94,0
C:\Users\jpdz\AppData\LocalLow\Microsoft\CryptnetUrlCache\Content\24BD96D5497F70B3F510A6B53CD43F3E_3A89246FB90C5EE6620004F1AE0EB0EA,"""C:\Program Files\Google\Chrome\Application\chrome.exe"" http://mail.trendset.com.ar.ci3.toservers.com/mua/181.143.31.2028037/sucursalpersonas.transaccionesbancolombia.com/mua/
PID:3916",FileEvent,Read,2021-10-08 17:15:44.692,5788
C:\Users\jpdz\AppData\Local\Google\Chrome\User Data\GrShaderCache\GPUCache\index,"""C:\Program Files\Google\Chrome\Application\chrome.exe"" http://mail.trendset.com.ar.ci3.toservers.com/mua/181.143.31.2028037/sucursalpersonas.transaccionesbancolombia.com/mua/
PID:3916",FileEvent,Read,2021-10-08 17:15:45.495,266608
C:\Users\jpdz\AppData\Local\Google\Chrome\User Data\ClientSidePhishing\25.3\client_model.pb,"""C:\Program Files\Google\Chrome\Application\chrome.exe"" http://mail.trendset.com.ar.ci3.toservers.com/mua/181.143.31.2028037/sucursalpersonas.transaccionesbancolombia.com/mua/
PID:3916",FileEvent,Read,2021-10-08 17:15:55.171,110592
C:\Users\jpdz\AppData\Local\Google\Chrome\User Data\ZxcvbnData\1\surnames.txt,"""C:\Program Files\Google\Chrome\Application\chrome.exe"" http://mail.trendset.com.ar.ci3.toservers.com/mua/181.143.31.2028037/sucursalpersonas.transaccionesbancolombia.com/mua/
PID:3916",FileEvent,Read,2021-10-08 17:15:55.134,81920
C:\Program Files\Google\Chrome\Application\94.0.4606.81\WidevineCdm\manifest.json,"""C:\Program Files\Google\Chrome\Application\chrome.exe"" http://mail.trendset.com.ar.ci3.toservers.com/mua/181.143.31.2028037/sucursalpersonas.transaccionesbancolombia.com/mua/
PID:3916",FileEvent,Read,2021-10-08 17:15:44.386,8192
C:\Users\jpdz\AppData\Local\Google\Chrome\User Data\Default\GCM Store\Encryption\CURRENT,"""C:\Program Files\Google\Chrome\Application\chrome.exe"" http://mail.trendset.com.ar.ci3.toservers.com/mua/181.143.31.2028037/sucursalpersonas.transaccionesbancolombia.com/mua/
PID:3916",FileEvent,Read,2021-10-08 17:15:55.204,16384
C:\Users\jpdz\AppData\Local\Google\Chrome\User Data\DesktopSharingHub\20210813.1\desktop_sharing_hub.pb,"""C:\Program Files\Google\Chrome\Application\chrome.exe"" http://mail.trendset.com.ar.ci3.toservers.com/mua/181.143.31.2028037/sucursalpersonas.transaccionesbancolombia.com/mua/
PID:3916",FileEvent,Read,2021-10-08 17:15:55.131,270336
"""C:\Program Files\Google\Chrome\Application\chrome.exe"" http://mail.trendset.com.ar.ci3.toservers.com/mua/181.143.31.2028037/sucursalpersonas.transaccionesbancolombia.com/mua/
PID:3916",C:\Users\jpdz\AppData\Local\Temp\Tar937E.tmp,FileEvent,Delete,2021-10-08 17:15:51.697,0
"""C:\Program Files\Google\Chrome\Application\chrome.exe"" http://mail.trendset.com.ar.ci3.toservers.com/mua/181.143.31.2028037/sucursalpersonas.transaccionesbancolombia.com/mua/
PID:3916",C:\Users\jpdz\AppData\Local\Temp\Tar937E.tmp,FileEvent,Write,2021-10-08 17:15:51.695,226543
C:\Users\jpdz\AppData\Local\Temp\Tar937E.tmp,"""C:\Program Files\Google\Chrome\Application\chrome.exe"" http://mail.trendset.com.ar.ci3.toservers.com/mua/181.143.31.2028037/sucursalpersonas.transaccionesbancolombia.com/mua/
PID:3916",FileEvent,Read,2021-10-08 17:15:51.697,161007
C:\Windows\system32\stobject.dll,"""C:\Program Files\Google\Chrome\Application\chrome.exe"" http://mail.trendset.com.ar.ci3.toservers.com/mua/181.143.31.2028037/sucursalpersonas.transaccionesbancolombia.com/mua/
PID:3916",FileEvent,Read,2021-10-08 17:15:55.432,4096
"""C:\Program Files\Google\Chrome\Application\chrome.exe"" http://mail.trendset.com.ar.ci3.toservers.com/mua/181.143.31.2028037/sucursalpersonas.transaccionesbancolombia.com/mua/
PID:3916",C:\Users\jpdz\AppData\Local\Temp\Cab99E4.tmp,FileEvent,Delete,2021-10-08 17:15:53.310,0
C:\Users\jpdz\AppData\Local\Temp\Cab99E4.tmp,"""C:\Program Files\Google\Chrome\Application\chrome.exe"" http://mail.trendset.com.ar.ci3.toservers.com/mua/181.143.31.2028037/sucursalpersonas.transaccionesbancolombia.com/mua/
PID:3916",FileEvent,Read,2021-10-08 17:15:53.309,61400
"""C:\Program Files\Google\Chrome\Application\chrome.exe"" http://mail.trendset.com.ar.ci3.toservers.com/mua/181.143.31.2028037/sucursalpersonas.transaccionesbancolombia.com/mua/
PID:3916",C:\Users\jpdz\AppData\Local\Temp\Cab99E4.tmp,FileEvent,Write,2021-10-08 17:15:53.308,61157
C:\Users\jpdz\AppData\LocalLow\Microsoft\CryptnetUrlCache\Content\3C428B1A3E5F57D887EC4B864FAC5DCC,"""C:\Program Files\Google\Chrome\Application\chrome.exe"" http://mail.trendset.com.ar.ci3.toservers.com/mua/181.143.31.2028037/sucursalpersonas.transaccionesbancolombia.com/mua/
PID:3916",FileEvent,Read,2021-10-08 17:15:51.557,914
C:\Users\jpdz\AppData\Local\Google\Chrome\User Data\ZxcvbnData\1\male_names.txt,"""C:\Program Files\Google\Chrome\Application\chrome.exe"" http://mail.trendset.com.ar.ci3.toservers.com/mua/181.143.31.2028037/sucursalpersonas.transaccionesbancolombia.com/mua/
PID:3916",FileEvent,Read,2021-10-08 17:15:55.134,12288
C:\Users\jpdz\AppData\LocalLow\Microsoft\CryptnetUrlCache\Content\F0ACCF77CDCBFF39F6191887F6D2D357,"""C:\Program Files\Google\Chrome\Application\chrome.exe"" http://mail.trendset.com.ar.ci3.toservers.com/mua/181.143.31.2028037/sucursalpersonas.transaccionesbancolombia.com/mua/
PID:3916",FileEvent,Read,2021-10-08 17:15:51.566,18252
C:\Users\jpdz\AppData\Local\Google\Chrome\User Data\pnacl\0.57.44.2492\manifest.json,"""C:\Program Files\Google\Chrome\Application\chrome.exe"" http://mail.trendset.com.ar.ci3.toservers.com/mua/181.143.31.2028037/sucursalpersonas.transaccionesbancolombia.com/mua/
PID:3916",FileEvent,Read,2021-10-08 17:15:44.387,8192
C:\Users\jpdz\AppData\Local\Google\Chrome\User Data\MEIPreload\1.0.6.0\manifest.fingerprint,"""C:\Program Files\Google\Chrome\Application\chrome.exe"" http://mail.trendset.com.ar.ci3.toservers.com/mua/181.143.31.2028037/sucursalpersonas.transaccionesbancolombia.com/mua/
PID:3916",FileEvent,Read,2021-10-08 17:15:44.389,8192
"""C:\Program Files\Google\Chrome\Application\chrome.exe"" http://mail.trendset.com.ar.ci3.toservers.com/mua/181.143.31.2028037/sucursalpersonas.transaccionesbancolombia.com/mua/
PID:3916",C:\Users\jpdz\AppData\Local\Google\Chrome\User Data\Default\GCM Store\Encryption\LOG,FileEvent,Write,2021-10-08 17:15:55.204,12796
"""C:\Program Files\Google\Chrome\Application\chrome.exe"" http://mail.trendset.com.ar.ci3.toservers.com/mua/181.143.31.2028037/sucursalpersonas.transaccionesbancolombia.com/mua/
PID:3916",C:\Users\jpdz\AppData\Local\Google\Chrome\User Data\Default\data_reduction_proxy_leveldb\MANIFEST-000010,FileEvent,Write,2021-10-08 17:15:55.135,16477
"""C:\Program Files\Google\Chrome\Application\chrome.exe"" http://mail.trendset.com.ar.ci3.toservers.com/mua/181.143.31.2028037/sucursalpersonas.transaccionesbancolombia.com/mua/
PID:3916",C:\Users\jpdz\AppData\Local\Google\Chrome\User Data\Default\59bf3d66-dd04-42cd-9b84-36dc368dec9b.tmp,FileEvent,Write,2021-10-08 17:15:54.567,7520
C:\Users\jpdz\AppData\Local\Google\Chrome\User Data\Floc\1.0.6\manifest.fingerprint,"""C:\Program Files\Google\Chrome\Application\chrome.exe"" http://mail.trendset.com.ar.ci3.toservers.com/mua/181.143.31.2028037/sucursalpersonas.transaccionesbancolombia.com/mua/
PID:3916",FileEvent,Read,2021-10-08 17:15:44.387,8192
"""C:\Program Files\Google\Chrome\Application\chrome.exe"" http://mail.trendset.com.ar.ci3.toservers.com/mua/181.143.31.2028037/sucursalpersonas.transaccionesbancolombia.com/mua/
PID:3916",C:\Users\jpdz\AppData\Local\Temp\Tar9991.tmp,FileEvent,Delete,2021-10-08 17:15:53.233,0
C:\Users\jpdz\AppData\Local\Temp\Tar9991.tmp,"""C:\Program Files\Google\Chrome\Application\chrome.exe"" http://mail.trendset.com.ar.ci3.toservers.com/mua/181.143.31.2028037/sucursalpersonas.transaccionesbancolombia.com/mua/
PID:3916",FileEvent,Read,2021-10-08 17:15:53.232,161007
"""C:\Program Files\Google\Chrome\Application\chrome.exe"" http://mail.trendset.com.ar.ci3.toservers.com/mua/181.143.31.2028037/sucursalpersonas.transaccionesbancolombia.com/mua/
PID:3916",C:\Users\jpdz\AppData\Local\Temp\Tar9991.tmp,FileEvent,Write,2021-10-08 17:15:53.231,226543
"""C:\Program Files\Google\Chrome\Application\chrome.exe"" http://mail.trendset.com.ar.ci3.toservers.com/mua/181.143.31.2028037/sucursalpersonas.transaccionesbancolombia.com/mua/
PID:3916",C:\Users\jpdz\AppData\LocalLow\Microsoft\CryptnetUrlCache\MetaData\F59A01A8B782D93EA6991BC172CEFFB1,FileEvent,Write,2021-10-08 17:15:53.106,372
C:\Windows\system32\shell32.dll,"""C:\Program Files\Google\Chrome\Application\chrome.exe"" http://mail.trendset.com.ar.ci3.toservers.com/mua/181.143.31.2028037/sucursalpersonas.transaccionesbancolombia.com/mua/
PID:3916",FileEvent,Read,2021-10-08 17:15:55.428,32768
"""C:\Program Files\Google\Chrome\Application\chrome.exe"" http://mail.trendset.com.ar.ci3.toservers.com/mua/181.143.31.2028037/sucursalpersonas.transaccionesbancolombia.com/mua/
PID:3916",C:\Users\jpdz\AppData\Local\Temp\Cab92EB.tmp,FileEvent,Delete,2021-10-08 17:15:51.562,0
"""C:\Program Files\Google\Chrome\Application\chrome.exe"" http://mail.trendset.com.ar.ci3.toservers.com/mua/181.143.31.2028037/sucursalpersonas.transaccionesbancolombia.com/mua/
PID:3916",C:\Users\jpdz\AppData\Local\Temp\Cab92EB.tmp,FileEvent,Write,2021-10-08 17:15:51.559,61157
C:\Users\jpdz\AppData\Local\Temp\Cab92EB.tmp,"""C:\Program Files\Google\Chrome\Application\chrome.exe"" http://mail.trendset.com.ar.ci3.toservers.com/mua/181.143.31.2028037/sucursalpersonas.transaccionesbancolombia.com/mua/
PID:3916",FileEvent,Read,2021-10-08 17:15:51.560,61400
C:\Users\jpdz\AppData\Local\Google\Chrome\User Data\Crowd Deny\2021.10.11.1142\manifest.json,"""C:\Program Files\Google\Chrome\Application\chrome.exe"" http://mail.trendset.com.ar.ci3.toservers.com/mua/181.143.31.2028037/sucursalpersonas.transaccionesbancolombia.com/mua/
PID:3916",FileEvent,Read,2021-10-08 17:15:44.390,8192
"""C:\Program Files\Google\Chrome\Application\chrome.exe"" http://mail.trendset.com.ar.ci3.toservers.com/mua/181.143.31.2028037/sucursalpersonas.transaccionesbancolombia.com/mua/
PID:3916","""C:\Program Files\Google\Chrome\Application\chrome.exe"" --type=utility --utility-sub-type=chrome.mojom.UtilWin --field-trial-handle=1028,4436203683500343130,7195691390616061411,131072 --lang=zh-CN --service-sandbox-type=none --mojo-platform-channel-handle=3728 /prefetch:8
PID:3160",ProcessEvent,Stop,2021-10-08 17:16:02.193,
C:\Program Files\Common Files\SpeechEngines\Microsoft\TTS20\MSTTSLoc.dll,"""C:\Program Files\Google\Chrome\Application\chrome.exe"" http://mail.trendset.com.ar.ci3.toservers.com/mua/181.143.31.2028037/sucursalpersonas.transaccionesbancolombia.com/mua/
PID:3916",FileEvent,Read,2021-10-08 17:15:57.75,9728
C:\Users\jpdz\AppData\Local\Google\Chrome\User Data\Crashpad\settings.dat,"""C:\Program Files\Google\Chrome\Application\chrome.exe"" --type=crashpad-handler ""--user-data-dir=C:\Users\jpdz\AppData\Local\Google\Chrome\User Data"" /prefetch:7 --monitor-self-annotation=ptype=crashpad-handler ""--database=C:\Users\jpdz\AppData\Local\Google\Chrome\User Data\Crashpad"" --url=https://clients2.google.com/cr/report --annotation=channel= --annotation=plat=Win32 --annotation=prod=Chrome --annotation=ver=94.0.4606.81 --initial-client-data=0xa0,0xac,0xb0,0x74,0xb4,0x6eb33708,0x6eb33718,0x6eb33724
PID:1772",FileEvent,Read,2021-10-08 17:15:46.360,40
C:\Users\jpdz\AppData\Local\Google\Chrome\User Data\Crashpad\settings.dat,"""C:\Program Files\Google\Chrome\Application\chrome.exe"" --type=crashpad-handler ""--user-data-dir=C:\Users\jpdz\AppData\Local\Google\Chrome\User Data"" /prefetch:7 --monitor-self-annotation=ptype=crashpad-handler ""--database=C:\Users\jpdz\AppData\Local\Google\Chrome\User Data\Crashpad"" --url=https://clients2.google.com/cr/report --annotation=channel= --annotation=plat=Win32 --annotation=prod=Chrome --annotation=ver=94.0.4606.81 --initial-client-data=0xa0,0xac,0xb0,0x74,0xb4,0x6eb33708,0x6eb33718,0x6eb33724
PID:1772",FileEvent,Read,2021-10-08 17:15:44.644,40
C:\Users\jpdz\AppData\Local\Google\Chrome\User Data\Crashpad\settings.dat,"""C:\Program Files\Google\Chrome\Application\chrome.exe"" --type=crashpad-handler ""--user-data-dir=C:\Users\jpdz\AppData\Local\Google\Chrome\User Data"" /prefetch:7 --monitor-self-annotation=ptype=crashpad-handler ""--database=C:\Users\jpdz\AppData\Local\Google\Chrome\User Data\Crashpad"" --url=https://clients2.google.com/cr/report --annotation=channel= --annotation=plat=Win32 --annotation=prod=Chrome --annotation=ver=94.0.4606.81 --initial-client-data=0xa0,0xac,0xb0,0x74,0xb4,0x6eb33708,0x6eb33718,0x6eb33724
PID:1772",FileEvent,Read,2021-10-08 17:15:43.809,40
C:\Windows\Prefetch\CHROME.EXE-5A1054AF.pf,"""C:\Program Files\Google\Chrome\Application\chrome.exe"" --type=crashpad-handler ""--user-data-dir=C:\Users\jpdz\AppData\Local\Google\Chrome\User Data"" /prefetch:7 --monitor-self-annotation=ptype=crashpad-handler ""--database=C:\Users\jpdz\AppData\Local\Google\Chrome\User Data\Crashpad"" --url=https://clients2.google.com/cr/report --annotation=channel= --annotation=plat=Win32 --annotation=prod=Chrome --annotation=ver=94.0.4606.81 --initial-client-data=0xa0,0xac,0xb0,0x74,0xb4,0x6eb33708,0x6eb33718,0x6eb33724
PID:1772",FileEvent,Read,2021-10-08 17:15:46.354,18170
C:\Windows\Prefetch\CHROME.EXE-5A1054AF.pf,"""C:\Program Files\Google\Chrome\Application\chrome.exe"" --type=crashpad-handler ""--user-data-dir=C:\Users\jpdz\AppData\Local\Google\Chrome\User Data"" /prefetch:7 --monitor-self-annotation=ptype=crashpad-handler ""--database=C:\Users\jpdz\AppData\Local\Google\Chrome\User Data\Crashpad"" --url=https://clients2.google.com/cr/report --annotation=channel= --annotation=plat=Win32 --annotation=prod=Chrome --annotation=ver=94.0.4606.81 --initial-client-data=0xa0,0xac,0xb0,0x74,0xb4,0x6eb33708,0x6eb33718,0x6eb33724
PID:1772",FileEvent,Read,2021-10-08 17:15:44.638,18170
C:\Windows\Prefetch\CHROME.EXE-5A1054AF.pf,"""C:\Program Files\Google\Chrome\Application\chrome.exe"" --type=crashpad-handler ""--user-data-dir=C:\Users\jpdz\AppData\Local\Google\Chrome\User Data"" /prefetch:7 --monitor-self-annotation=ptype=crashpad-handler ""--database=C:\Users\jpdz\AppData\Local\Google\Chrome\User Data\Crashpad"" --url=https://clients2.google.com/cr/report --annotation=channel= --annotation=plat=Win32 --annotation=prod=Chrome --annotation=ver=94.0.4606.81 --initial-client-data=0xa0,0xac,0xb0,0x74,0xb4,0x6eb33708,0x6eb33718,0x6eb33724
PID:1772",FileEvent,Read,2021-10-08 17:15:43.804,18170
"""C:\Program Files\Google\Chrome\Application\chrome.exe"" --type=renderer --disable-client-side-phishing-detection --cross-origin-webassembly-module-sharing-allowed --display-capture-permissions-policy-allowed --field-trial-handle=1028,4436203683500343130,7195691390616061411,131072 --lang=zh-CN --device-scale-factor=1 --num-raster-threads=1 --renderer-client-id=5 --no-v8-untrusted-code-mitigations --mojo-platform-channel-handle=1980 /prefetch:1
PID:1520",C:\Users\jpdz\AppData\Local\Temp\86b5a01e-e3cc-4f3f-87da-2409913f781a.tmp,FileEvent,Write,2021-10-08 17:15:54.850,268441
C:\Windows\Prefetch\CHROME.EXE-5A1054AF.pf,"""C:\Program Files\Google\Chrome\Application\chrome.exe"" --type=renderer --disable-client-side-phishing-detection --cross-origin-webassembly-module-sharing-allowed --display-capture-permissions-policy-allowed --field-trial-handle=1028,4436203683500343130,7195691390616061411,131072 --lang=zh-CN --device-scale-factor=1 --num-raster-threads=1 --renderer-client-id=5 --no-v8-untrusted-code-mitigations --mojo-platform-channel-handle=1980 /prefetch:1
PID:1520",FileEvent,Read,2021-10-08 17:15:44.411,19168
C:\Program Files\Google\Chrome\Application\94.0.4606.81\chrome.dll,"""C:\Program Files\Google\Chrome\Application\chrome.exe"" --type=renderer --disable-client-side-phishing-detection --cross-origin-webassembly-module-sharing-allowed --display-capture-permissions-policy-allowed --field-trial-handle=1028,4436203683500343130,7195691390616061411,131072 --lang=zh-CN --device-scale-factor=1 --num-raster-threads=1 --renderer-client-id=5 --no-v8-untrusted-code-mitigations --mojo-platform-channel-handle=1980 /prefetch:1
PID:1520",FileEvent,Read,2021-10-08 17:15:44.474,150994944
C:\Windows\Prefetch\CHROME.EXE-5A1054AF.pf,"""C:\Program Files\Google\Chrome\Application\chrome.exe"" --type=utility --utility-sub-type=chrome.mojom.UtilWin --field-trial-handle=1028,4436203683500343130,7195691390616061411,131072 --lang=zh-CN --service-sandbox-type=none --mojo-platform-channel-handle=3728 /prefetch:8
PID:3160",FileEvent,Read,2021-10-08 17:15:57.14,19168
C:\Program Files\Google\Chrome\Application\94.0.4606.81\chrome.dll,"""C:\Program Files\Google\Chrome\Application\chrome.exe"" --type=utility --utility-sub-type=chrome.mojom.UtilWin --field-trial-handle=1028,4436203683500343130,7195691390616061411,131072 --lang=zh-CN --service-sandbox-type=none --mojo-platform-channel-handle=3728 /prefetch:8
PID:3160",FileEvent,Read,2021-10-08 17:15:57.20,150994944
C:\Windows\System32\Speech\Common\sapi.dll,"""C:\Program Files\Google\Chrome\Application\chrome.exe"" --type=utility --utility-sub-type=chrome.mojom.UtilWin --field-trial-handle=1028,4436203683500343130,7195691390616061411,131072 --lang=zh-CN --service-sandbox-type=none --mojo-platform-channel-handle=3728 /prefetch:8
PID:3160",FileEvent,Read,2021-10-08 17:15:57.64,1204224
C:\Windows\system32\msdmo.dll,"""C:\Program Files\Google\Chrome\Application\chrome.exe"" --type=utility --utility-sub-type=chrome.mojom.UtilWin --field-trial-handle=1028,4436203683500343130,7195691390616061411,131072 --lang=zh-CN --service-sandbox-type=none --mojo-platform-channel-handle=3728 /prefetch:8
PID:3160",FileEvent,Read,2021-10-08 17:15:57.146,32768
C:\Windows\Prefetch\CHROME.EXE-5A1054AF.pf,"""C:\Program Files\Google\Chrome\Application\chrome.exe"" --type=gpu-process --field-trial-handle=1028,4436203683500343130,7195691390616061411,131072 --gpu-preferences=UAAAAAAAAADgAAAIAAAAAAAAAAAAAAAAAABgAIAAAAAwAAAAAAAAAAAAAAAAAAAAAAAAAAAAAAAAAAAAAAAAAHgAAAAAAAAAeAAAAAAAAAAoAAAABAAAACAAAAAAAAAAKAAAAAAAAAAwAAAAAAAAADgAAAAAAAAAEAAAAAAAAAAAAAAADQAAABAAAAAAAAAAAQAAAA0AAAAQAAAAAAAAAAQAAAANAAAAEAAAAAAAAAAHAAAADQAAAAgAAAAAAAAACAAAAAAAAAA= --mojo-platform-channel-handle=1052 /prefetch:2
PID:3116",FileEvent,Read,2021-10-08 17:15:44.161,19168
C:\Program Files\Google\Chrome\Application\94.0.4606.81\chrome.dll,"""C:\Program Files\Google\Chrome\Application\chrome.exe"" --type=gpu-process --field-trial-handle=1028,4436203683500343130,7195691390616061411,131072 --gpu-preferences=UAAAAAAAAADgAAAIAAAAAAAAAAAAAAAAAABgAIAAAAAwAAAAAAAAAAAAAAAAAAAAAAAAAAAAAAAAAAAAAAAAAHgAAAAAAAAAeAAAAAAAAAAoAAAABAAAACAAAAAAAAAAKAAAAAAAAAAwAAAAAAAAADgAAAAAAAAAEAAAAAAAAAAAAAAADQAAABAAAAAAAAAAAQAAAA0AAAAQAAAAAAAAAAQAAAANAAAAEAAAAAAAAAAHAAAADQAAAAgAAAAAAAAACAAAAAAAAAA= --mojo-platform-channel-handle=1052 /prefetch:2
PID:3116",FileEvent,Read,2021-10-08 17:15:44.169,150994944
C:\Windows\Prefetch\CHROME.EXE-5A1054AF.pf,"""C:\Program Files\Google\Chrome\Application\chrome.exe"" --type=gpu-process --field-trial-handle=1028,4436203683500343130,7195691390616061411,131072 --gpu-preferences=UAAAAAAAAADgAAAIAAAAAAAAAAAAAAAAAABgAIAAAAAwAAAAAAAAAAAAAAAAAAAAAAAAAAAAAAAAAAAAAAAAAHgAAAAAAAAAeAAAAAAAAAAoAAAABAAAACAAAAAAAAAAKAAAAAAAAAAwAAAAAAAAADgAAAAAAAAAEAAAAAAAAAAAAAAADQAAABAAAAAAAAAAAQAAAA0AAAAQAAAAAAAAAAQAAAANAAAAEAAAAAAAAAAHAAAADQAAAAgAAAAAAAAACAAAAAAAAAA= --use-gl=angle --use-angle=swiftshader-webgl --mojo-platform-channel-handle=1
PID:3420",FileEvent,Read,2021-10-08 17:15:45.341,19168
C:\Program Files\Google\Chrome\Application\94.0.4606.81\chrome.dll,"""C:\Program Files\Google\Chrome\Application\chrome.exe"" --type=gpu-process --field-trial-handle=1028,4436203683500343130,7195691390616061411,131072 --gpu-preferences=UAAAAAAAAADgAAAIAAAAAAAAAAAAAAAAAABgAIAAAAAwAAAAAAAAAAAAAAAAAAAAAAAAAAAAAAAAAAAAAAAAAHgAAAAAAAAAeAAAAAAAAAAoAAAABAAAACAAAAAAAAAAKAAAAAAAAAAwAAAAAAAAADgAAAAAAAAAEAAAAAAAAAAAAAAADQAAABAAAAAAAAAAAQAAAA0AAAAQAAAAAAAAAAQAAAANAAAAEAAAAAAAAAAHAAAADQAAAAgAAAAAAAAACAAAAAAAAAA= --use-gl=angle --use-angle=swiftshader-webgl --mojo-platform-channel-handle=1
PID:3420",FileEvent,Read,2021-10-08 17:15:45.345,150994944
C:\Program Files\Google\Chrome\Application\94.0.4606.81\vk_swiftshader_icd.json,"""C:\Program Files\Google\Chrome\Application\chrome.exe"" --type=gpu-process --field-trial-handle=1028,4436203683500343130,7195691390616061411,131072 --gpu-preferences=UAAAAAAAAADgAAAIAAAAAAAAAAAAAAAAAABgAIAAAAAwAAAAAAAAAAAAAAAAAAAAAAAAAAAAAAAAAAAAAAAAAHgAAAAAAAAAeAAAAAAAAAAoAAAABAAAACAAAAAAAAAAKAAAAAAAAAAwAAAAAAAAADgAAAAAAAAAEAAAAAAAAAAAAAAADQAAABAAAAAAAAAAAQAAAA0AAAAQAAAAAAAAAAQAAAANAAAAEAAAAAAAAAAHAAAADQAAAAgAAAAAAAAACAAAAAAAAAA= --use-gl=angle --use-angle=swiftshader-webgl --mojo-platform-channel-handle=1
PID:3420",FileEvent,Read,2021-10-08 17:15:45.455,34816
C:\Windows\Prefetch\CHROME.EXE-5A1054AF.pf,"""C:\Program Files\Google\Chrome\Application\chrome.exe"" --type=renderer --disable-client-side-phishing-detection --cross-origin-webassembly-module-sharing-allowed --display-capture-permissions-policy-allowed --field-trial-handle=1028,4436203683500343130,7195691390616061411,131072 --lang=zh-CN --device-scale-factor=1 --num-raster-threads=1 --renderer-client-id=6 --no-v8-untrusted-code-mitigations --mojo-platform-channel-handle=1968 /prefetch:1
PID:3584",FileEvent,Read,2021-10-08 17:15:44.403,19168
C:\Program Files\Google\Chrome\Application\94.0.4606.81\chrome.dll,"""C:\Program Files\Google\Chrome\Application\chrome.exe"" --type=renderer --disable-client-side-phishing-detection --cross-origin-webassembly-module-sharing-allowed --display-capture-permissions-policy-allowed --field-trial-handle=1028,4436203683500343130,7195691390616061411,131072 --lang=zh-CN --device-scale-factor=1 --num-raster-threads=1 --renderer-client-id=6 --no-v8-untrusted-code-mitigations --mojo-platform-channel-handle=1968 /prefetch:1
PID:3584",FileEvent,Read,2021-10-08 17:15:44.412,150994944
"""C:\Program Files\Google\Chrome\Application\chrome.exe"" --type=utility --utility-sub-type=network.mojom.NetworkService --field-trial-handle=1028,4436203683500343130,7195691390616061411,131072 --lang=zh-CN --service-sandbox-type=none --mojo-platform-channel-handle=1372 /prefetch:8
PID:1236",C:\Users\jpdz\AppData\Local\Google\Chrome\User Data\Default\Cache\data_1,FileEvent,Write,2021-10-08 17:15:44.579,66848
C:\Users\jpdz\AppData\Local\Google\Chrome\User Data\Default\Cache\data_1,"""C:\Program Files\Google\Chrome\Application\chrome.exe"" --type=utility --utility-sub-type=network.mojom.NetworkService --field-trial-handle=1028,4436203683500343130,7195691390616061411,131072 --lang=zh-CN --service-sandbox-type=none --mojo-platform-channel-handle=1372 /prefetch:8
PID:1236",FileEvent,Read,2021-10-08 17:15:44.578,8704
"""C:\Program Files\Google\Chrome\Application\chrome.exe"" --type=utility --utility-sub-type=network.mojom.NetworkService --field-trial-handle=1028,4436203683500343130,7195691390616061411,131072 --lang=zh-CN --service-sandbox-type=none --mojo-platform-channel-handle=1372 /prefetch:8
PID:1236",C:\Users\jpdz\AppData\Local\Google\Chrome\User Data\Default\Cache\f_000073,FileEvent,Write,2021-10-08 17:15:46.898,107973
"""C:\Program Files\Google\Chrome\Application\chrome.exe"" --type=utility --utility-sub-type=network.mojom.NetworkService --field-trial-handle=1028,4436203683500343130,7195691390616061411,131072 --lang=zh-CN --service-sandbox-type=none --mojo-platform-channel-handle=1372 /prefetch:8
PID:1236",C:\Users\jpdz\AppData\Local\Google\Chrome\User Data\Default\Cache\f_000071,FileEvent,Write,2021-10-08 17:15:46.850,31880
"""C:\Program Files\Google\Chrome\Application\chrome.exe"" --type=utility --utility-sub-type=network.mojom.NetworkService --field-trial-handle=1028,4436203683500343130,7195691390616061411,131072 --lang=zh-CN --service-sandbox-type=none --mojo-platform-channel-handle=1372 /prefetch:8
PID:1236",203.208.41.98,IpChannelEvent,TcpIpConnect,2021-10-08 17:15:44.602,0
"""C:\Program Files\Google\Chrome\Application\chrome.exe"" --type=utility --utility-sub-type=network.mojom.NetworkService --field-trial-handle=1028,4436203683500343130,7195691390616061411,131072 --lang=zh-CN --service-sandbox-type=none --mojo-platform-channel-handle=1372 /prefetch:8
PID:1236",203.208.41.98,IpChannelEvent,TcpIpDisconnect,2021-10-08 17:15:45.195,0
"""C:\Program Files\Google\Chrome\Application\chrome.exe"" --type=utility --utility-sub-type=network.mojom.NetworkService --field-trial-handle=1028,4436203683500343130,7195691390616061411,131072 --lang=zh-CN --service-sandbox-type=none --mojo-platform-channel-handle=1372 /prefetch:8
PID:1236",203.208.41.98,IpChannelEvent,TcpIpSend,2021-10-08 17:15:44.603,1040
203.208.41.98,"""C:\Program Files\Google\Chrome\Application\chrome.exe"" --type=utility --utility-sub-type=network.mojom.NetworkService --field-trial-handle=1028,4436203683500343130,7195691390616061411,131072 --lang=zh-CN --service-sandbox-type=none --mojo-platform-channel-handle=1372 /prefetch:8
PID:1236",IpChannelEvent,TcpIpRecv,2021-10-08 17:15:44.671,37467
"""C:\Program Files\Google\Chrome\Application\chrome.exe"" --type=utility --utility-sub-type=network.mojom.NetworkService --field-trial-handle=1028,4436203683500343130,7195691390616061411,131072 --lang=zh-CN --service-sandbox-type=none --mojo-platform-channel-handle=1372 /prefetch:8
PID:1236",40.69.200.41,IpChannelEvent,TcpIpConnect,2021-10-08 17:15:51.757,0
"""C:\Program Files\Google\Chrome\Application\chrome.exe"" --type=utility --utility-sub-type=network.mojom.NetworkService --field-trial-handle=1028,4436203683500343130,7195691390616061411,131072 --lang=zh-CN --service-sandbox-type=none --mojo-platform-channel-handle=1372 /prefetch:8
PID:1236",C:\Users\jpdz\AppData\Local\Google\Chrome\User Data\Default\Cache\f_000078,FileEvent,Write,2021-10-08 17:15:50.928,34849
"""C:\Program Files\Google\Chrome\Application\chrome.exe"" --type=utility --utility-sub-type=network.mojom.NetworkService --field-trial-handle=1028,4436203683500343130,7195691390616061411,131072 --lang=zh-CN --service-sandbox-type=none --mojo-platform-channel-handle=1372 /prefetch:8
PID:1236",C:\Users\jpdz\AppData\Local\Google\Chrome\User Data\Default\83944dc6-5043-4800-9e5e-bc1b248398dc.tmp,FileEvent,Write,2021-10-08 17:16:01.668,4299
"""C:\Program Files\Google\Chrome\Application\chrome.exe"" --type=utility --utility-sub-type=network.mojom.NetworkService --field-trial-handle=1028,4436203683500343130,7195691390616061411,131072 --lang=zh-CN --service-sandbox-type=none --mojo-platform-channel-handle=1372 /prefetch:8
PID:1236",40.69.200.41,IpChannelEvent,TcpIpConnect,2021-10-08 17:15:51.510,0
"""C:\Program Files\Google\Chrome\Application\chrome.exe"" --type=utility --utility-sub-type=network.mojom.NetworkService --field-trial-handle=1028,4436203683500343130,7195691390616061411,131072 --lang=zh-CN --service-sandbox-type=none --mojo-platform-channel-handle=1372 /prefetch:8
PID:1236",40.69.200.41,IpChannelEvent,TcpIpDisconnect,2021-10-08 17:15:51.813,0
"""C:\Program Files\Google\Chrome\Application\chrome.exe"" --type=utility --utility-sub-type=network.mojom.NetworkService --field-trial-handle=1028,4436203683500343130,7195691390616061411,131072 --lang=zh-CN --service-sandbox-type=none --mojo-platform-channel-handle=1372 /prefetch:8
PID:1236",40.69.200.41,IpChannelEvent,TcpIpSend,2021-10-08 17:15:51.510,546
40.69.200.41,"""C:\Program Files\Google\Chrome\Application\chrome.exe"" --type=utility --utility-sub-type=network.mojom.NetworkService --field-trial-handle=1028,4436203683500343130,7195691390616061411,131072 --lang=zh-CN --service-sandbox-type=none --mojo-platform-channel-handle=1372 /prefetch:8
PID:1236",IpChannelEvent,TcpIpRecv,2021-10-08 17:15:51.810,441
C:\Users\jpdz\AppData\Local\Google\Chrome\User Data\Default\Network Persistent State,"""C:\Program Files\Google\Chrome\Application\chrome.exe"" --type=utility --utility-sub-type=network.mojom.NetworkService --field-trial-handle=1028,4436203683500343130,7195691390616061411,131072 --lang=zh-CN --service-sandbox-type=none --mojo-platform-channel-handle=1372 /prefetch:8
PID:1236",FileEvent,Read,2021-10-08 17:15:44.379,8192
"""C:\Program Files\Google\Chrome\Application\chrome.exe"" --type=utility --utility-sub-type=network.mojom.NetworkService --field-trial-handle=1028,4436203683500343130,7195691390616061411,131072 --lang=zh-CN --service-sandbox-type=none --mojo-platform-channel-handle=1372 /prefetch:8
PID:1236",190.61.250.150,IpChannelEvent,TcpIpConnect,2021-10-08 17:15:45.930,0
"""C:\Program Files\Google\Chrome\Application\chrome.exe"" --type=utility --utility-sub-type=network.mojom.NetworkService --field-trial-handle=1028,4436203683500343130,7195691390616061411,131072 --lang=zh-CN --service-sandbox-type=none --mojo-platform-channel-handle=1372 /prefetch:8
PID:1236",190.61.250.150,IpChannelEvent,TcpIpDisconnect,2021-10-08 17:16:07.130,0
190.61.250.150,"""C:\Program Files\Google\Chrome\Application\chrome.exe"" --type=utility --utility-sub-type=network.mojom.NetworkService --field-trial-handle=1028,4436203683500343130,7195691390616061411,131072 --lang=zh-CN --service-sandbox-type=none --mojo-platform-channel-handle=1372 /prefetch:8
PID:1236",IpChannelEvent,TcpIpRecv,2021-10-08 17:15:46.212,31872
"""C:\Program Files\Google\Chrome\Application\chrome.exe"" --type=utility --utility-sub-type=network.mojom.NetworkService --field-trial-handle=1028,4436203683500343130,7195691390616061411,131072 --lang=zh-CN --service-sandbox-type=none --mojo-platform-channel-handle=1372 /prefetch:8
PID:1236",190.61.250.150,IpChannelEvent,TcpIpSend,2021-10-08 17:15:45.931,2654
"""C:\Program Files\Google\Chrome\Application\chrome.exe"" --type=utility --utility-sub-type=network.mojom.NetworkService --field-trial-handle=1028,4436203683500343130,7195691390616061411,131072 --lang=zh-CN --service-sandbox-type=none --mojo-platform-channel-handle=1372 /prefetch:8
PID:1236",C:\Users\jpdz\AppData\Local\Google\Chrome\User Data\Default\Cache\f_000072,FileEvent,Write,2021-10-08 17:15:46.893,23651
"""C:\Program Files\Google\Chrome\Application\chrome.exe"" --type=utility --utility-sub-type=network.mojom.NetworkService --field-trial-handle=1028,4436203683500343130,7195691390616061411,131072 --lang=zh-CN --service-sandbox-type=none --mojo-platform-channel-handle=1372 /prefetch:8
PID:1236",C:\Users\jpdz\AppData\Local\Google\Chrome\User Data\Default\Cache\f_000074,FileEvent,Write,2021-10-08 17:15:50.401,121285
C:\Windows\system32\drivers\etc\hosts,"""C:\Program Files\Google\Chrome\Application\chrome.exe"" --type=utility --utility-sub-type=network.mojom.NetworkService --field-trial-handle=1028,4436203683500343130,7195691390616061411,131072 --lang=zh-CN --service-sandbox-type=none --mojo-platform-channel-handle=1372 /prefetch:8
PID:1236",FileEvent,Read,2021-10-08 17:15:44.238,16384
"""C:\Program Files\Google\Chrome\Application\chrome.exe"" --type=utility --utility-sub-type=network.mojom.NetworkService --field-trial-handle=1028,4436203683500343130,7195691390616061411,131072 --lang=zh-CN --service-sandbox-type=none --mojo-platform-channel-handle=1372 /prefetch:8
PID:1236",C:\Users\jpdz\AppData\Local\Google\Chrome\User Data\Default\Cache\f_000077,FileEvent,Write,2021-10-08 17:15:50.412,228478
"""C:\Program Files\Google\Chrome\Application\chrome.exe"" --type=utility --utility-sub-type=network.mojom.NetworkService --field-trial-handle=1028,4436203683500343130,7195691390616061411,131072 --lang=zh-CN --service-sandbox-type=none --mojo-platform-channel-handle=1372 /prefetch:8
PID:1236",162.159.248.76,IpChannelEvent,TcpIpConnect,2021-10-08 17:15:53.151,0
"""C:\Program Files\Google\Chrome\Application\chrome.exe"" --type=utility --utility-sub-type=network.mojom.NetworkService --field-trial-handle=1028,4436203683500343130,7195691390616061411,131072 --lang=zh-CN --service-sandbox-type=none --mojo-platform-channel-handle=1372 /prefetch:8
PID:1236",162.159.248.76,IpChannelEvent,TcpIpDisconnect,2021-10-08 17:15:53.502,0
162.159.248.76,"""C:\Program Files\Google\Chrome\Application\chrome.exe"" --type=utility --utility-sub-type=network.mojom.NetworkService --field-trial-handle=1028,4436203683500343130,7195691390616061411,131072 --lang=zh-CN --service-sandbox-type=none --mojo-platform-channel-handle=1372 /prefetch:8
PID:1236",IpChannelEvent,TcpIpRecv,2021-10-08 17:15:53.330,3121
"""C:\Program Files\Google\Chrome\Application\chrome.exe"" --type=utility --utility-sub-type=network.mojom.NetworkService --field-trial-handle=1028,4436203683500343130,7195691390616061411,131072 --lang=zh-CN --service-sandbox-type=none --mojo-platform-channel-handle=1372 /prefetch:8
PID:1236",162.159.248.76,IpChannelEvent,TcpIpSend,2021-10-08 17:15:53.152,547
"""C:\Program Files\Google\Chrome\Application\chrome.exe"" --type=utility --utility-sub-type=network.mojom.NetworkService --field-trial-handle=1028,4436203683500343130,7195691390616061411,131072 --lang=zh-CN --service-sandbox-type=none --mojo-platform-channel-handle=1372 /prefetch:8
PID:1236",C:\Users\jpdz\AppData\Local\Google\Chrome\User Data\Default\Cache\f_000076,FileEvent,Write,2021-10-08 17:15:50.410,26459
C:\Windows\Prefetch\CHROME.EXE-5A1054AF.pf,"""C:\Program Files\Google\Chrome\Application\chrome.exe"" --type=utility --utility-sub-type=network.mojom.NetworkService --field-trial-handle=1028,4436203683500343130,7195691390616061411,131072 --lang=zh-CN --service-sandbox-type=none --mojo-platform-channel-handle=1372 /prefetch:8
PID:1236",FileEvent,Read,2021-10-08 17:15:44.158,19168
"""C:\Program Files\Google\Chrome\Application\chrome.exe"" --type=utility --utility-sub-type=network.mojom.NetworkService --field-trial-handle=1028,4436203683500343130,7195691390616061411,131072 --lang=zh-CN --service-sandbox-type=none --mojo-platform-channel-handle=1372 /prefetch:8
PID:1236",162.159.248.76,IpChannelEvent,TcpIpConnect,2021-10-08 17:15:51.394,0
"""C:\Program Files\Google\Chrome\Application\chrome.exe"" --type=utility --utility-sub-type=network.mojom.NetworkService --field-trial-handle=1028,4436203683500343130,7195691390616061411,131072 --lang=zh-CN --service-sandbox-type=none --mojo-platform-channel-handle=1372 /prefetch:8
PID:1236",162.159.248.76,IpChannelEvent,TcpIpDisconnect,2021-10-08 17:15:52.28,0
162.159.248.76,"""C:\Program Files\Google\Chrome\Application\chrome.exe"" --type=utility --utility-sub-type=network.mojom.NetworkService --field-trial-handle=1028,4436203683500343130,7195691390616061411,131072 --lang=zh-CN --service-sandbox-type=none --mojo-platform-channel-handle=1372 /prefetch:8
PID:1236",IpChannelEvent,TcpIpRecv,2021-10-08 17:15:51.611,3121
"""C:\Program Files\Google\Chrome\Application\chrome.exe"" --type=utility --utility-sub-type=network.mojom.NetworkService --field-trial-handle=1028,4436203683500343130,7195691390616061411,131072 --lang=zh-CN --service-sandbox-type=none --mojo-platform-channel-handle=1372 /prefetch:8
PID:1236",162.159.248.76,IpChannelEvent,TcpIpSend,2021-10-08 17:15:51.395,547
C:\Users\jpdz\AppData\Local\Google\Chrome\User Data\Default\Trust Tokens,"""C:\Program Files\Google\Chrome\Application\chrome.exe"" --type=utility --utility-sub-type=network.mojom.NetworkService --field-trial-handle=1028,4436203683500343130,7195691390616061411,131072 --lang=zh-CN --service-sandbox-type=none --mojo-platform-channel-handle=1372 /prefetch:8
PID:1236",FileEvent,Read,2021-10-08 17:15:44.377,2101348
C:\Users\jpdz\AppData\Local\Google\Chrome\User Data\Default\Cookies,"""C:\Program Files\Google\Chrome\Application\chrome.exe"" --type=utility --utility-sub-type=network.mojom.NetworkService --field-trial-handle=1028,4436203683500343130,7195691390616061411,131072 --lang=zh-CN --service-sandbox-type=none --mojo-platform-channel-handle=1372 /prefetch:8
PID:1236",FileEvent,Read,2021-10-08 17:15:44.402,2109604
"""C:\Program Files\Google\Chrome\Application\chrome.exe"" --type=utility --utility-sub-type=network.mojom.NetworkService --field-trial-handle=1028,4436203683500343130,7195691390616061411,131072 --lang=zh-CN --service-sandbox-type=none --mojo-platform-channel-handle=1372 /prefetch:8
PID:1236",C:\Users\jpdz\AppData\Local\Google\Chrome\User Data\Default\Cache\f_00007a,FileEvent,Write,2021-10-08 17:15:51.812,19887
C:\Users\jpdz\AppData\Local\Google\Chrome\User Data\Default\Cache\index,"""C:\Program Files\Google\Chrome\Application\chrome.exe"" --type=utility --utility-sub-type=network.mojom.NetworkService --field-trial-handle=1028,4436203683500343130,7195691390616061411,131072 --lang=zh-CN --service-sandbox-type=none --mojo-platform-channel-handle=1372 /prefetch:8
PID:1236",FileEvent,Read,2021-10-08 17:15:44.577,266608
"""C:\Program Files\Google\Chrome\Application\chrome.exe"" --type=utility --utility-sub-type=network.mojom.NetworkService --field-trial-handle=1028,4436203683500343130,7195691390616061411,131072 --lang=zh-CN --service-sandbox-type=none --mojo-platform-channel-handle=1372 /prefetch:8
PID:1236",203.208.40.33,IpChannelEvent,TcpIpConnect,2021-10-08 17:15:51.286,0
"""C:\Program Files\Google\Chrome\Application\chrome.exe"" --type=utility --utility-sub-type=network.mojom.NetworkService --field-trial-handle=1028,4436203683500343130,7195691390616061411,131072 --lang=zh-CN --service-sandbox-type=none --mojo-platform-channel-handle=1372 /prefetch:8
PID:1236",203.208.40.33,IpChannelEvent,TcpIpSend,2021-10-08 17:15:51.287,1011
203.208.40.33,"""C:\Program Files\Google\Chrome\Application\chrome.exe"" --type=utility --utility-sub-type=network.mojom.NetworkService --field-trial-handle=1028,4436203683500343130,7195691390616061411,131072 --lang=zh-CN --service-sandbox-type=none --mojo-platform-channel-handle=1372 /prefetch:8
PID:1236",IpChannelEvent,TcpIpRecv,2021-10-08 17:15:51.371,7616
C:\Program Files\Google\Chrome\Application\94.0.4606.81\chrome.dll,"""C:\Program Files\Google\Chrome\Application\chrome.exe"" --type=utility --utility-sub-type=network.mojom.NetworkService --field-trial-handle=1028,4436203683500343130,7195691390616061411,131072 --lang=zh-CN --service-sandbox-type=none --mojo-platform-channel-handle=1372 /prefetch:8
PID:1236",FileEvent,Read,2021-10-08 17:15:44.164,150994944
C:\Users\jpdz\AppData\Local\Google\Chrome\User Data\Default\Cache\data_0,"""C:\Program Files\Google\Chrome\Application\chrome.exe"" --type=utility --utility-sub-type=network.mojom.NetworkService --field-trial-handle=1028,4436203683500343130,7195691390616061411,131072 --lang=zh-CN --service-sandbox-type=none --mojo-platform-channel-handle=1372 /prefetch:8
PID:1236",FileEvent,Read,2021-10-08 17:15:44.578,64372
"""C:\Program Files\Google\Chrome\Application\chrome.exe"" --type=utility --utility-sub-type=network.mojom.NetworkService --field-trial-handle=1028,4436203683500343130,7195691390616061411,131072 --lang=zh-CN --service-sandbox-type=none --mojo-platform-channel-handle=1372 /prefetch:8
PID:1236",C:\Users\jpdz\AppData\Local\Google\Chrome\User Data\Default\Cache\data_0,FileEvent,Write,2021-10-08 17:15:44.579,22356
"""C:\Program Files\Google\Chrome\Application\chrome.exe"" --type=utility --utility-sub-type=network.mojom.NetworkService --field-trial-handle=1028,4436203683500343130,7195691390616061411,131072 --lang=zh-CN --service-sandbox-type=none --mojo-platform-channel-handle=1372 /prefetch:8
PID:1236",C:\Users\jpdz\AppData\Local\Google\Chrome\User Data\Default\Cache\f_000075,FileEvent,Write,2021-10-08 17:15:50.404,145858
"""C:\Program Files\Google\Chrome\Application\chrome.exe"" --type=utility --utility-sub-type=network.mojom.NetworkService --field-trial-handle=1028,4436203683500343130,7195691390616061411,131072 --lang=zh-CN --service-sandbox-type=none --mojo-platform-channel-handle=1372 /prefetch:8
PID:1236",203.208.40.97,IpChannelEvent,TcpIpConnect,2021-10-08 17:15:51.519,0
203.208.40.97,"""C:\Program Files\Google\Chrome\Application\chrome.exe"" --type=utility --utility-sub-type=network.mojom.NetworkService --field-trial-handle=1028,4436203683500343130,7195691390616061411,131072 --lang=zh-CN --service-sandbox-type=none --mojo-platform-channel-handle=1372 /prefetch:8
PID:1236",IpChannelEvent,TcpIpRecv,2021-10-08 17:15:51.596,26141
"""C:\Program Files\Google\Chrome\Application\chrome.exe"" --type=utility --utility-sub-type=network.mojom.NetworkService --field-trial-handle=1028,4436203683500343130,7195691390616061411,131072 --lang=zh-CN --service-sandbox-type=none --mojo-platform-channel-handle=1372 /prefetch:8
PID:1236",203.208.40.97,IpChannelEvent,TcpIpSend,2021-10-08 17:15:51.520,1629
"""C:\Program Files\Google\Chrome\Application\chrome.exe"" --type=utility --utility-sub-type=network.mojom.NetworkService --field-trial-handle=1028,4436203683500343130,7195691390616061411,131072 --lang=zh-CN --service-sandbox-type=none --mojo-platform-channel-handle=1372 /prefetch:8
PID:1236",190.61.250.150,IpChannelEvent,TcpIpConnect,2021-10-08 17:15:44.837,0
"""C:\Program Files\Google\Chrome\Application\chrome.exe"" --type=utility --utility-sub-type=network.mojom.NetworkService --field-trial-handle=1028,4436203683500343130,7195691390616061411,131072 --lang=zh-CN --service-sandbox-type=none --mojo-platform-channel-handle=1372 /prefetch:8
PID:1236",190.61.250.150,IpChannelEvent,TcpIpDisconnect,2021-10-08 17:15:45.429,0
"""C:\Program Files\Google\Chrome\Application\chrome.exe"" --type=utility --utility-sub-type=network.mojom.NetworkService --field-trial-handle=1028,4436203683500343130,7195691390616061411,131072 --lang=zh-CN --service-sandbox-type=none --mojo-platform-channel-handle=1372 /prefetch:8
PID:1236",190.61.250.150,IpChannelEvent,TcpIpConnect,2021-10-08 17:15:45.786,0
"""C:\Program Files\Google\Chrome\Application\chrome.exe"" --type=utility --utility-sub-type=network.mojom.NetworkService --field-trial-handle=1028,4436203683500343130,7195691390616061411,131072 --lang=zh-CN --service-sandbox-type=none --mojo-platform-channel-handle=1372 /prefetch:8
PID:1236",190.61.250.150,IpChannelEvent,TcpIpDisconnect,2021-10-08 17:16:07.130,0
190.61.250.150,"""C:\Program Files\Google\Chrome\Application\chrome.exe"" --type=utility --utility-sub-type=network.mojom.NetworkService --field-trial-handle=1028,4436203683500343130,7195691390616061411,131072 --lang=zh-CN --service-sandbox-type=none --mojo-platform-channel-handle=1372 /prefetch:8
PID:1236",IpChannelEvent,TcpIpRecv,2021-10-08 17:15:46.57,214337
"""C:\Program Files\Google\Chrome\Application\chrome.exe"" --type=utility --utility-sub-type=network.mojom.NetworkService --field-trial-handle=1028,4436203683500343130,7195691390616061411,131072 --lang=zh-CN --service-sandbox-type=none --mojo-platform-channel-handle=1372 /prefetch:8
PID:1236",190.61.250.150,IpChannelEvent,TcpIpSend,2021-10-08 17:15:45.787,2256
C:\Users\jpdz\AppData\Local\Google\Chrome\User Data\Default\Reporting and NEL,"""C:\Program Files\Google\Chrome\Application\chrome.exe"" --type=utility --utility-sub-type=network.mojom.NetworkService --field-trial-handle=1028,4436203683500343130,7195691390616061411,131072 --lang=zh-CN --service-sandbox-type=none --mojo-platform-channel-handle=1372 /prefetch:8
PID:1236",FileEvent,Read,2021-10-08 17:15:45.169,2109604
"""C:\Program Files\Google\Chrome\Application\chrome.exe"" --type=utility --utility-sub-type=network.mojom.NetworkService --field-trial-handle=1028,4436203683500343130,7195691390616061411,131072 --lang=zh-CN --service-sandbox-type=none --mojo-platform-channel-handle=1372 /prefetch:8
PID:1236",C:\Users\jpdz\AppData\Local\Google\Chrome\User Data\Default\Cache\data_3,FileEvent,Write,2021-10-08 17:15:46.794,58540
C:\Users\jpdz\AppData\Local\Google\Chrome\User Data\Default\Cache\data_3,"""C:\Program Files\Google\Chrome\Application\chrome.exe"" --type=utility --utility-sub-type=network.mojom.NetworkService --field-trial-handle=1028,4436203683500343130,7195691390616061411,131072 --lang=zh-CN --service-sandbox-type=none --mojo-platform-channel-handle=1372 /prefetch:8
PID:1236",FileEvent,Read,2021-10-08 17:15:44.578,8192
"""C:\Program Files\Google\Chrome\Application\chrome.exe"" --type=utility --utility-sub-type=network.mojom.NetworkService --field-trial-handle=1028,4436203683500343130,7195691390616061411,131072 --lang=zh-CN --service-sandbox-type=none --mojo-platform-channel-handle=1372 /prefetch:8
PID:1236",C:\Users\jpdz\AppData\Local\Google\Chrome\User Data\Default\Cache\f_000070,FileEvent,Write,2021-10-08 17:15:45.652,40663
"""C:\Program Files\Google\Chrome\Application\chrome.exe"" --type=utility --utility-sub-type=network.mojom.NetworkService --field-trial-handle=1028,4436203683500343130,7195691390616061411,131072 --lang=zh-CN --service-sandbox-type=none --mojo-platform-channel-handle=1372 /prefetch:8
PID:1236",190.61.250.150,IpChannelEvent,TcpIpConnect,2021-10-08 17:15:45.792,0
"""C:\Program Files\Google\Chrome\Application\chrome.exe"" --type=utility --utility-sub-type=network.mojom.NetworkService --field-trial-handle=1028,4436203683500343130,7195691390616061411,131072 --lang=zh-CN --service-sandbox-type=none --mojo-platform-channel-handle=1372 /prefetch:8
PID:1236",190.61.250.150,IpChannelEvent,TcpIpDisconnect,2021-10-08 17:16:07.130,0
"""C:\Program Files\Google\Chrome\Application\chrome.exe"" --type=utility --utility-sub-type=network.mojom.NetworkService --field-trial-handle=1028,4436203683500343130,7195691390616061411,131072 --lang=zh-CN --service-sandbox-type=none --mojo-platform-channel-handle=1372 /prefetch:8
PID:1236",190.61.250.150,IpChannelEvent,TcpIpSend,2021-10-08 17:15:45.793,2128
190.61.250.150,"""C:\Program Files\Google\Chrome\Application\chrome.exe"" --type=utility --utility-sub-type=network.mojom.NetworkService --field-trial-handle=1028,4436203683500343130,7195691390616061411,131072 --lang=zh-CN --service-sandbox-type=none --mojo-platform-channel-handle=1372 /prefetch:8
PID:1236",IpChannelEvent,TcpIpRecv,2021-10-08 17:15:46.70,201000
"""C:\Program Files\Google\Chrome\Application\chrome.exe"" --type=utility --utility-sub-type=network.mojom.NetworkService --field-trial-handle=1028,4436203683500343130,7195691390616061411,131072 --lang=zh-CN --service-sandbox-type=none --mojo-platform-channel-handle=1372 /prefetch:8
PID:1236",C:\Users\jpdz\AppData\Local\Google\Chrome\User Data\Default\TransportSecurity~RF31bc3d.TMP,FileEvent,Delete,2021-10-08 17:16:02.50,0
"""C:\Program Files\Google\Chrome\Application\chrome.exe"" --type=utility --utility-sub-type=network.mojom.NetworkService --field-trial-handle=1028,4436203683500343130,7195691390616061411,131072 --lang=zh-CN --service-sandbox-type=none --mojo-platform-channel-handle=1372 /prefetch:8
PID:1236",C:\Users\jpdz\AppData\Local\Google\Chrome\User Data\Default\Cache\f_00007b,FileEvent,Write,2021-10-08 17:15:52.935,35943
"""C:\Program Files\Google\Chrome\Application\chrome.exe"" --type=utility --utility-sub-type=network.mojom.NetworkService --field-trial-handle=1028,4436203683500343130,7195691390616061411,131072 --lang=zh-CN --service-sandbox-type=none --mojo-platform-channel-handle=1372 /prefetch:8
PID:1236",190.61.250.150,IpChannelEvent,TcpIpConnect,2021-10-08 17:15:45.783,0
"""C:\Program Files\Google\Chrome\Application\chrome.exe"" --type=utility --utility-sub-type=network.mojom.NetworkService --field-trial-handle=1028,4436203683500343130,7195691390616061411,131072 --lang=zh-CN --service-sandbox-type=none --mojo-platform-channel-handle=1372 /prefetch:8
PID:1236",190.61.250.150,IpChannelEvent,TcpIpDisconnect,2021-10-08 17:16:07.130,0
"""C:\Program Files\Google\Chrome\Application\chrome.exe"" --type=utility --utility-sub-type=network.mojom.NetworkService --field-trial-handle=1028,4436203683500343130,7195691390616061411,131072 --lang=zh-CN --service-sandbox-type=none --mojo-platform-channel-handle=1372 /prefetch:8
PID:1236",190.61.250.150,IpChannelEvent,TcpIpSend,2021-10-08 17:15:45.784,1537
190.61.250.150,"""C:\Program Files\Google\Chrome\Application\chrome.exe"" --type=utility --utility-sub-type=network.mojom.NetworkService --field-trial-handle=1028,4436203683500343130,7195691390616061411,131072 --lang=zh-CN --service-sandbox-type=none --mojo-platform-channel-handle=1372 /prefetch:8
PID:1236",IpChannelEvent,TcpIpRecv,2021-10-08 17:15:46.53,127450
"""C:\Program Files\Google\Chrome\Application\chrome.exe"" --type=utility --utility-sub-type=network.mojom.NetworkService --field-trial-handle=1028,4436203683500343130,7195691390616061411,131072 --lang=zh-CN --service-sandbox-type=none --mojo-platform-channel-handle=1372 /prefetch:8
PID:1236",162.159.248.76,IpChannelEvent,TcpIpConnect,2021-10-08 17:15:51.668,0
"""C:\Program Files\Google\Chrome\Application\chrome.exe"" --type=utility --utility-sub-type=network.mojom.NetworkService --field-trial-handle=1028,4436203683500343130,7195691390616061411,131072 --lang=zh-CN --service-sandbox-type=none --mojo-platform-channel-handle=1372 /prefetch:8
PID:1236",162.159.248.76,IpChannelEvent,TcpIpDisconnect,2021-10-08 17:15:52.38,0
"""C:\Program Files\Google\Chrome\Application\chrome.exe"" --type=utility --utility-sub-type=network.mojom.NetworkService --field-trial-handle=1028,4436203683500343130,7195691390616061411,131072 --lang=zh-CN --service-sandbox-type=none --mojo-platform-channel-handle=1372 /prefetch:8
PID:1236",162.159.248.76,IpChannelEvent,TcpIpSend,2021-10-08 17:15:51.670,547
162.159.248.76,"""C:\Program Files\Google\Chrome\Application\chrome.exe"" --type=utility --utility-sub-type=network.mojom.NetworkService --field-trial-handle=1028,4436203683500343130,7195691390616061411,131072 --lang=zh-CN --service-sandbox-type=none --mojo-platform-channel-handle=1372 /prefetch:8
PID:1236",IpChannelEvent,TcpIpRecv,2021-10-08 17:15:51.857,3121
"""C:\Program Files\Google\Chrome\Application\chrome.exe"" --type=utility --utility-sub-type=network.mojom.NetworkService --field-trial-handle=1028,4436203683500343130,7195691390616061411,131072 --lang=zh-CN --service-sandbox-type=none --mojo-platform-channel-handle=1372 /prefetch:8
PID:1236",190.61.250.150,IpChannelEvent,TcpIpConnect,2021-10-08 17:15:45.787,0
"""C:\Program Files\Google\Chrome\Application\chrome.exe"" --type=utility --utility-sub-type=network.mojom.NetworkService --field-trial-handle=1028,4436203683500343130,7195691390616061411,131072 --lang=zh-CN --service-sandbox-type=none --mojo-platform-channel-handle=1372 /prefetch:8
PID:1236",190.61.250.150,IpChannelEvent,TcpIpDisconnect,2021-10-08 17:16:07.130,0
"""C:\Program Files\Google\Chrome\Application\chrome.exe"" --type=utility --utility-sub-type=network.mojom.NetworkService --field-trial-handle=1028,4436203683500343130,7195691390616061411,131072 --lang=zh-CN --service-sandbox-type=none --mojo-platform-channel-handle=1372 /prefetch:8
PID:1236",190.61.250.150,IpChannelEvent,TcpIpSend,2021-10-08 17:15:45.788,2645
190.61.250.150,"""C:\Program Files\Google\Chrome\Application\chrome.exe"" --type=utility --utility-sub-type=network.mojom.NetworkService --field-trial-handle=1028,4436203683500343130,7195691390616061411,131072 --lang=zh-CN --service-sandbox-type=none --mojo-platform-channel-handle=1372 /prefetch:8
PID:1236",IpChannelEvent,TcpIpRecv,2021-10-08 17:15:46.58,299887
C:\Users\jpdz\AppData\Local\Google\Chrome\User Data\Default\TransportSecurity,"""C:\Program Files\Google\Chrome\Application\chrome.exe"" --type=utility --utility-sub-type=network.mojom.NetworkService --field-trial-handle=1028,4436203683500343130,7195691390616061411,131072 --lang=zh-CN --service-sandbox-type=none --mojo-platform-channel-handle=1372 /prefetch:8
PID:1236",FileEvent,Read,2021-10-08 17:15:44.379,8192
"""C:\Program Files\Google\Chrome\Application\chrome.exe"" --type=utility --utility-sub-type=network.mojom.NetworkService --field-trial-handle=1028,4436203683500343130,7195691390616061411,131072 --lang=zh-CN --service-sandbox-type=none --mojo-platform-channel-handle=1372 /prefetch:8
PID:1236",C:\Users\jpdz\AppData\Local\Google\Chrome\User Data\Default\Cache\f_000079,FileEvent,Write,2021-10-08 17:15:51.177,36250
C:\Users\jpdz\AppData\Local\Google\Chrome\User Data\Default\Cache\data_2,"""C:\Program Files\Google\Chrome\Application\chrome.exe"" --type=utility --utility-sub-type=network.mojom.NetworkService --field-trial-handle=1028,4436203683500343130,7195691390616061411,131072 --lang=zh-CN --service-sandbox-type=none --mojo-platform-channel-handle=1372 /prefetch:8
PID:1236",FileEvent,Read,2021-10-08 17:15:44.578,8192
"""C:\Program Files\Google\Chrome\Application\chrome.exe"" --type=utility --utility-sub-type=network.mojom.NetworkService --field-trial-handle=1028,4436203683500343130,7195691390616061411,131072 --lang=zh-CN --service-sandbox-type=none --mojo-platform-channel-handle=1372 /prefetch:8
PID:1236",C:\Users\jpdz\AppData\Local\Google\Chrome\User Data\Default\Cache\data_2,FileEvent,Write,2021-10-08 17:15:50.402,9008
"""C:\Program Files\Google\Chrome\Application\chrome.exe"" --type=utility --utility-sub-type=network.mojom.NetworkService --field-trial-handle=1028,4436203683500343130,7195691390616061411,131072 --lang=zh-CN --service-sandbox-type=none --mojo-platform-channel-handle=1372 /prefetch:8
PID:1236",190.61.250.150,IpChannelEvent,TcpIpConnect,2021-10-08 17:15:44.833,0
"""C:\Program Files\Google\Chrome\Application\chrome.exe"" --type=utility --utility-sub-type=network.mojom.NetworkService --field-trial-handle=1028,4436203683500343130,7195691390616061411,131072 --lang=zh-CN --service-sandbox-type=none --mojo-platform-channel-handle=1372 /prefetch:8
PID:1236",190.61.250.150,IpChannelEvent,TcpIpDisconnect,2021-10-08 17:15:45.926,0
190.61.250.150,"""C:\Program Files\Google\Chrome\Application\chrome.exe"" --type=utility --utility-sub-type=network.mojom.NetworkService --field-trial-handle=1028,4436203683500343130,7195691390616061411,131072 --lang=zh-CN --service-sandbox-type=none --mojo-platform-channel-handle=1372 /prefetch:8
PID:1236",IpChannelEvent,TcpIpRecv,2021-10-08 17:15:45.95,42689
"""C:\Program Files\Google\Chrome\Application\chrome.exe"" --type=utility --utility-sub-type=network.mojom.NetworkService --field-trial-handle=1028,4436203683500343130,7195691390616061411,131072 --lang=zh-CN --service-sandbox-type=none --mojo-platform-channel-handle=1372 /prefetch:8
PID:1236",190.61.250.150,IpChannelEvent,TcpIpSend,2021-10-08 17:15:44.833,516
"""C:\Program Files\Google\Chrome\Application\chrome.exe"" --type=utility --utility-sub-type=network.mojom.NetworkService --field-trial-handle=1028,4436203683500343130,7195691390616061411,131072 --lang=zh-CN --service-sandbox-type=none --mojo-platform-channel-handle=1372 /prefetch:8
PID:1236",162.159.248.76,IpChannelEvent,TcpIpConnect,2021-10-08 17:15:51.374,0
"""C:\Program Files\Google\Chrome\Application\chrome.exe"" --type=utility --utility-sub-type=network.mojom.NetworkService --field-trial-handle=1028,4436203683500343130,7195691390616061411,131072 --lang=zh-CN --service-sandbox-type=none --mojo-platform-channel-handle=1372 /prefetch:8
PID:1236",162.159.248.76,IpChannelEvent,TcpIpDisconnect,2021-10-08 17:15:52.4,0
162.159.248.76,"""C:\Program Files\Google\Chrome\Application\chrome.exe"" --type=utility --utility-sub-type=network.mojom.NetworkService --field-trial-handle=1028,4436203683500343130,7195691390616061411,131072 --lang=zh-CN --service-sandbox-type=none --mojo-platform-channel-handle=1372 /prefetch:8
PID:1236",IpChannelEvent,TcpIpRecv,2021-10-08 17:15:51.555,3121
"""C:\Program Files\Google\Chrome\Application\chrome.exe"" --type=utility --utility-sub-type=network.mojom.NetworkService --field-trial-handle=1028,4436203683500343130,7195691390616061411,131072 --lang=zh-CN --service-sandbox-type=none --mojo-platform-channel-handle=1372 /prefetch:8
PID:1236",162.159.248.76,IpChannelEvent,TcpIpSend,2021-10-08 17:15:51.375,547
"""C:\Program Files\Google\Chrome\Application\chrome.exe"" --type=utility --utility-sub-type=network.mojom.NetworkService --field-trial-handle=1028,4436203683500343130,7195691390616061411,131072 --lang=zh-CN --service-sandbox-type=none --mojo-platform-channel-handle=1372 /prefetch:8
PID:1236",C:\Users\jpdz\AppData\Local\Google\Chrome\User Data\Default\bb655034-8ac9-4831-b9be-5ce0ccf20064.tmp,FileEvent,Write,2021-10-08 17:15:54.395,4207
"""C:\Program Files\Google\Chrome\Application\chrome.exe"" --type=utility --utility-sub-type=network.mojom.NetworkService --field-trial-handle=1028,4436203683500343130,7195691390616061411,131072 --lang=zh-CN --service-sandbox-type=none --mojo-platform-channel-handle=1372 /prefetch:8
PID:1236",C:\Users\jpdz\AppData\Local\Google\Chrome\User Data\Default\Network Persistent State~RF31a1bf.TMP,FileEvent,Delete,2021-10-08 17:15:55.324,0
"""C:\Program Files\Google\Chrome\Application\chrome.exe"" --type=utility --utility-sub-type=network.mojom.NetworkService --field-trial-handle=1028,4436203683500343130,7195691390616061411,131072 --lang=zh-CN --service-sandbox-type=none --mojo-platform-channel-handle=1372 /prefetch:8
PID:1236",151.101.78.137,IpChannelEvent,TcpIpConnect,2021-10-08 17:15:53.9,0
"""C:\Program Files\Google\Chrome\Application\chrome.exe"" --type=utility --utility-sub-type=network.mojom.NetworkService --field-trial-handle=1028,4436203683500343130,7195691390616061411,131072 --lang=zh-CN --service-sandbox-type=none --mojo-platform-channel-handle=1372 /prefetch:8
PID:1236",151.101.78.137,IpChannelEvent,TcpIpDisconnect,2021-10-08 17:15:53.407,0
151.101.78.137,"""C:\Program Files\Google\Chrome\Application\chrome.exe"" --type=utility --utility-sub-type=network.mojom.NetworkService --field-trial-handle=1028,4436203683500343130,7195691390616061411,131072 --lang=zh-CN --service-sandbox-type=none --mojo-platform-channel-handle=1372 /prefetch:8
PID:1236",IpChannelEvent,TcpIpRecv,2021-10-08 17:15:53.72,5132
"""C:\Program Files\Google\Chrome\Application\chrome.exe"" --type=utility --utility-sub-type=network.mojom.NetworkService --field-trial-handle=1028,4436203683500343130,7195691390616061411,131072 --lang=zh-CN --service-sandbox-type=none --mojo-platform-channel-handle=1372 /prefetch:8
PID:1236",151.101.78.137,IpChannelEvent,TcpIpSend,2021-10-08 17:15:53.10,547
"""C:\Program Files\Google\Chrome\Application\chrome.exe"" --type=utility --utility-sub-type=network.mojom.NetworkService --field-trial-handle=1028,4436203683500343130,7195691390616061411,131072 --lang=zh-CN --service-sandbox-type=none --mojo-platform-channel-handle=1372 /prefetch:8
PID:1236",190.61.250.150,IpChannelEvent,TcpIpConnect,2021-10-08 17:15:45.795,0
"""C:\Program Files\Google\Chrome\Application\chrome.exe"" --type=utility --utility-sub-type=network.mojom.NetworkService --field-trial-handle=1028,4436203683500343130,7195691390616061411,131072 --lang=zh-CN --service-sandbox-type=none --mojo-platform-channel-handle=1372 /prefetch:8
PID:1236",190.61.250.150,IpChannelEvent,TcpIpDisconnect,2021-10-08 17:16:07.130,0
190.61.250.150,"""C:\Program Files\Google\Chrome\Application\chrome.exe"" --type=utility --utility-sub-type=network.mojom.NetworkService --field-trial-handle=1028,4436203683500343130,7195691390616061411,131072 --lang=zh-CN --service-sandbox-type=none --mojo-platform-channel-handle=1372 /prefetch:8
PID:1236",IpChannelEvent,TcpIpRecv,2021-10-08 17:15:46.74,32631
"""C:\Program Files\Google\Chrome\Application\chrome.exe"" --type=utility --utility-sub-type=network.mojom.NetworkService --field-trial-handle=1028,4436203683500343130,7195691390616061411,131072 --lang=zh-CN --service-sandbox-type=none --mojo-platform-channel-handle=1372 /prefetch:8
PID:1236",190.61.250.150,IpChannelEvent,TcpIpSend,2021-10-08 17:15:45.796,1535
C:\Users\jpdz\AppData\Local\Google\Chrome\User Data\Default\Session Storage\CURRENT,"""C:\Program Files\Google\Chrome\Application\chrome.exe"" --type=utility --utility-sub-type=storage.mojom.StorageService --field-trial-handle=1028,4436203683500343130,7195691390616061411,131072 --lang=zh-CN --service-sandbox-type=utility --mojo-platform-channel-handle=1508 /prefetch:8
PID:292",FileEvent,Read,2021-10-08 17:15:44.507,16384
"""C:\Program Files\Google\Chrome\Application\chrome.exe"" --type=utility --utility-sub-type=storage.mojom.StorageService --field-trial-handle=1028,4436203683500343130,7195691390616061411,131072 --lang=zh-CN --service-sandbox-type=utility --mojo-platform-channel-handle=1508 /prefetch:8
PID:292",C:\Users\jpdz\AppData\Local\Google\Chrome\User Data\Default\Local Storage\leveldb\LOG,FileEvent,Write,2021-10-08 17:15:44.512,511
C:\Users\jpdz\AppData\Local\Google\Chrome\User Data\Default\Local Storage\leveldb\MANIFEST-000001,"""C:\Program Files\Google\Chrome\Application\chrome.exe"" --type=utility --utility-sub-type=storage.mojom.StorageService --field-trial-handle=1028,4436203683500343130,7195691390616061411,131072 --lang=zh-CN --service-sandbox-type=utility --mojo-platform-channel-handle=1508 /prefetch:8
PID:292",FileEvent,Read,2021-10-08 17:15:44.512,32768
C:\Windows\Prefetch\CHROME.EXE-5A1054AF.pf,"""C:\Program Files\Google\Chrome\Application\chrome.exe"" --type=utility --utility-sub-type=storage.mojom.StorageService --field-trial-handle=1028,4436203683500343130,7195691390616061411,131072 --lang=zh-CN --service-sandbox-type=utility --mojo-platform-channel-handle=1508 /prefetch:8
PID:292",FileEvent,Read,2021-10-08 17:15:44.408,19168
C:\Program Files\Google\Chrome\Application\94.0.4606.81\chrome.dll,"""C:\Program Files\Google\Chrome\Application\chrome.exe"" --type=utility --utility-sub-type=storage.mojom.StorageService --field-trial-handle=1028,4436203683500343130,7195691390616061411,131072 --lang=zh-CN --service-sandbox-type=utility --mojo-platform-channel-handle=1508 /prefetch:8
PID:292",FileEvent,Read,2021-10-08 17:15:44.422,150994944
C:\Users\jpdz\AppData\Local\Google\Chrome\User Data\Default\Session Storage\MANIFEST-000001,"""C:\Program Files\Google\Chrome\Application\chrome.exe"" --type=utility --utility-sub-type=storage.mojom.StorageService --field-trial-handle=1028,4436203683500343130,7195691390616061411,131072 --lang=zh-CN --service-sandbox-type=utility --mojo-platform-channel-handle=1508 /prefetch:8
PID:292",FileEvent,Read,2021-10-08 17:15:44.507,32768
"""C:\Program Files\Google\Chrome\Application\chrome.exe"" --type=utility --utility-sub-type=storage.mojom.StorageService --field-trial-handle=1028,4436203683500343130,7195691390616061411,131072 --lang=zh-CN --service-sandbox-type=utility --mojo-platform-channel-handle=1508 /prefetch:8
PID:292",C:\Users\jpdz\AppData\Local\Google\Chrome\User Data\Default\Session Storage\LOG,FileEvent,Write,2021-10-08 17:15:44.507,493
C:\Users\jpdz\AppData\Local\Google\Chrome\User Data\Default\Local Storage\leveldb\CURRENT,"""C:\Program Files\Google\Chrome\Application\chrome.exe"" --type=utility --utility-sub-type=storage.mojom.StorageService --field-trial-handle=1028,4436203683500343130,7195691390616061411,131072 --lang=zh-CN --service-sandbox-type=utility --mojo-platform-channel-handle=1508 /prefetch:8
PID:292",FileEvent,Read,2021-10-08 17:15:44.512,16384
"""C:\Program Files\Google\Chrome\Application\chrome.exe"" --type=utility --utility-sub-type=storage.mojom.StorageService --field-trial-handle=1028,4436203683500343130,7195691390616061411,131072 --lang=zh-CN --service-sandbox-type=utility --mojo-platform-channel-handle=1508 /prefetch:8
PID:292",C:\Users\jpdz\AppData\Local\Google\Chrome\User Data\Default\Session Storage\000003.log,FileEvent,Write,2021-10-08 17:15:44.514,150
C:\Users\jpdz\AppData\Local\Google\Chrome\User Data\Default\Session Storage\000003.log,"""C:\Program Files\Google\Chrome\Application\chrome.exe"" --type=utility --utility-sub-type=storage.mojom.StorageService --field-trial-handle=1028,4436203683500343130,7195691390616061411,131072 --lang=zh-CN --service-sandbox-type=utility --mojo-platform-channel-handle=1508 /prefetch:8
PID:292",FileEvent,Read,2021-10-08 17:15:44.508,32768
C:\Users\jpdz\AppData\Local\Google\Chrome\User Data\Default\Local Storage\leveldb\000003.log,"""C:\Program Files\Google\Chrome\Application\chrome.exe"" --type=utility --utility-sub-type=storage.mojom.StorageService --field-trial-handle=1028,4436203683500343130,7195691390616061411,131072 --lang=zh-CN --service-sandbox-type=utility --mojo-platform-channel-handle=1508 /prefetch:8
PID:292",FileEvent,Read,2021-10-08 17:15:44.513,32768
C:\Windows\Prefetch\CHROME.EXE-5A1054AF.pf,"""C:\Program Files\Google\Chrome\Application\chrome.exe"" --type=utility --utility-sub-type=data_decoder.mojom.DataDecoderService --field-trial-handle=1028,4436203683500343130,7195691390616061411,131072 --lang=zh-CN --service-sandbox-type=service --mojo-platform-channel-handle=3660 /prefetch:8
PID:2264",FileEvent,Read,2021-10-08 17:15:55.173,19168
C:\Program Files\Google\Chrome\Application\94.0.4606.81\chrome.dll,"""C:\Program Files\Google\Chrome\Application\chrome.exe"" --type=utility --utility-sub-type=data_decoder.mojom.DataDecoderService --field-trial-handle=1028,4436203683500343130,7195691390616061411,131072 --lang=zh-CN --service-sandbox-type=service --mojo-platform-channel-handle=3660 /prefetch:8
PID:2264",FileEvent,Read,2021-10-08 17:15:55.178,150994944
