start,end,eventtype,operationtype,time,ref.size
C:\Users\jpdz\AppData\Local\Google\Chrome\User Data\Default\History-journal,"""C:\Program Files\Google\Chrome\Application\chrome.exe"" http://japaxiv835.wixsite.com/4154514
PID:856",FileEvent,Read,2021-10-08 17:15:54.769,8
"""C:\Program Files\Google\Chrome\Application\chrome.exe"" http://japaxiv835.wixsite.com/4154514
PID:856",C:\Users\jpdz\AppData\Local\Google\Chrome\User Data\Default\History-journal,FileEvent,Write,2021-10-08 17:15:44.755,57944
C:\Users\jpdz\AppData\Local\Google\Chrome\User Data\CertificateRevocation\6921\manifest.json,"""C:\Program Files\Google\Chrome\Application\chrome.exe"" http://japaxiv835.wixsite.com/4154514
PID:856",FileEvent,Read,2021-10-08 17:15:43.994,8192
"""C:\Program Files\Google\Chrome\Application\chrome.exe"" http://japaxiv835.wixsite.com/4154514
PID:856",C:\Users\jpdz\AppData\Local\Google\Chrome\User Data\Default\Code Cache\js\92c65f69012ef855_0,FileEvent,Write,2021-10-08 17:15:45.653,422
C:\Users\jpdz\AppData\Local\Google\Chrome\User Data\PKIMetadata\51\ct_config.pb,"""C:\Program Files\Google\Chrome\Application\chrome.exe"" http://japaxiv835.wixsite.com/4154514
PID:856",FileEvent,Read,2021-10-08 17:15:48.538,16384
C:\Users\jpdz\AppData\Local\Google\Chrome\User Data\Default\Shortcuts,"""C:\Program Files\Google\Chrome\Application\chrome.exe"" http://japaxiv835.wixsite.com/4154514
PID:856",FileEvent,Read,2021-10-08 17:15:48.352,12388
"""C:\Program Files\Google\Chrome\Application\chrome.exe"" http://japaxiv835.wixsite.com/4154514
PID:856",C:\Users\jpdz\AppData\Local\Google\Chrome\User Data\Default\Preferences~RF319e93.TMP,FileEvent,Delete,2021-10-08 17:15:54.443,0
"""C:\Program Files\Google\Chrome\Application\chrome.exe"" http://japaxiv835.wixsite.com/4154514
PID:856",C:\Users\jpdz\AppData\Local\Google\Chrome\User Data\Default\Code Cache\js\64dcc8800748559c_0,FileEvent,Write,2021-10-08 17:15:45.967,546
C:\Users\jpdz\AppData\LocalLow\Microsoft\CryptnetUrlCache\MetaData\24BD96D5497F70B3F510A6B53CD43F3E_3A89246FB90C5EE6620004F1AE0EB0EA,"""C:\Program Files\Google\Chrome\Application\chrome.exe"" http://japaxiv835.wixsite.com/4154514
PID:856",FileEvent,Read,2021-10-08 17:15:44.340,410
C:\Users\jpdz\AppData\Local\Google\Chrome\User Data\Default\shared_proto_db\MANIFEST-000001,"""C:\Program Files\Google\Chrome\Application\chrome.exe"" http://japaxiv835.wixsite.com/4154514
PID:856",FileEvent,Read,2021-10-08 17:15:48.739,32768
"""C:\Program Files\Google\Chrome\Application\chrome.exe"" http://japaxiv835.wixsite.com/4154514
PID:856","""C:\Program Files\Google\Chrome\Application\chrome.exe"" --type=renderer --disable-client-side-phishing-detection --cross-origin-webassembly-module-sharing-allowed --display-capture-permissions-policy-allowed --field-trial-handle=1020,4436203683500343130,7195691390616061411,131072 --lang=zh-CN --device-scale-factor=1 --num-raster-threads=1 --renderer-client-id=6 --no-v8-untrusted-code-mitigations --mojo-platform-channel-handle=1924 /prefetch:1
PID:3348",ProcessEvent,Create,2021-10-08 17:15:44.53,
"""C:\Program Files\Google\Chrome\Application\chrome.exe"" http://japaxiv835.wixsite.com/4154514
PID:856",C:\Users\jpdz\AppData\Local\Google\Chrome\User Data\chrome_shutdown_ms.txt,FileEvent,Delete,2021-10-08 17:15:48.310,0
C:\Users\jpdz\AppData\Local\Google\Chrome\User Data\chrome_shutdown_ms.txt,"""C:\Program Files\Google\Chrome\Application\chrome.exe"" http://japaxiv835.wixsite.com/4154514
PID:856",FileEvent,Read,2021-10-08 17:15:48.310,8192
"""C:\Program Files\Google\Chrome\Application\chrome.exe"" http://japaxiv835.wixsite.com/4154514
PID:856","""C:\Program Files\Google\Chrome\Application\chrome.exe"" --type=gpu-process --field-trial-handle=1020,4436203683500343130,7195691390616061411,131072 --gpu-preferences=UAAAAAAAAADgAAAIAAAAAAAAAAAAAAAAAABgAIAAAAAwAAAAAAAAAAAAAAAAAAAAAAAAAAAAAAAAAAAAAAAAAHgAAAAAAAAAeAAAAAAAAAAoAAAABAAAACAAAAAAAAAAKAAAAAAAAAAwAAAAAAAAADgAAAAAAAAAEAAAAAAAAAAAAAAADQAAABAAAAAAAAAAAQAAAA0AAAAQAAAAAAAAAAQAAAANAAAAEAAAAAAAAAAHAAAADQAAAAgAAAAAAAAACAAAAAAAAAA= --mojo-platform-channel-handle=1056 /prefetch:2
PID:3044",ProcessEvent,Create,2021-10-08 17:15:43.934,
C:\Users\jpdz\AppData\Local\Google\Chrome\User Data\PKIMetadata\51\manifest.fingerprint,"""C:\Program Files\Google\Chrome\Application\chrome.exe"" http://japaxiv835.wixsite.com/4154514
PID:856",FileEvent,Read,2021-10-08 17:15:43.997,8192
"""C:\Program Files\Google\Chrome\Application\chrome.exe"" http://japaxiv835.wixsite.com/4154514
PID:856",C:\Users\jpdz\AppData\Local\Google\Chrome\User Data\Default\data_reduction_proxy_leveldb\CURRENT~RF31957b.TMP,FileEvent,Delete,2021-10-08 17:15:52.140,0
C:\Users\jpdz\AppData\Local\Google\Chrome\User Data\Default\Web Data,"""C:\Program Files\Google\Chrome\Application\chrome.exe"" http://japaxiv835.wixsite.com/4154514
PID:856",FileEvent,Read,2021-10-08 17:15:43.942,16484
C:\Users\jpdz\AppData\Local\Google\Chrome\User Data\ThirdPartyModuleList32\2018.7.19.1\manifest.fingerprint,"""C:\Program Files\Google\Chrome\Application\chrome.exe"" http://japaxiv835.wixsite.com/4154514
PID:856",FileEvent,Read,2021-10-08 17:15:44.4,8192
"""C:\Program Files\Google\Chrome\Application\chrome.exe"" http://japaxiv835.wixsite.com/4154514
PID:856",C:\Users\jpdz\AppData\Local\Google\Chrome\User Data\Default\Code Cache\js\8c38309ab18e4998_0,FileEvent,Write,2021-10-08 17:15:45.968,518
C:\Windows\System32\mf.dll,"""C:\Program Files\Google\Chrome\Application\chrome.exe"" http://japaxiv835.wixsite.com/4154514
PID:856",FileEvent,Read,2021-10-08 17:15:48.723,4096
C:\Users\jpdz\AppData\Local\Google\Chrome\User Data\Default\Sessions\Session_13279022487986185,"""C:\Program Files\Google\Chrome\Application\chrome.exe"" http://japaxiv835.wixsite.com/4154514
PID:856",FileEvent,Read,2021-10-08 17:15:46.451,3812
C:\Users\jpdz\AppData\Local\Google\Chrome\User Data\SSLErrorAssistant\7\ssl_error_assistant.pb,"""C:\Program Files\Google\Chrome\Application\chrome.exe"" http://japaxiv835.wixsite.com/4154514
PID:856",FileEvent,Read,2021-10-08 17:15:48.457,8192
C:\Users\jpdz\AppData\Local\Google\Chrome\User Data\Default\Sync Data\LevelDB\MANIFEST-000001,"""C:\Program Files\Google\Chrome\Application\chrome.exe"" http://japaxiv835.wixsite.com/4154514
PID:856",FileEvent,Read,2021-10-08 17:15:44.126,32768
"""C:\Program Files\Google\Chrome\Application\chrome.exe"" http://japaxiv835.wixsite.com/4154514
PID:856",C:\Users\jpdz\AppData\Local\Google\Chrome\User Data\Local State~RF319e45.TMP,FileEvent,Delete,2021-10-08 17:15:54.358,0
"""C:\Program Files\Google\Chrome\Application\chrome.exe"" http://japaxiv835.wixsite.com/4154514
PID:856",C:\Users\jpdz\AppData\Local\Google\Chrome\User Data\Default\History,FileEvent,Write,2021-10-08 17:15:55.533,36864
C:\Users\jpdz\AppData\Local\Google\Chrome\User Data\Default\History,"""C:\Program Files\Google\Chrome\Application\chrome.exe"" http://japaxiv835.wixsite.com/4154514
PID:856",FileEvent,Read,2021-10-08 17:15:43.938,2121976
C:\Users\jpdz\AppData\Local\Google\Chrome\User Data\OptimizationHints\302\manifest.json,"""C:\Program Files\Google\Chrome\Application\chrome.exe"" http://japaxiv835.wixsite.com/4154514
PID:856",FileEvent,Read,2021-10-08 17:15:43.982,8192
"""C:\Program Files\Google\Chrome\Application\chrome.exe"" http://japaxiv835.wixsite.com/4154514
PID:856",C:\Users\jpdz\AppData\Local\Google\Chrome\User Data\Default\data_reduction_proxy_leveldb\LOG,FileEvent,Write,2021-10-08 17:15:48.339,12514
"""C:\Program Files\Google\Chrome\Application\chrome.exe"" http://japaxiv835.wixsite.com/4154514
PID:856",C:\Users\jpdz\AppData\Local\Google\Chrome\User Data\Default\Sessions\Tabs_13279059370104326,FileEvent,Write,2021-10-08 17:15:46.582,8452
"""C:\Program Files\Google\Chrome\Application\chrome.exe"" http://japaxiv835.wixsite.com/4154514
PID:856",C:\Users\jpdz\AppData\Local\Google\Chrome\User Data\Default\data_reduction_proxy_leveldb\LOG.old~RF318658.TMP,FileEvent,Delete,2021-10-08 17:15:48.338,0
"""C:\Program Files\Google\Chrome\Application\chrome.exe"" http://japaxiv835.wixsite.com/4154514
PID:856",C:\Users\jpdz\AppData\Local\Google\Chrome\User Data\Default\c6b148a6-9be6-46b7-9ff2-9d588c6c2216.tmp,FileEvent,Write,2021-10-08 17:15:44.213,6998
C:\Users\jpdz\AppData\Local\Google\Chrome\User Data\pnacl\0.57.44.2492\_platform_specific\x86_32\pnacl_public_pnacl_json,"""C:\Program Files\Google\Chrome\Application\chrome.exe"" http://japaxiv835.wixsite.com/4154514
PID:856",FileEvent,Read,2021-10-08 17:15:43.981,8192
"""C:\Program Files\Google\Chrome\Application\chrome.exe"" http://japaxiv835.wixsite.com/4154514
PID:856",C:\Users\jpdz\AppData\Local\Google\Chrome\User Data\aaa3f8ba-dcf2-42ad-910c-64d85f2a0d13.tmp,FileEvent,Write,2021-10-08 17:15:53.978,88221
C:\Program Files\Google\Chrome\Application\94.0.4606.81\resources.pak,"""C:\Program Files\Google\Chrome\Application\chrome.exe"" http://japaxiv835.wixsite.com/4154514
PID:856",FileEvent,Read,2021-10-08 17:15:48.317,7983104
C:\Users\jpdz\AppData\Local\Google\Chrome\User Data\Default\shared_proto_db\metadata\CURRENT,"""C:\Program Files\Google\Chrome\Application\chrome.exe"" http://japaxiv835.wixsite.com/4154514
PID:856",FileEvent,Read,2021-10-08 17:15:48.737,16384
C:\Users\jpdz\AppData\Local\Google\Chrome\User Data\MEIPreload\1.0.6.0\preloaded_data.pb,"""C:\Program Files\Google\Chrome\Application\chrome.exe"" http://japaxiv835.wixsite.com/4154514
PID:856",FileEvent,Read,2021-10-08 17:15:48.459,12288
C:\Users\jpdz\AppData\Local\Google\Chrome\User Data\Default\GPUCache\index,"""C:\Program Files\Google\Chrome\Application\chrome.exe"" http://japaxiv835.wixsite.com/4154514
PID:856",FileEvent,Read,2021-10-08 17:15:44.34,266608
C:\Users\jpdz\AppData\LocalLow\Microsoft\CryptnetUrlCache\Content\B2FAF7692FD9FFBD64EDE317E42334BA_D7393C8F62BDE4D4CB606228BC7A711E,"""C:\Program Files\Google\Chrome\Application\chrome.exe"" http://japaxiv835.wixsite.com/4154514
PID:856",FileEvent,Read,2021-10-08 17:15:44.656,3297
C:\Windows\system32\ntshrui.dll,"""C:\Program Files\Google\Chrome\Application\chrome.exe"" http://japaxiv835.wixsite.com/4154514
PID:856",FileEvent,Read,2021-10-08 17:15:48.723,28672
C:\Users\jpdz\AppData\Local\Google\Chrome\User Data\DesktopSharingHub\20210813.1\manifest.fingerprint,"""C:\Program Files\Google\Chrome\Application\chrome.exe"" http://japaxiv835.wixsite.com/4154514
PID:856",FileEvent,Read,2021-10-08 17:15:44.4,8192
C:\Users\jpdz\AppData\Local\Google\Chrome\User Data\Default\Code Cache\js\index,"""C:\Program Files\Google\Chrome\Application\chrome.exe"" http://japaxiv835.wixsite.com/4154514
PID:856",FileEvent,Read,2021-10-08 17:15:43.940,24
C:\Users\jpdz\AppData\Local\Google\Chrome\User Data\Default\Bookmarks,"""C:\Program Files\Google\Chrome\Application\chrome.exe"" http://japaxiv835.wixsite.com/4154514
PID:856",FileEvent,Read,2021-10-08 17:15:43.941,8192
C:\Users\jpdz\AppData\Local\Google\Chrome\User Data\GrShaderCache\GPUCache\data_2,"""C:\Program Files\Google\Chrome\Application\chrome.exe"" http://japaxiv835.wixsite.com/4154514
PID:856",FileEvent,Read,2021-10-08 17:15:45.402,8192
C:\Users\jpdz\AppData\Local\Google\Chrome\User Data\Default\Secure Preferences,"""C:\Program Files\Google\Chrome\Application\chrome.exe"" http://japaxiv835.wixsite.com/4154514
PID:856",FileEvent,Read,2021-10-08 17:15:43.934,20480
C:\Users\jpdz\AppData\Local\Google\Chrome\User Data\Default\data_reduction_proxy_leveldb\CURRENT,"""C:\Program Files\Google\Chrome\Application\chrome.exe"" http://japaxiv835.wixsite.com/4154514
PID:856",FileEvent,Read,2021-10-08 17:15:48.339,16384
C:\Users\jpdz\AppData\LocalLow\Microsoft\CryptnetUrlCache\Content\CAF4703619713E3F18D8A9D5D88D6288_A7725538C46DE2D0088EE44974E2CEBA,"""C:\Program Files\Google\Chrome\Application\chrome.exe"" http://japaxiv835.wixsite.com/4154514
PID:856",FileEvent,Read,2021-10-08 17:15:44.342,724
"""C:\Program Files\Google\Chrome\Application\chrome.exe"" http://japaxiv835.wixsite.com/4154514
PID:856",C:\Users\jpdz\AppData\Local\Google\Chrome\User Data\Default\Download Service\EntryDB\LOG.old~RF318df9.TMP,FileEvent,Delete,2021-10-08 17:15:50.250,0
"""C:\Program Files\Google\Chrome\Application\chrome.exe"" http://japaxiv835.wixsite.com/4154514
PID:856",C:\Users\jpdz\AppData\Local\Google\Chrome\User Data\Default\data_reduction_proxy_leveldb\MANIFEST-000008,FileEvent,Delete,2021-10-08 17:15:52.254,0
C:\Users\jpdz\AppData\Local\Google\Chrome\User Data\Default\data_reduction_proxy_leveldb\MANIFEST-000008,"""C:\Program Files\Google\Chrome\Application\chrome.exe"" http://japaxiv835.wixsite.com/4154514
PID:856",FileEvent,Read,2021-10-08 17:15:48.339,32768
C:\Users\jpdz\AppData\Local\Google\Chrome\User Data\Subresource Filter\Unindexed Rules\9.30.0\manifest.fingerprint,"""C:\Program Files\Google\Chrome\Application\chrome.exe"" http://japaxiv835.wixsite.com/4154514
PID:856",FileEvent,Read,2021-10-08 17:15:43.980,8192
C:\Users\jpdz\AppData\Local\Google\Chrome\User Data\ShaderCache\GPUCache\data_3,"""C:\Program Files\Google\Chrome\Application\chrome.exe"" http://japaxiv835.wixsite.com/4154514
PID:856",FileEvent,Read,2021-10-08 17:15:45.235,8192
"""C:\Program Files\Google\Chrome\Application\chrome.exe"" http://japaxiv835.wixsite.com/4154514
PID:856",C:\Users\jpdz\AppData\Local\Google\Chrome\User Data\Default\Code Cache\js\960724ba4bfcc575_0,FileEvent,Write,2021-10-08 17:15:45.653,464
C:\Users\jpdz\AppData\Local\Google\Chrome\User Data\Default\shared_proto_db\metadata\MANIFEST-000001,"""C:\Program Files\Google\Chrome\Application\chrome.exe"" http://japaxiv835.wixsite.com/4154514
PID:856",FileEvent,Read,2021-10-08 17:15:48.737,32768
C:\Users\jpdz\AppData\Local\Google\Chrome\User Data\DesktopSharingHub\20210813.1\manifest.json,"""C:\Program Files\Google\Chrome\Application\chrome.exe"" http://japaxiv835.wixsite.com/4154514
PID:856",FileEvent,Read,2021-10-08 17:15:43.998,8192
"""C:\Program Files\Google\Chrome\Application\chrome.exe"" http://japaxiv835.wixsite.com/4154514
PID:856",C:\Users\jpdz\AppData\Local\Google\Chrome\User Data\Default\463259fd-34cf-4427-bac5-87ce2440c383.tmp,FileEvent,Write,2021-10-08 17:15:54.216,7230
C:\Users\jpdz\AppData\Local\Google\Chrome\User Data\AutofillRegex\2021.8.17.1300\manifest.fingerprint,"""C:\Program Files\Google\Chrome\Application\chrome.exe"" http://japaxiv835.wixsite.com/4154514
PID:856",FileEvent,Read,2021-10-08 17:15:44.3,8192
C:\Windows\System32\cscui.dll,"""C:\Program Files\Google\Chrome\Application\chrome.exe"" http://japaxiv835.wixsite.com/4154514
PID:856",FileEvent,Read,2021-10-08 17:15:48.725,16384
C:\Users\jpdz\AppData\Local\Google\Chrome\User Data\ZxcvbnData\1\manifest.json,"""C:\Program Files\Google\Chrome\Application\chrome.exe"" http://japaxiv835.wixsite.com/4154514
PID:856",FileEvent,Read,2021-10-08 17:15:43.998,8192
C:\Users\jpdz\AppData\Local\Google\Chrome\User Data\ZxcvbnData\1\manifest.fingerprint,"""C:\Program Files\Google\Chrome\Application\chrome.exe"" http://japaxiv835.wixsite.com/4154514
PID:856",FileEvent,Read,2021-10-08 17:15:43.999,8192
"""C:\Program Files\Google\Chrome\Application\chrome.exe"" http://japaxiv835.wixsite.com/4154514
PID:856",C:\Users\jpdz\AppData\Local\Google\Chrome\User Data\Default\Code Cache\js\097df84c5ca14489_0,FileEvent,Write,2021-10-08 17:15:45.849,484
C:\Users\jpdz\AppData\Local\Google\Chrome\User Data\ShaderCache\GPUCache\index,"""C:\Program Files\Google\Chrome\Application\chrome.exe"" http://japaxiv835.wixsite.com/4154514
PID:856",FileEvent,Read,2021-10-08 17:15:45.234,266608
"""C:\Program Files\Google\Chrome\Application\chrome.exe"" http://japaxiv835.wixsite.com/4154514
PID:856",C:\Users\jpdz\AppData\Local\Google\Chrome\User Data\Default\Code Cache\js\61232f1ae7109675_0,FileEvent,Write,2021-10-08 17:15:45.587,468
C:\Users\jpdz\AppData\Local\Google\Chrome\User Data\FileTypePolicies\45\download_file_types.pb,"""C:\Program Files\Google\Chrome\Application\chrome.exe"" http://japaxiv835.wixsite.com/4154514
PID:856",FileEvent,Read,2021-10-08 17:15:48.458,12288
C:\Users\jpdz\AppData\Local\Google\Chrome\User Data\ShaderCache\GPUCache\data_1,"""C:\Program Files\Google\Chrome\Application\chrome.exe"" http://japaxiv835.wixsite.com/4154514
PID:856",FileEvent,Read,2021-10-08 17:15:45.235,8704
C:\Users\jpdz\AppData\Local\Google\Chrome\User Data\ShaderCache\GPUCache\data_0,"""C:\Program Files\Google\Chrome\Application\chrome.exe"" http://japaxiv835.wixsite.com/4154514
PID:856",FileEvent,Read,2021-10-08 17:15:45.235,16384
"""C:\Program Files\Google\Chrome\Application\chrome.exe"" http://japaxiv835.wixsite.com/4154514
PID:856",C:\Users\jpdz\AppData\Local\Google\Chrome\User Data\e8374d5c-f7bc-43e0-9c50-3cf7dd53cb5d.tmp,FileEvent,Write,2021-10-08 17:16:09.99,88221
"""C:\Program Files\Google\Chrome\Application\chrome.exe"" http://japaxiv835.wixsite.com/4154514
PID:856",C:\Users\jpdz\AppData\Local\Google\Chrome\User Data\Default\optimization_guide_hint_cache_store\LOG.old~RF318742.TMP,FileEvent,Delete,2021-10-08 17:15:48.555,0
C:\Users\jpdz\AppData\Local\Google\Chrome\User Data\GrShaderCache\GPUCache\data_0,"""C:\Program Files\Google\Chrome\Application\chrome.exe"" http://japaxiv835.wixsite.com/4154514
PID:856",FileEvent,Read,2021-10-08 17:15:45.402,16384
C:\Users\jpdz\AppData\Local\Google\Chrome\User Data\Module Info Cache,"""C:\Program Files\Google\Chrome\Application\chrome.exe"" http://japaxiv835.wixsite.com/4154514
PID:856",FileEvent,Read,2021-10-08 17:15:48.735,77824
"""C:\Program Files\Google\Chrome\Application\chrome.exe"" http://japaxiv835.wixsite.com/4154514
PID:856",C:\Users\jpdz\AppData\Local\Google\Chrome\User Data\Default\Favicons,FileEvent,Write,2021-10-08 17:15:56.819,18432
C:\Users\jpdz\AppData\Local\Google\Chrome\User Data\Default\Favicons,"""C:\Program Files\Google\Chrome\Application\chrome.exe"" http://japaxiv835.wixsite.com/4154514
PID:856",FileEvent,Read,2021-10-08 17:15:43.941,2103396
C:\Users\jpdz\AppData\LocalLow\Microsoft\CryptnetUrlCache\MetaData\F07644E38ED7C9F37D11EEC6D4335E02_5CDF66E6C848459D1861E65261D5D0AC,"""C:\Program Files\Google\Chrome\Application\chrome.exe"" http://japaxiv835.wixsite.com/4154514
PID:856",FileEvent,Read,2021-10-08 17:15:44.867,406
"""C:\Program Files\Google\Chrome\Application\chrome.exe"" http://japaxiv835.wixsite.com/4154514
PID:856",C:\Users\jpdz\AppData\Local\Google\Chrome\User Data\Default\data_reduction_proxy_leveldb\000009.log,FileEvent,Delete,2021-10-08 17:15:52.254,0
C:\Users\jpdz\AppData\Local\Google\Chrome\User Data\Default\data_reduction_proxy_leveldb\000009.log,"""C:\Program Files\Google\Chrome\Application\chrome.exe"" http://japaxiv835.wixsite.com/4154514
PID:856",FileEvent,Read,2021-10-08 17:15:48.493,32768
C:\Users\jpdz\AppData\Local\Google\Chrome\User Data\MEIPreload\1.0.6.0\manifest.json,"""C:\Program Files\Google\Chrome\Application\chrome.exe"" http://japaxiv835.wixsite.com/4154514
PID:856",FileEvent,Read,2021-10-08 17:15:43.995,8192
C:\Users\jpdz\AppData\Local\Google\Chrome\User Data\SwReporter\93.269.200\manifest.json,"""C:\Program Files\Google\Chrome\Application\chrome.exe"" http://japaxiv835.wixsite.com/4154514
PID:856",FileEvent,Read,2021-10-08 17:15:43.997,8192
C:\Program Files\Windows Sidebar\sbdrop.dll,"""C:\Program Files\Google\Chrome\Application\chrome.exe"" http://japaxiv835.wixsite.com/4154514
PID:856",FileEvent,Read,2021-10-08 17:15:48.727,4096
C:\Users\jpdz\AppData\Local\Google\Chrome\User Data\Default\Code Cache\wasm\index,"""C:\Program Files\Google\Chrome\Application\chrome.exe"" http://japaxiv835.wixsite.com/4154514
PID:856",FileEvent,Read,2021-10-08 17:15:43.940,24
C:\Users\jpdz\AppData\Local\Google\Chrome\User Data\Default\GPUCache\data_1,"""C:\Program Files\Google\Chrome\Application\chrome.exe"" http://japaxiv835.wixsite.com/4154514
PID:856",FileEvent,Read,2021-10-08 17:15:44.34,8704
C:\Windows\system32\drivers\etc\hosts,"""C:\Program Files\Google\Chrome\Application\chrome.exe"" http://japaxiv835.wixsite.com/4154514
PID:856",FileEvent,Read,2021-10-08 17:15:43.926,8192
"""C:\Program Files\Google\Chrome\Application\chrome.exe"" http://japaxiv835.wixsite.com/4154514
PID:856",C:\Users\jpdz\AppData\Local\Google\Chrome\User Data\Default\Code Cache\js\index-dir\temp-index,FileEvent,Write,2021-10-08 17:16:05.973,384
C:\Windows\system32\syncui.dll,"""C:\Program Files\Google\Chrome\Application\chrome.exe"" http://japaxiv835.wixsite.com/4154514
PID:856",FileEvent,Read,2021-10-08 17:15:48.724,16384
C:\Users\jpdz\AppData\LocalLow\Microsoft\CryptnetUrlCache\Content\F07644E38ED7C9F37D11EEC6D4335E02_BE9EEF936EC97838527255B8F50AE885,"""C:\Program Files\Google\Chrome\Application\chrome.exe"" http://japaxiv835.wixsite.com/4154514
PID:856",FileEvent,Read,2021-10-08 17:15:44.343,472
C:\Users\jpdz\AppData\Local\Google\Chrome\User Data\SwReporter\93.269.200\manifest.fingerprint,"""C:\Program Files\Google\Chrome\Application\chrome.exe"" http://japaxiv835.wixsite.com/4154514
PID:856",FileEvent,Read,2021-10-08 17:15:43.997,8192
"""C:\Program Files\Google\Chrome\Application\chrome.exe"" http://japaxiv835.wixsite.com/4154514
PID:856",C:\Users\jpdz\AppData\Local\Google\Chrome\User Data\Default\Local Storage\leveldb\LOG.old~RF31762b.TMP,FileEvent,Delete,2021-10-08 17:15:44.193,0
"""C:\Program Files\Google\Chrome\Application\chrome.exe"" http://japaxiv835.wixsite.com/4154514
PID:856",C:\Users\jpdz\AppData\Local\Google\Chrome\User Data\Default\data_reduction_proxy_leveldb\000010.dbtmp,FileEvent,Write,2021-10-08 17:15:50.822,4112
C:\Users\jpdz\AppData\Local\Google\Chrome\User Data\Default\PreferredApps,"""C:\Program Files\Google\Chrome\Application\chrome.exe"" http://japaxiv835.wixsite.com/4154514
PID:856",FileEvent,Read,2021-10-08 17:15:48.311,8192
"""C:\Program Files\Google\Chrome\Application\chrome.exe"" http://japaxiv835.wixsite.com/4154514
PID:856",C:\Users\jpdz\AppData\Local\Google\Chrome\User Data\Default\GCM Store\Encryption\LOG.old~RF318742.TMP,FileEvent,Delete,2021-10-08 17:15:48.562,0
C:\Users\jpdz\AppData\Local\Google\Chrome\User Data\Default\Site Characteristics Database\000003.log,"""C:\Program Files\Google\Chrome\Application\chrome.exe"" http://japaxiv835.wixsite.com/4154514
PID:856",FileEvent,Read,2021-10-08 17:15:44.127,32768
C:\Users\jpdz\AppData\Local\Google\Chrome\User Data\Crowd Deny\2021.10.11.1142\manifest.fingerprint,"""C:\Program Files\Google\Chrome\Application\chrome.exe"" http://japaxiv835.wixsite.com/4154514
PID:856",FileEvent,Read,2021-10-08 17:15:43.998,8192
"""C:\Program Files\Google\Chrome\Application\chrome.exe"" http://japaxiv835.wixsite.com/4154514
PID:856",C:\Users\jpdz\AppData\Local\Google\Chrome\User Data\Crashpad\settings.dat,FileEvent,Write,2021-10-08 17:15:43.659,240
C:\Users\jpdz\AppData\Local\Google\Chrome\User Data\Crashpad\settings.dat,"""C:\Program Files\Google\Chrome\Application\chrome.exe"" http://japaxiv835.wixsite.com/4154514
PID:856",FileEvent,Read,2021-10-08 17:15:43.659,160
C:\Users\jpdz\AppData\Local\Google\Chrome\User Data\ClientSidePhishing\25.3\manifest.fingerprint,"""C:\Program Files\Google\Chrome\Application\chrome.exe"" http://japaxiv835.wixsite.com/4154514
PID:856",FileEvent,Read,2021-10-08 17:15:44.3,8192
C:\Users\jpdz\AppData\Local\Google\Chrome\User Data\Default\GPUCache\data_2,"""C:\Program Files\Google\Chrome\Application\chrome.exe"" http://japaxiv835.wixsite.com/4154514
PID:856",FileEvent,Read,2021-10-08 17:15:44.34,8192
"""C:\Program Files\Google\Chrome\Application\chrome.exe"" http://japaxiv835.wixsite.com/4154514
PID:856",C:\Users\jpdz\AppData\Local\Google\Chrome\User Data\Default\shared_proto_db\LOG.old~RF3187fe.TMP,FileEvent,Delete,2021-10-08 17:15:48.739,0
C:\Users\jpdz\AppData\Local\Google\Chrome\User Data\AutofillStates\2020.11.2.164946\manifest.fingerprint,"""C:\Program Files\Google\Chrome\Application\chrome.exe"" http://japaxiv835.wixsite.com/4154514
PID:856",FileEvent,Read,2021-10-08 17:15:44.3,8192
C:\Users\jpdz\AppData\Local\Google\Chrome\User Data\SSLErrorAssistant\7\manifest.json,"""C:\Program Files\Google\Chrome\Application\chrome.exe"" http://japaxiv835.wixsite.com/4154514
PID:856",FileEvent,Read,2021-10-08 17:15:43.988,8192
C:\Users\jpdz\AppData\Local\Google\Chrome\User Data\hyphen-data\97.0.4673.0\manifest.json,"""C:\Program Files\Google\Chrome\Application\chrome.exe"" http://japaxiv835.wixsite.com/4154514
PID:856",FileEvent,Read,2021-10-08 17:15:43.998,8192
"""C:\Program Files\Google\Chrome\Application\chrome.exe"" http://japaxiv835.wixsite.com/4154514
PID:856",C:\Users\jpdz\AppData\Local\Google\Chrome\User Data\Default\Code Cache\js\cccf829484b1f72b_0,FileEvent,Write,2021-10-08 17:15:45.530,496
C:\Users\jpdz\AppData\Local\Google\Chrome\User Data\OptimizationHints\302\optimization-hints.pb,"""C:\Program Files\Google\Chrome\Application\chrome.exe"" http://japaxiv835.wixsite.com/4154514
PID:856",FileEvent,Read,2021-10-08 17:15:50.246,49152
C:\Users\jpdz\AppData\Local\Google\Chrome\User Data\Default\Extension State\000003.log,"""C:\Program Files\Google\Chrome\Application\chrome.exe"" http://japaxiv835.wixsite.com/4154514
PID:856",FileEvent,Read,2021-10-08 17:15:44.216,32768
C:\Users\jpdz\AppData\Local\Google\Chrome\User Data\Default\GCM Store\Encryption\MANIFEST-000001,"""C:\Program Files\Google\Chrome\Application\chrome.exe"" http://japaxiv835.wixsite.com/4154514
PID:856",FileEvent,Read,2021-10-08 17:15:48.563,32768
"""C:\Program Files\Google\Chrome\Application\chrome.exe"" http://japaxiv835.wixsite.com/4154514
PID:856",C:\Users\jpdz\AppData\Local\Google\Chrome\User Data\Default\Extension State\LOG,FileEvent,Write,2021-10-08 17:15:44.216,493
"""C:\Program Files\Google\Chrome\Application\chrome.exe"" http://japaxiv835.wixsite.com/4154514
PID:856",C:\Users\jpdz\AppData\Local\Google\Chrome\User Data\Local State~RF31d9f6.TMP,FileEvent,Delete,2021-10-08 17:16:09.447,0
C:\Users\jpdz\AppData\Local\Google\Chrome\User Data\SSLErrorAssistant\7\manifest.fingerprint,"""C:\Program Files\Google\Chrome\Application\chrome.exe"" http://japaxiv835.wixsite.com/4154514
PID:856",FileEvent,Read,2021-10-08 17:15:43.990,8192
C:\Users\jpdz\AppData\Local\Google\Chrome\User Data\Default\GPUCache\data_3,"""C:\Program Files\Google\Chrome\Application\chrome.exe"" http://japaxiv835.wixsite.com/4154514
PID:856",FileEvent,Read,2021-10-08 17:15:44.34,8192
C:\Users\jpdz\AppData\Local\Google\Chrome\User Data\Default\Extension State\CURRENT,"""C:\Program Files\Google\Chrome\Application\chrome.exe"" http://japaxiv835.wixsite.com/4154514
PID:856",FileEvent,Read,2021-10-08 17:15:44.216,16384
C:\Users\jpdz\AppData\LocalLow\Microsoft\CryptnetUrlCache\MetaData\F07644E38ED7C9F37D11EEC6D4335E02_BE9EEF936EC97838527255B8F50AE885,"""C:\Program Files\Google\Chrome\Application\chrome.exe"" http://japaxiv835.wixsite.com/4154514
PID:856",FileEvent,Read,2021-10-08 17:15:44.343,406
C:\Users\jpdz\AppData\Local\Google\Chrome\User Data\SafetyTips\2716\safety_tips.pb,"""C:\Program Files\Google\Chrome\Application\chrome.exe"" http://japaxiv835.wixsite.com/4154514
PID:856",FileEvent,Read,2021-10-08 17:15:48.458,53248
C:\Program Files\Google\Chrome\Application\94.0.4606.81\chrome_100_percent.pak,"""C:\Program Files\Google\Chrome\Application\chrome.exe"" http://japaxiv835.wixsite.com/4154514
PID:856",FileEvent,Read,2021-10-08 17:15:48.346,679936
"""C:\Program Files\Google\Chrome\Application\chrome.exe"" http://japaxiv835.wixsite.com/4154514
PID:856","""C:\Program Files\Google\Chrome\Application\chrome.exe"" --type=gpu-process --field-trial-handle=1020,4436203683500343130,7195691390616061411,131072 --gpu-preferences=UAAAAAAAAADgAAAIAAAAAAAAAAAAAAAAAABgAIAAAAAwAAAAAAAAAAAAAAAAAAAAAAAAAAAAAAAAAAAAAAAAAHgAAAAAAAAAeAAAAAAAAAAoAAAABAAAACAAAAAAAAAAKAAAAAAAAAAwAAAAAAAAADgAAAAAAAAAEAAAAAAAAAAAAAAADQAAABAAAAAAAAAAAQAAAA0AAAAQAAAAAAAAAAQAAAANAAAAEAAAAAAAAAAHAAAADQAAAAgAAAAAAAAACAAAAAAAAAA= --use-gl=angle --use-angle=swiftshader-webgl --mojo-platform-channel-handle=1
PID:2548",ProcessEvent,Create,2021-10-08 17:15:45.237,
C:\Windows\Prefetch\CHROME.EXE-5A1054AF.pf,"""C:\Program Files\Google\Chrome\Application\chrome.exe"" http://japaxiv835.wixsite.com/4154514
PID:856",FileEvent,Read,2021-10-08 17:15:43.642,18170
"""C:\Program Files\Google\Chrome\Application\chrome.exe"" http://japaxiv835.wixsite.com/4154514
PID:856",C:\Users\jpdz\AppData\Local\Google\Chrome\User Data\Default\Code Cache\js\82421dacc61eeb54_0,FileEvent,Write,2021-10-08 17:15:45.684,482
C:\Users\jpdz\AppData\Local\Google\Chrome\User Data\FileTypePolicies\45\manifest.fingerprint,"""C:\Program Files\Google\Chrome\Application\chrome.exe"" http://japaxiv835.wixsite.com/4154514
PID:856",FileEvent,Read,2021-10-08 17:15:43.993,8192
C:\Users\jpdz\AppData\Local\Google\Chrome\User Data\CertificateRevocation\6921\crl-set,"""C:\Program Files\Google\Chrome\Application\chrome.exe"" http://japaxiv835.wixsite.com/4154514
PID:856",FileEvent,Read,2021-10-08 17:15:48.458,28672
"""C:\Program Files\Google\Chrome\Application\chrome.exe"" http://japaxiv835.wixsite.com/4154514
PID:856",C:\Users\jpdz\AppData\Local\Google\Chrome\User Data\BrowserMetrics\BrowserMetrics-616DCCA7-358.pma,FileEvent,Delete,2021-10-08 17:15:48.309,0
C:\Users\jpdz\AppData\Local\Google\Chrome\User Data\BrowserMetrics\BrowserMetrics-616DCCA7-358.pma,"""C:\Program Files\Google\Chrome\Application\chrome.exe"" http://japaxiv835.wixsite.com/4154514
PID:856",FileEvent,Read,2021-10-08 17:15:43.913,249856
"""C:\Program Files\Google\Chrome\Application\chrome.exe"" http://japaxiv835.wixsite.com/4154514
PID:856",C:\Users\jpdz\AppData\Local\Google\Chrome\User Data\Default\Session Storage\LOG.old~RF31762b.TMP,FileEvent,Delete,2021-10-08 17:15:44.197,0
"""C:\Program Files\Google\Chrome\Application\chrome.exe"" http://japaxiv835.wixsite.com/4154514
PID:856",C:\Users\jpdz\AppData\Local\Google\Chrome\User Data\Default\Site Characteristics Database\LOG.old~RF317531.TMP,FileEvent,Delete,2021-10-08 17:15:44.126,0
C:\Users\jpdz\AppData\Local\Google\Chrome\User Data\Default\Sync Data\LevelDB\CURRENT,"""C:\Program Files\Google\Chrome\Application\chrome.exe"" http://japaxiv835.wixsite.com/4154514
PID:856",FileEvent,Read,2021-10-08 17:15:44.126,16384
"""C:\Program Files\Google\Chrome\Application\chrome.exe"" http://japaxiv835.wixsite.com/4154514
PID:856",C:\Users\jpdz\AppData\Local\Google\Chrome\User Data\Last Version,FileEvent,Write,2021-10-08 17:15:43.930,12
C:\Users\jpdz\AppData\Local\Google\Chrome\User Data\Last Version,"""C:\Program Files\Google\Chrome\Application\chrome.exe"" http://japaxiv835.wixsite.com/4154514
PID:856",FileEvent,Read,2021-10-08 17:15:43.930,8192
C:\Users\jpdz\AppData\Local\Google\Chrome\User Data\ThirdPartyModuleList32\2018.7.19.1\manifest.json,"""C:\Program Files\Google\Chrome\Application\chrome.exe"" http://japaxiv835.wixsite.com/4154514
PID:856",FileEvent,Read,2021-10-08 17:15:43.997,8192
C:\Users\jpdz\AppData\Local\Google\Chrome\User Data\Default\Login Data For Account,"""C:\Program Files\Google\Chrome\Application\chrome.exe"" http://japaxiv835.wixsite.com/4154514
PID:856",FileEvent,Read,2021-10-08 17:15:43.975,12388
C:\Program Files\Google\Chrome\Application\94.0.4606.81\chrome_200_percent.pak,"""C:\Program Files\Google\Chrome\Application\chrome.exe"" http://japaxiv835.wixsite.com/4154514
PID:856",FileEvent,Read,2021-10-08 17:15:48.348,1056768
"""C:\Program Files\Google\Chrome\Application\chrome.exe"" http://japaxiv835.wixsite.com/4154514
PID:856",C:\Users\jpdz\AppData\Local\Google\Chrome\User Data\Default\Code Cache\js\3be9c07c07fb6354_0,FileEvent,Write,2021-10-08 17:15:45.915,534
"""C:\Program Files\Google\Chrome\Application\chrome.exe"" http://japaxiv835.wixsite.com/4154514
PID:856",C:\Users\jpdz\AppData\Local\Google\Chrome\User Data\Default\Code Cache\js\705a9463a1909ec0_0,FileEvent,Write,2021-10-08 17:15:45.653,470
C:\Users\jpdz\AppData\Local\Google\Chrome\User Data\PKIMetadata\51\manifest.json,"""C:\Program Files\Google\Chrome\Application\chrome.exe"" http://japaxiv835.wixsite.com/4154514
PID:856",FileEvent,Read,2021-10-08 17:15:43.997,8192
"""C:\Program Files\Google\Chrome\Application\chrome.exe"" http://japaxiv835.wixsite.com/4154514
PID:856",C:\Users\jpdz\AppData\Local\Google\Chrome\User Data\Default\Code Cache\js\index-dir\the-real-index~RF31cc3a.TMP,FileEvent,Delete,2021-10-08 17:16:05.976,0
C:\Users\jpdz\AppData\Local\Google\Chrome\User Data\ZxcvbnData\1\us_tv_and_film.txt,"""C:\Program Files\Google\Chrome\Application\chrome.exe"" http://japaxiv835.wixsite.com/4154514
PID:856",FileEvent,Read,2021-10-08 17:15:48.459,172032
C:\Users\jpdz\AppData\Local\Google\Chrome\User Data\Default\Login Data,"""C:\Program Files\Google\Chrome\Application\chrome.exe"" http://japaxiv835.wixsite.com/4154514
PID:856",FileEvent,Read,2021-10-08 17:15:43.974,12388
"""C:\Program Files\Google\Chrome\Application\chrome.exe"" http://japaxiv835.wixsite.com/4154514
PID:856",C:\Users\jpdz\AppData\Local\Google\Chrome\User Data\Default\blob_storage\e2d218cb-e870-449a-9367-24384cf9c19a,FileEvent,Delete,2021-10-08 17:15:48.307,0
"""C:\Program Files\Google\Chrome\Application\chrome.exe"" http://japaxiv835.wixsite.com/4154514
PID:856",C:\Users\jpdz\AppData\Local\Google\Chrome\User Data\Default\Favicons-journal,FileEvent,Write,2021-10-08 17:15:46.502,45656
C:\Users\jpdz\AppData\Local\Google\Chrome\User Data\Default\Favicons-journal,"""C:\Program Files\Google\Chrome\Application\chrome.exe"" http://japaxiv835.wixsite.com/4154514
PID:856",FileEvent,Read,2021-10-08 17:15:56.259,8
C:\Users\jpdz\AppData\Local\Google\Chrome\User Data\Default\Network Action Predictor,"""C:\Program Files\Google\Chrome\Application\chrome.exe"" http://japaxiv835.wixsite.com/4154514
PID:856",FileEvent,Read,2021-10-08 17:15:48.352,2101348
"""C:\Program Files\Google\Chrome\Application\chrome.exe"" http://japaxiv835.wixsite.com/4154514
PID:856",C:\Users\jpdz\AppData\Local\Google\Chrome\User Data\Default\optimization_guide_model_and_features_store\LOG.old~RF318742.TMP,FileEvent,Delete,2021-10-08 17:15:48.557,0
C:\Users\jpdz\AppData\Local\Google\Chrome\User Data\CertificateRevocation\6921\manifest.fingerprint,"""C:\Program Files\Google\Chrome\Application\chrome.exe"" http://japaxiv835.wixsite.com/4154514
PID:856",FileEvent,Read,2021-10-08 17:15:43.994,8192
"""C:\Program Files\Google\Chrome\Application\chrome.exe"" http://japaxiv835.wixsite.com/4154514
PID:856","""C:\Program Files\Google\Chrome\Application\chrome.exe"" --type=gpu-process --field-trial-handle=1020,4436203683500343130,7195691390616061411,131072 --gpu-preferences=UAAAAAAAAADgAAAIAAAAAAAAAAAAAAAAAABgAIAAAAAwAAAAAAAAAAAAAAAAAAAAAAAAAAAAAAAAAAAAAAAAAHgAAAAAAAAAeAAAAAAAAAAoAAAABAAAACAAAAAAAAAAKAAAAAAAAAAwAAAAAAAAADgAAAAAAAAAEAAAAAAAAAAAAAAADQAAABAAAAAAAAAAAQAAAA0AAAAQAAAAAAAAAAQAAAANAAAAEAAAAAAAAAAHAAAADQAAAAgAAAAAAAAACAAAAAAAAAA= --mojo-platform-channel-handle=1056 /prefetch:2
PID:3044",ProcessEvent,Stop,2021-10-08 17:15:45.233,
C:\Users\jpdz\AppData\Local\Google\Chrome\User Data\Default\shared_proto_db\CURRENT,"""C:\Program Files\Google\Chrome\Application\chrome.exe"" http://japaxiv835.wixsite.com/4154514
PID:856",FileEvent,Read,2021-10-08 17:15:48.739,16384
"""C:\Program Files\Google\Chrome\Application\chrome.exe"" http://japaxiv835.wixsite.com/4154514
PID:856",C:\Users\jpdz\AppData\Local\Google\Chrome\User Data\Default\13b4b78c-3d2a-4951-af1b-c90f5773f643.tmp,FileEvent,Delete,2021-10-08 17:15:44.130,0
"""C:\Program Files\Google\Chrome\Application\chrome.exe"" http://japaxiv835.wixsite.com/4154514
PID:856",C:\Users\jpdz\AppData\Local\Google\Chrome\User Data\Default\13b4b78c-3d2a-4951-af1b-c90f5773f643.tmp,FileEvent,Write,2021-10-08 17:15:44.129,1
C:\Users\jpdz\AppData\Local\Google\Chrome\User Data\AutofillRegex\2021.8.17.1300\manifest.json,"""C:\Program Files\Google\Chrome\Application\chrome.exe"" http://japaxiv835.wixsite.com/4154514
PID:856",FileEvent,Read,2021-10-08 17:15:44.3,8192
C:\Users\jpdz\AppData\Local\Google\Chrome\User Data\Crowd Deny\2021.10.11.1142\Preload Data,"""C:\Program Files\Google\Chrome\Application\chrome.exe"" http://japaxiv835.wixsite.com/4154514
PID:856",FileEvent,Read,2021-10-08 17:15:44.70,20480
C:\Windows\system32\spool\drivers\color\sRGB Color Space Profile.icm,"""C:\Program Files\Google\Chrome\Application\chrome.exe"" http://japaxiv835.wixsite.com/4154514
PID:856",FileEvent,Read,2021-10-08 17:15:44.62,8192
"""C:\Program Files\Google\Chrome\Application\chrome.exe"" http://japaxiv835.wixsite.com/4154514
PID:856",C:\Users\jpdz\AppData\Local\Google\Chrome\User Data\Default\Code Cache\js\b5288636a4c1a210_0,FileEvent,Write,2021-10-08 17:15:45.835,486
"""C:\Program Files\Google\Chrome\Application\chrome.exe"" http://japaxiv835.wixsite.com/4154514
PID:856",C:\Users\jpdz\AppData\Local\Google\Chrome\User Data\Default\AutofillStrikeDatabase\LOG.old~RF318742.TMP,FileEvent,Delete,2021-10-08 17:15:48.559,0
C:\Users\jpdz\AppData\Local\Google\Chrome\User Data\OriginTrials\1.0.0.9\manifest.fingerprint,"""C:\Program Files\Google\Chrome\Application\chrome.exe"" http://japaxiv835.wixsite.com/4154514
PID:856",FileEvent,Read,2021-10-08 17:15:43.997,8192
"""C:\Program Files\Google\Chrome\Application\chrome.exe"" http://japaxiv835.wixsite.com/4154514
PID:856",C:\Users\jpdz\AppData\Local\Google\Chrome\User Data\Default\Code Cache\js\dc8b5a4e24d4477d_0,FileEvent,Write,2021-10-08 17:15:45.482,448
"""C:\Program Files\Google\Chrome\Application\chrome.exe"" http://japaxiv835.wixsite.com/4154514
PID:856",C:\Users\jpdz\AppData\Local\Google\Chrome\User Data\Default\Feature Engagement Tracker\AvailabilityDB\LOG.old~RF3187ee.TMP,FileEvent,Delete,2021-10-08 17:15:48.733,0
C:\Users\jpdz\AppData\LocalLow\Microsoft\CryptnetUrlCache\MetaData\CAF4703619713E3F18D8A9D5D88D6288_A7725538C46DE2D0088EE44974E2CEBA,"""C:\Program Files\Google\Chrome\Application\chrome.exe"" http://japaxiv835.wixsite.com/4154514
PID:856",FileEvent,Read,2021-10-08 17:15:44.342,392
C:\Users\jpdz\AppData\LocalLow\Microsoft\CryptnetUrlCache\Content\07CEF2F654E3ED6050FFC9B6EB844250_3431D4C539FB2CFCB781821E9902850D,"""C:\Program Files\Google\Chrome\Application\chrome.exe"" http://japaxiv835.wixsite.com/4154514
PID:856",FileEvent,Read,2021-10-08 17:15:44.658,5089
C:\Users\jpdz\AppData\Local\Google\Chrome\User Data\Default\GCM Store\Encryption\000003.log,"""C:\Program Files\Google\Chrome\Application\chrome.exe"" http://japaxiv835.wixsite.com/4154514
PID:856",FileEvent,Read,2021-10-08 17:15:48.660,32768
C:\Program Files\Google\Chrome\Application\94.0.4606.81\chrome.dll,"""C:\Program Files\Google\Chrome\Application\chrome.exe"" http://japaxiv835.wixsite.com/4154514
PID:856",FileEvent,Read,2021-10-08 17:15:43.662,150994944
C:\Users\jpdz\AppData\Local\Google\Chrome\User Data\TrustTokenKeyCommitments\2021.10.17.2\manifest.fingerprint,"""C:\Program Files\Google\Chrome\Application\chrome.exe"" http://japaxiv835.wixsite.com/4154514
PID:856",FileEvent,Read,2021-10-08 17:15:43.987,8192
"""C:\Program Files\Google\Chrome\Application\chrome.exe"" http://japaxiv835.wixsite.com/4154514
PID:856",C:\Users\jpdz\AppData\Local\Google\Chrome\User Data\Last Browser,FileEvent,Write,2021-10-08 17:15:48.353,106
C:\Windows\system32\EhStorShell.dll,"""C:\Program Files\Google\Chrome\Application\chrome.exe"" http://japaxiv835.wixsite.com/4154514
PID:856",FileEvent,Read,2021-10-08 17:15:48.727,4096
"""C:\Program Files\Google\Chrome\Application\chrome.exe"" http://japaxiv835.wixsite.com/4154514
PID:856",C:\Users\jpdz\AppData\Local\Google\Chrome\User Data\BrowserMetrics\BrowserMetrics-616D3BAE-F30.pma,FileEvent,Delete,2021-10-08 17:15:48.309,0
C:\Users\jpdz\AppData\Local\Google\Chrome\User Data\Floc\1.0.6\manifest.json,"""C:\Program Files\Google\Chrome\Application\chrome.exe"" http://japaxiv835.wixsite.com/4154514
PID:856",FileEvent,Read,2021-10-08 17:15:43.980,8192
C:\Users\jpdz\AppData\Local\Google\Chrome\User Data\Default\Extension State\MANIFEST-000001,"""C:\Program Files\Google\Chrome\Application\chrome.exe"" http://japaxiv835.wixsite.com/4154514
PID:856",FileEvent,Read,2021-10-08 17:15:44.216,32768
C:\Windows\system32\colorui.dll,"""C:\Program Files\Google\Chrome\Application\chrome.exe"" http://japaxiv835.wixsite.com/4154514
PID:856",FileEvent,Read,2021-10-08 17:15:48.730,4096
"""C:\Program Files\Google\Chrome\Application\chrome.exe"" http://japaxiv835.wixsite.com/4154514
PID:856",C:\Users\jpdz\AppData\Local\Google\Chrome\User Data\Default\shared_proto_db\metadata\LOG,FileEvent,Write,2021-10-08 17:15:48.737,520
C:\Users\jpdz\AppData\Local\Google\Chrome\User Data\OriginTrials\1.0.0.9\manifest.json,"""C:\Program Files\Google\Chrome\Application\chrome.exe"" http://japaxiv835.wixsite.com/4154514
PID:856",FileEvent,Read,2021-10-08 17:15:43.995,8192
C:\Windows\system32\cryptext.dll,"""C:\Program Files\Google\Chrome\Application\chrome.exe"" http://japaxiv835.wixsite.com/4154514
PID:856",FileEvent,Read,2021-10-08 17:15:48.728,4096
"""C:\Program Files\Google\Chrome\Application\chrome.exe"" http://japaxiv835.wixsite.com/4154514
PID:856",C:\Users\jpdz\AppData\Local\Google\Chrome\User Data\Default\Feature Engagement Tracker\EventDB\LOG.old~RF3187ee.TMP,FileEvent,Delete,2021-10-08 17:15:48.732,0
"""C:\Program Files\Google\Chrome\Application\chrome.exe"" http://japaxiv835.wixsite.com/4154514
PID:856",C:\Users\jpdz\AppData\Local\Google\Chrome\User Data\Default\shared_proto_db\metadata\LOG.old~RF3187ee.TMP,FileEvent,Delete,2021-10-08 17:15:48.736,0
"""C:\Program Files\Google\Chrome\Application\chrome.exe"" http://japaxiv835.wixsite.com/4154514
PID:856","""C:\Program Files\Google\Chrome\Application\chrome.exe"" --type=renderer --disable-client-side-phishing-detection --cross-origin-webassembly-module-sharing-allowed --display-capture-permissions-policy-allowed --field-trial-handle=1020,4436203683500343130,7195691390616061411,131072 --lang=zh-CN --device-scale-factor=1 --num-raster-threads=1 --renderer-client-id=5 --no-v8-untrusted-code-mitigations --mojo-platform-channel-handle=1940 /prefetch:1
PID:3140",ProcessEvent,Create,2021-10-08 17:15:44.76,
C:\Users\jpdz\AppData\Local\Google\Chrome\User Data\Default\Preferences,"""C:\Program Files\Google\Chrome\Application\chrome.exe"" http://japaxiv835.wixsite.com/4154514
PID:856",FileEvent,Read,2021-10-08 17:15:43.934,12288
"""C:\Program Files\Google\Chrome\Application\chrome.exe"" http://japaxiv835.wixsite.com/4154514
PID:856",C:\Users\jpdz\AppData\Local\Google\Chrome\User Data\Default\BudgetDatabase\LOG.old~RF3187ee.TMP,FileEvent,Delete,2021-10-08 17:15:48.734,0
C:\Users\jpdz\AppData\LocalLow\Microsoft\CryptnetUrlCache\MetaData\B2FAF7692FD9FFBD64EDE317E42334BA_D7393C8F62BDE4D4CB606228BC7A711E,"""C:\Program Files\Google\Chrome\Application\chrome.exe"" http://japaxiv835.wixsite.com/4154514
PID:856",FileEvent,Read,2021-10-08 17:15:44.656,2772
C:\Users\jpdz\AppData\Local\Google\Chrome\User Data\Default\GPUCache\data_0,"""C:\Program Files\Google\Chrome\Application\chrome.exe"" http://japaxiv835.wixsite.com/4154514
PID:856",FileEvent,Read,2021-10-08 17:15:44.34,16384
"""C:\Program Files\Google\Chrome\Application\chrome.exe"" http://japaxiv835.wixsite.com/4154514
PID:856",C:\Users\jpdz\AppData\Local\Google\Chrome\User Data\Default\Sessions\Session_13279059369973928,FileEvent,Write,2021-10-08 17:15:46.452,6221
C:\Users\jpdz\AppData\Local\Google\Chrome\User Data\AutofillStates\2020.11.2.164946\manifest.json,"""C:\Program Files\Google\Chrome\Application\chrome.exe"" http://japaxiv835.wixsite.com/4154514
PID:856",FileEvent,Read,2021-10-08 17:15:43.999,8192
C:\Users\jpdz\AppData\Local\Google\Chrome\User Data\Default\Sessions\Tabs_13279022482387234,"""C:\Program Files\Google\Chrome\Application\chrome.exe"" http://japaxiv835.wixsite.com/4154514
PID:856",FileEvent,Read,2021-10-08 17:15:43.976,5708
"""C:\Program Files\Google\Chrome\Application\chrome.exe"" http://japaxiv835.wixsite.com/4154514
PID:856",C:\Users\jpdz\AppData\Local\Google\Chrome\User Data\Default\Sync Data\LevelDB\LOG,FileEvent,Write,2021-10-08 17:15:44.127,499
C:\Users\jpdz\AppData\Local\Google\Chrome\User Data\hyphen-data\97.0.4673.0\manifest.fingerprint,"""C:\Program Files\Google\Chrome\Application\chrome.exe"" http://japaxiv835.wixsite.com/4154514
PID:856",FileEvent,Read,2021-10-08 17:15:43.998,8192
C:\Users\jpdz\AppData\Local\Google\Chrome\User Data\Subresource Filter\Unindexed Rules\9.30.0\manifest.json,"""C:\Program Files\Google\Chrome\Application\chrome.exe"" http://japaxiv835.wixsite.com/4154514
PID:856",FileEvent,Read,2021-10-08 17:15:43.980,8192
"""C:\Program Files\Google\Chrome\Application\chrome.exe"" http://japaxiv835.wixsite.com/4154514
PID:856",C:\Users\jpdz\AppData\Local\Google\Chrome\User Data\Default\Preferences~RF31783e.TMP,FileEvent,Delete,2021-10-08 17:15:44.831,0
"""C:\Program Files\Google\Chrome\Application\chrome.exe"" http://japaxiv835.wixsite.com/4154514
PID:856","""C:\Program Files\Google\Chrome\Application\chrome.exe"" --type=renderer --disable-client-side-phishing-detection --cross-origin-webassembly-module-sharing-allowed --display-capture-permissions-policy-allowed --field-trial-handle=1020,4436203683500343130,7195691390616061411,131072 --lang=zh-CN --device-scale-factor=1 --num-raster-threads=1 --renderer-client-id=5 --no-v8-untrusted-code-mitigations --mojo-platform-channel-handle=1940 /prefetch:1
PID:3140",ProcessEvent,Stop,2021-10-08 17:15:45.273,
C:\Users\jpdz\AppData\Local\Google\Chrome\User Data\OptimizationHints\302\manifest.fingerprint,"""C:\Program Files\Google\Chrome\Application\chrome.exe"" http://japaxiv835.wixsite.com/4154514
PID:856",FileEvent,Read,2021-10-08 17:15:43.984,8192
C:\Users\jpdz\AppData\Local\Google\Chrome\User Data\FontLookupTableCache\font_unique_name_table.pb,"""C:\Program Files\Google\Chrome\Application\chrome.exe"" http://japaxiv835.wixsite.com/4154514
PID:856",FileEvent,Read,2021-10-08 17:15:48.456,24
"""C:\Program Files\Google\Chrome\Application\chrome.exe"" http://japaxiv835.wixsite.com/4154514
PID:856",C:\Users\jpdz\AppData\Local\Google\Chrome\User Data\Default\shared_proto_db\metadata\000003.log,FileEvent,Write,2021-10-08 17:15:48.740,61
C:\Users\jpdz\AppData\Local\Google\Chrome\User Data\Default\shared_proto_db\metadata\000003.log,"""C:\Program Files\Google\Chrome\Application\chrome.exe"" http://japaxiv835.wixsite.com/4154514
PID:856",FileEvent,Read,2021-10-08 17:15:48.737,32768
"""C:\Program Files\Google\Chrome\Application\chrome.exe"" http://japaxiv835.wixsite.com/4154514
PID:856","""C:\Program Files\Google\Chrome\Application\chrome.exe"" --type=utility --utility-sub-type=network.mojom.NetworkService --field-trial-handle=1020,4436203683500343130,7195691390616061411,131072 --lang=zh-CN --service-sandbox-type=none --mojo-platform-channel-handle=1252 /prefetch:8
PID:4004",ProcessEvent,Create,2021-10-08 17:15:43.935,
C:\Users\jpdz\AppData\Local\Google\Chrome\User Data\ShaderCache\GPUCache\data_2,"""C:\Program Files\Google\Chrome\Application\chrome.exe"" http://japaxiv835.wixsite.com/4154514
PID:856",FileEvent,Read,2021-10-08 17:15:45.235,8192
C:\Users\jpdz\AppData\Local\Google\Chrome\User Data\TrustTokenKeyCommitments\2021.10.17.2\manifest.json,"""C:\Program Files\Google\Chrome\Application\chrome.exe"" http://japaxiv835.wixsite.com/4154514
PID:856",FileEvent,Read,2021-10-08 17:15:43.986,8192
C:\Users\jpdz\AppData\Local\Google\Chrome\User Data\SafetyTips\2716\manifest.fingerprint,"""C:\Program Files\Google\Chrome\Application\chrome.exe"" http://japaxiv835.wixsite.com/4154514
PID:856",FileEvent,Read,2021-10-08 17:15:43.997,8192
C:\Users\jpdz\AppData\Local\Google\Chrome\User Data\Local State,"""C:\Program Files\Google\Chrome\Application\chrome.exe"" http://japaxiv835.wixsite.com/4154514
PID:856",FileEvent,Read,2021-10-08 17:15:43.904,53248
"""C:\Program Files\Google\Chrome\Application\chrome.exe"" http://japaxiv835.wixsite.com/4154514
PID:856","""C:\Program Files\Google\Chrome\Application\chrome.exe"" --type=utility --utility-sub-type=data_decoder.mojom.DataDecoderService --field-trial-handle=1020,4436203683500343130,7195691390616061411,131072 --lang=zh-CN --service-sandbox-type=service --mojo-platform-channel-handle=3188 /prefetch:8
PID:3704",ProcessEvent,Stop,2021-10-08 17:15:48.555,
"""C:\Program Files\Google\Chrome\Application\chrome.exe"" http://japaxiv835.wixsite.com/4154514
PID:856",C:\Users\jpdz\AppData\Local\Google\Chrome\User Data\Default\Code Cache\js\9869592ef04853dd_0,FileEvent,Write,2021-10-08 17:15:45.909,542
C:\Users\jpdz\AppData\Local\Google\Chrome\User Data\Default\Sync Data\LevelDB\000003.log,"""C:\Program Files\Google\Chrome\Application\chrome.exe"" http://japaxiv835.wixsite.com/4154514
PID:856",FileEvent,Read,2021-10-08 17:15:44.127,32768
C:\Users\jpdz\AppData\Local\Google\Chrome\User Data\ZxcvbnData\1\english_wikipedia.txt,"""C:\Program Files\Google\Chrome\Application\chrome.exe"" http://japaxiv835.wixsite.com/4154514
PID:856",FileEvent,Read,2021-10-08 17:15:48.459,282624
"""C:\Program Files\Google\Chrome\Application\chrome.exe"" http://japaxiv835.wixsite.com/4154514
PID:856","""C:\Program Files\Google\Chrome\Application\chrome.exe"" --type=utility --utility-sub-type=storage.mojom.StorageService --field-trial-handle=1020,4436203683500343130,7195691390616061411,131072 --lang=zh-CN --service-sandbox-type=utility --mojo-platform-channel-handle=1472 /prefetch:8
PID:2200",ProcessEvent,Create,2021-10-08 17:15:43.945,
C:\Users\jpdz\AppData\Local\Google\Chrome\User Data\SafetyTips\2716\manifest.json,"""C:\Program Files\Google\Chrome\Application\chrome.exe"" http://japaxiv835.wixsite.com/4154514
PID:856",FileEvent,Read,2021-10-08 17:15:43.997,8192
C:\Users\jpdz\AppData\Local\Google\Chrome\User Data\FileTypePolicies\45\manifest.json,"""C:\Program Files\Google\Chrome\Application\chrome.exe"" http://japaxiv835.wixsite.com/4154514
PID:856",FileEvent,Read,2021-10-08 17:15:43.992,8192
"""C:\Program Files\Google\Chrome\Application\chrome.exe"" http://japaxiv835.wixsite.com/4154514
PID:856","""C:\Program Files\Google\Chrome\Application\chrome.exe"" --type=utility --utility-sub-type=data_decoder.mojom.DataDecoderService --field-trial-handle=1020,4436203683500343130,7195691390616061411,131072 --lang=zh-CN --service-sandbox-type=service --mojo-platform-channel-handle=3188 /prefetch:8
PID:3704",ProcessEvent,Create,2021-10-08 17:15:48.497,
C:\Users\jpdz\AppData\Local\Google\Chrome\User Data\ZxcvbnData\1\passwords.txt,"""C:\Program Files\Google\Chrome\Application\chrome.exe"" http://japaxiv835.wixsite.com/4154514
PID:856",FileEvent,Read,2021-10-08 17:15:48.459,249856
C:\Program Files\Google\Chrome\Application\94.0.4606.81\MEIPreload\manifest.json,"""C:\Program Files\Google\Chrome\Application\chrome.exe"" http://japaxiv835.wixsite.com/4154514
PID:856",FileEvent,Read,2021-10-08 17:15:43.995,8192
"""C:\Program Files\Google\Chrome\Application\chrome.exe"" http://japaxiv835.wixsite.com/4154514
PID:856","""C:\Program Files\Google\Chrome\Application\chrome.exe"" --type=renderer --disable-client-side-phishing-detection --cross-origin-webassembly-module-sharing-allowed --display-capture-permissions-policy-allowed --field-trial-handle=1020,4436203683500343130,7195691390616061411,131072 --lang=zh-CN --device-scale-factor=1 --num-raster-threads=1 --renderer-client-id=7 --no-v8-untrusted-code-mitigations --mojo-platform-channel-handle=2884 /prefetch:1
PID:1304",ProcessEvent,Create,2021-10-08 17:15:44.738,
"""C:\Program Files\Google\Chrome\Application\chrome.exe"" http://japaxiv835.wixsite.com/4154514
PID:856",C:\Users\jpdz\AppData\Local\Google\Chrome\User Data\Default\shared_proto_db\000003.log,FileEvent,Write,2021-10-08 17:15:50.240,19
C:\Users\jpdz\AppData\Local\Google\Chrome\User Data\Default\shared_proto_db\000003.log,"""C:\Program Files\Google\Chrome\Application\chrome.exe"" http://japaxiv835.wixsite.com/4154514
PID:856",FileEvent,Read,2021-10-08 17:15:48.739,32768
C:\Users\jpdz\AppData\Local\Google\Chrome\User Data\TrustTokenKeyCommitments\2021.10.17.2\keys.json,"""C:\Program Files\Google\Chrome\Application\chrome.exe"" http://japaxiv835.wixsite.com/4154514
PID:856",FileEvent,Read,2021-10-08 17:15:48.457,20480
C:\Users\jpdz\AppData\Local\Google\Chrome\User Data\Default\Code Cache\js\index-dir\the-real-index,"""C:\Program Files\Google\Chrome\Application\chrome.exe"" http://japaxiv835.wixsite.com/4154514
PID:856",FileEvent,Read,2021-10-08 17:15:44.65,48
C:\Users\jpdz\AppData\Local\Google\Chrome\User Data\GrShaderCache\GPUCache\data_1,"""C:\Program Files\Google\Chrome\Application\chrome.exe"" http://japaxiv835.wixsite.com/4154514
PID:856",FileEvent,Read,2021-10-08 17:15:45.402,8704
C:\Windows\Fonts\staticcache.dat,"""C:\Program Files\Google\Chrome\Application\chrome.exe"" http://japaxiv835.wixsite.com/4154514
PID:856",FileEvent,Read,2021-10-08 17:15:44.58,60
C:\Users\jpdz\AppData\Local\Google\Chrome\User Data\pnacl\0.57.44.2492\manifest.fingerprint,"""C:\Program Files\Google\Chrome\Application\chrome.exe"" http://japaxiv835.wixsite.com/4154514
PID:856",FileEvent,Read,2021-10-08 17:15:44.3,8192
"""C:\Program Files\Google\Chrome\Application\chrome.exe"" http://japaxiv835.wixsite.com/4154514
PID:856",C:\Users\jpdz\AppData\Local\Google\Chrome\User Data\20e9337a-681a-4bd7-8958-21b6e92a3751.tmp,FileEvent,Write,2021-10-08 17:15:44.102,48969
C:\Users\jpdz\AppData\Local\Google\Chrome\User Data\GrShaderCache\GPUCache\data_3,"""C:\Program Files\Google\Chrome\Application\chrome.exe"" http://japaxiv835.wixsite.com/4154514
PID:856",FileEvent,Read,2021-10-08 17:15:45.402,8192
C:\Users\jpdz\AppData\Local\Google\Chrome\User Data\Default\Top Sites,"""C:\Program Files\Google\Chrome\Application\chrome.exe"" http://japaxiv835.wixsite.com/4154514
PID:856",FileEvent,Read,2021-10-08 17:15:44.13,12388
C:\Users\jpdz\AppData\Local\Google\Chrome\User Data\Default\Site Characteristics Database\MANIFEST-000001,"""C:\Program Files\Google\Chrome\Application\chrome.exe"" http://japaxiv835.wixsite.com/4154514
PID:856",FileEvent,Read,2021-10-08 17:15:44.127,32768
C:\Users\jpdz\AppData\Local\Google\Chrome\User Data\Default\heavy_ad_intervention_opt_out.db,"""C:\Program Files\Google\Chrome\Application\chrome.exe"" http://japaxiv835.wixsite.com/4154514
PID:856",FileEvent,Read,2021-10-08 17:15:48.312,12388
C:\Users\jpdz\AppData\Local\Google\Chrome\User Data\ClientSidePhishing\25.3\manifest.json,"""C:\Program Files\Google\Chrome\Application\chrome.exe"" http://japaxiv835.wixsite.com/4154514
PID:856",FileEvent,Read,2021-10-08 17:15:44.3,8192
C:\Users\jpdz\AppData\Local\Google\Chrome\User Data\Default\Site Characteristics Database\CURRENT,"""C:\Program Files\Google\Chrome\Application\chrome.exe"" http://japaxiv835.wixsite.com/4154514
PID:856",FileEvent,Read,2021-10-08 17:15:44.127,16384
"""C:\Program Files\Google\Chrome\Application\chrome.exe"" http://japaxiv835.wixsite.com/4154514
PID:856","""C:\Program Files\Google\Chrome\Application\chrome.exe"" --type=crashpad-handler ""--user-data-dir=C:\Users\jpdz\AppData\Local\Google\Chrome\User Data"" /prefetch:7 --monitor-self-annotation=ptype=crashpad-handler ""--database=C:\Users\jpdz\AppData\Local\Google\Chrome\User Data\Crashpad"" --url=https://clients2.google.com/cr/report --annotation=channel= --annotation=plat=Win32 --annotation=prod=Chrome --annotation=ver=94.0.4606.81 --initial-client-data=0xa0,0xac,0xb0,0x74,0xb4,0x6eb33708,0x6eb33718,0x6eb33724
PID:3152",ProcessEvent,Create,2021-10-08 17:15:43.650,
C:\Users\jpdz\AppData\Local\Google\Chrome\User Data\Default\Code Cache\wasm\index-dir\the-real-index,"""C:\Program Files\Google\Chrome\Application\chrome.exe"" http://japaxiv835.wixsite.com/4154514
PID:856",FileEvent,Read,2021-10-08 17:15:44.66,48
C:\Users\jpdz\AppData\Local\Google\Chrome\User Data\ZxcvbnData\1\female_names.txt,"""C:\Program Files\Google\Chrome\Application\chrome.exe"" http://japaxiv835.wixsite.com/4154514
PID:856",FileEvent,Read,2021-10-08 17:15:48.459,32768
C:\Windows\System32\shdocvw.dll,"""C:\Program Files\Google\Chrome\Application\chrome.exe"" http://japaxiv835.wixsite.com/4154514
PID:856",FileEvent,Read,2021-10-08 17:15:48.723,4096
"""C:\Program Files\Google\Chrome\Application\chrome.exe"" http://japaxiv835.wixsite.com/4154514
PID:856",C:\Users\jpdz\AppData\Local\Google\Chrome\User Data\Default\Site Characteristics Database\LOG,FileEvent,Write,2021-10-08 17:15:44.127,535
"""C:\Program Files\Google\Chrome\Application\chrome.exe"" http://japaxiv835.wixsite.com/4154514
PID:856",C:\Users\jpdz\AppData\Local\Google\Chrome\User Data\Default\shared_proto_db\LOG,FileEvent,Write,2021-10-08 17:15:48.739,493
C:\Users\jpdz\AppData\Local\Google\Chrome\User Data\AutofillRegex\2021.8.17.1300\data.json,"""C:\Program Files\Google\Chrome\Application\chrome.exe"" http://japaxiv835.wixsite.com/4154514
PID:856",FileEvent,Read,2021-10-08 17:15:48.496,102400
"""C:\Program Files\Google\Chrome\Application\chrome.exe"" http://japaxiv835.wixsite.com/4154514
PID:856",C:\Users\jpdz\AppData\Local\Google\Chrome\User Data\Default\Visited Links,FileEvent,Write,2021-10-08 17:15:44.756,28
C:\Users\jpdz\AppData\Local\Google\Chrome\User Data\Default\Visited Links,"""C:\Program Files\Google\Chrome\Application\chrome.exe"" http://japaxiv835.wixsite.com/4154514
PID:856",FileEvent,Read,2021-10-08 17:15:43.941,135168
C:\Users\jpdz\AppData\LocalLow\Microsoft\CryptnetUrlCache\Content\24BD96D5497F70B3F510A6B53CD43F3E_3A89246FB90C5EE6620004F1AE0EB0EA,"""C:\Program Files\Google\Chrome\Application\chrome.exe"" http://japaxiv835.wixsite.com/4154514
PID:856",FileEvent,Read,2021-10-08 17:15:44.340,1447
"""C:\Program Files\Google\Chrome\Application\chrome.exe"" http://japaxiv835.wixsite.com/4154514
PID:856",C:\Users\jpdz\AppData\Local\Google\Chrome\User Data\Default\Extension State\LOG.old~RF31763b.TMP,FileEvent,Delete,2021-10-08 17:15:44.216,0
C:\Users\jpdz\AppData\Local\Google\Chrome\User Data\GrShaderCache\GPUCache\index,"""C:\Program Files\Google\Chrome\Application\chrome.exe"" http://japaxiv835.wixsite.com/4154514
PID:856",FileEvent,Read,2021-10-08 17:15:45.402,266608
C:\Users\jpdz\AppData\Local\Google\Chrome\User Data\ClientSidePhishing\25.3\client_model.pb,"""C:\Program Files\Google\Chrome\Application\chrome.exe"" http://japaxiv835.wixsite.com/4154514
PID:856",FileEvent,Read,2021-10-08 17:15:48.496,110592
C:\Users\jpdz\AppData\Local\Google\Chrome\User Data\ZxcvbnData\1\surnames.txt,"""C:\Program Files\Google\Chrome\Application\chrome.exe"" http://japaxiv835.wixsite.com/4154514
PID:856",FileEvent,Read,2021-10-08 17:15:48.459,81920
C:\Program Files\Google\Chrome\Application\94.0.4606.81\WidevineCdm\manifest.json,"""C:\Program Files\Google\Chrome\Application\chrome.exe"" http://japaxiv835.wixsite.com/4154514
PID:856",FileEvent,Read,2021-10-08 17:15:43.977,8192
C:\Users\jpdz\AppData\Local\Google\Chrome\User Data\Default\GCM Store\Encryption\CURRENT,"""C:\Program Files\Google\Chrome\Application\chrome.exe"" http://japaxiv835.wixsite.com/4154514
PID:856",FileEvent,Read,2021-10-08 17:15:48.563,16384
"""C:\Program Files\Google\Chrome\Application\chrome.exe"" http://japaxiv835.wixsite.com/4154514
PID:856",C:\Users\jpdz\AppData\Local\Google\Chrome\User Data\Default\Sync Data\LevelDB\LOG.old~RF317541.TMP,FileEvent,Delete,2021-10-08 17:15:44.126,0
C:\Users\jpdz\AppData\Local\Google\Chrome\User Data\DesktopSharingHub\20210813.1\desktop_sharing_hub.pb,"""C:\Program Files\Google\Chrome\Application\chrome.exe"" http://japaxiv835.wixsite.com/4154514
PID:856",FileEvent,Read,2021-10-08 17:15:48.538,270336
"""C:\Program Files\Google\Chrome\Application\chrome.exe"" http://japaxiv835.wixsite.com/4154514
PID:856",C:\Users\jpdz\AppData\Local\Google\Chrome\User Data\Default\Code Cache\js\ec28a716ebcfe728_0,FileEvent,Write,2021-10-08 17:15:45.853,482
"""C:\Program Files\Google\Chrome\Application\chrome.exe"" http://japaxiv835.wixsite.com/4154514
PID:856",C:\Users\jpdz\AppData\Local\Google\Chrome\User Data\Default\LOG.old~RF318df9.TMP,FileEvent,Delete,2021-10-08 17:15:50.244,0
C:\Windows\system32\stobject.dll,"""C:\Program Files\Google\Chrome\Application\chrome.exe"" http://japaxiv835.wixsite.com/4154514
PID:856",FileEvent,Read,2021-10-08 17:15:48.727,4096
C:\Users\jpdz\AppData\Local\Google\Chrome\User Data\ZxcvbnData\1\male_names.txt,"""C:\Program Files\Google\Chrome\Application\chrome.exe"" http://japaxiv835.wixsite.com/4154514
PID:856",FileEvent,Read,2021-10-08 17:15:48.459,12288
C:\Users\jpdz\AppData\Local\Google\Chrome\User Data\pnacl\0.57.44.2492\manifest.json,"""C:\Program Files\Google\Chrome\Application\chrome.exe"" http://japaxiv835.wixsite.com/4154514
PID:856",FileEvent,Read,2021-10-08 17:15:43.978,8192
C:\Users\jpdz\AppData\Local\Google\Chrome\User Data\MEIPreload\1.0.6.0\manifest.fingerprint,"""C:\Program Files\Google\Chrome\Application\chrome.exe"" http://japaxiv835.wixsite.com/4154514
PID:856",FileEvent,Read,2021-10-08 17:15:43.998,8192
"""C:\Program Files\Google\Chrome\Application\chrome.exe"" http://japaxiv835.wixsite.com/4154514
PID:856",C:\Users\jpdz\AppData\Local\Google\Chrome\User Data\Default\GCM Store\Encryption\LOG,FileEvent,Write,2021-10-08 17:15:48.563,12796
"""C:\Program Files\Google\Chrome\Application\chrome.exe"" http://japaxiv835.wixsite.com/4154514
PID:856",C:\Users\jpdz\AppData\Local\Google\Chrome\User Data\Default\data_reduction_proxy_leveldb\MANIFEST-000010,FileEvent,Write,2021-10-08 17:15:48.494,16477
C:\Users\jpdz\AppData\Local\Google\Chrome\User Data\Floc\1.0.6\manifest.fingerprint,"""C:\Program Files\Google\Chrome\Application\chrome.exe"" http://japaxiv835.wixsite.com/4154514
PID:856",FileEvent,Read,2021-10-08 17:15:43.980,8192
C:\Windows\system32\shell32.dll,"""C:\Program Files\Google\Chrome\Application\chrome.exe"" http://japaxiv835.wixsite.com/4154514
PID:856",FileEvent,Read,2021-10-08 17:15:48.723,32768
"""C:\Program Files\Google\Chrome\Application\chrome.exe"" http://japaxiv835.wixsite.com/4154514
PID:856",C:\Users\jpdz\AppData\Local\Google\Chrome\User Data\Local State~RF31783e.TMP,FileEvent,Delete,2021-10-08 17:15:44.831,0
C:\Users\jpdz\AppData\LocalLow\Microsoft\CryptnetUrlCache\MetaData\07CEF2F654E3ED6050FFC9B6EB844250_3431D4C539FB2CFCB781821E9902850D,"""C:\Program Files\Google\Chrome\Application\chrome.exe"" http://japaxiv835.wixsite.com/4154514
PID:856",FileEvent,Read,2021-10-08 17:15:44.658,2814
C:\Users\jpdz\AppData\LocalLow\Microsoft\CryptnetUrlCache\Content\F07644E38ED7C9F37D11EEC6D4335E02_5CDF66E6C848459D1861E65261D5D0AC,"""C:\Program Files\Google\Chrome\Application\chrome.exe"" http://japaxiv835.wixsite.com/4154514
PID:856",FileEvent,Read,2021-10-08 17:15:44.867,472
C:\Users\jpdz\AppData\Local\Google\Chrome\User Data\Crowd Deny\2021.10.11.1142\manifest.json,"""C:\Program Files\Google\Chrome\Application\chrome.exe"" http://japaxiv835.wixsite.com/4154514
PID:856",FileEvent,Read,2021-10-08 17:15:43.998,8192
C:\Windows\Prefetch\CHROME.EXE-5A1054AF.pf,"""C:\Program Files\Google\Chrome\Application\chrome.exe"" --type=renderer --disable-client-side-phishing-detection --cross-origin-webassembly-module-sharing-allowed --display-capture-permissions-policy-allowed --field-trial-handle=1020,4436203683500343130,7195691390616061411,131072 --lang=zh-CN --device-scale-factor=1 --num-raster-threads=1 --renderer-client-id=6 --no-v8-untrusted-code-mitigations --mojo-platform-channel-handle=1924 /prefetch:1
PID:3348",FileEvent,Read,2021-10-08 17:15:44.88,19168
C:\Program Files\Google\Chrome\Application\94.0.4606.81\chrome.dll,"""C:\Program Files\Google\Chrome\Application\chrome.exe"" --type=renderer --disable-client-side-phishing-detection --cross-origin-webassembly-module-sharing-allowed --display-capture-permissions-policy-allowed --field-trial-handle=1020,4436203683500343130,7195691390616061411,131072 --lang=zh-CN --device-scale-factor=1 --num-raster-threads=1 --renderer-client-id=6 --no-v8-untrusted-code-mitigations --mojo-platform-channel-handle=1924 /prefetch:1
PID:3348",FileEvent,Read,2021-10-08 17:15:44.221,150994944
"""C:\Program Files\Google\Chrome\Application\chrome.exe"" --type=renderer --disable-client-side-phishing-detection --cross-origin-webassembly-module-sharing-allowed --display-capture-permissions-policy-allowed --field-trial-handle=1020,4436203683500343130,7195691390616061411,131072 --lang=zh-CN --device-scale-factor=1 --num-raster-threads=1 --renderer-client-id=6 --no-v8-untrusted-code-mitigations --mojo-platform-channel-handle=1924 /prefetch:1
PID:3348",C:\Users\jpdz\AppData\Local\Temp\8e235151-3d8f-491e-acba-b17a337636a1.tmp,FileEvent,Write,2021-10-08 17:15:53.473,364110
C:\Windows\Prefetch\CHROME.EXE-5A1054AF.pf,"""C:\Program Files\Google\Chrome\Application\chrome.exe"" --type=gpu-process --field-trial-handle=1020,4436203683500343130,7195691390616061411,131072 --gpu-preferences=UAAAAAAAAADgAAAIAAAAAAAAAAAAAAAAAABgAIAAAAAwAAAAAAAAAAAAAAAAAAAAAAAAAAAAAAAAAAAAAAAAAHgAAAAAAAAAeAAAAAAAAAAoAAAABAAAACAAAAAAAAAAKAAAAAAAAAAwAAAAAAAAADgAAAAAAAAAEAAAAAAAAAAAAAAADQAAABAAAAAAAAAAAQAAAA0AAAAQAAAAAAAAAAQAAAANAAAAEAAAAAAAAAAHAAAADQAAAAgAAAAAAAAACAAAAAAAAAA= --mojo-platform-channel-handle=1056 /prefetch:2
PID:3044",FileEvent,Read,2021-10-08 17:15:43.942,19168
C:\Program Files\Google\Chrome\Application\94.0.4606.81\chrome.dll,"""C:\Program Files\Google\Chrome\Application\chrome.exe"" --type=gpu-process --field-trial-handle=1020,4436203683500343130,7195691390616061411,131072 --gpu-preferences=UAAAAAAAAADgAAAIAAAAAAAAAAAAAAAAAABgAIAAAAAwAAAAAAAAAAAAAAAAAAAAAAAAAAAAAAAAAAAAAAAAAHgAAAAAAAAAeAAAAAAAAAAoAAAABAAAACAAAAAAAAAAKAAAAAAAAAAwAAAAAAAAADgAAAAAAAAAEAAAAAAAAAAAAAAADQAAABAAAAAAAAAAAQAAAA0AAAAQAAAAAAAAAAQAAAANAAAAEAAAAAAAAAAHAAAADQAAAAgAAAAAAAAACAAAAAAAAAA= --mojo-platform-channel-handle=1056 /prefetch:2
PID:3044",FileEvent,Read,2021-10-08 17:15:43.949,150994944
C:\Windows\Prefetch\CHROME.EXE-5A1054AF.pf,"""C:\Program Files\Google\Chrome\Application\chrome.exe"" --type=gpu-process --field-trial-handle=1020,4436203683500343130,7195691390616061411,131072 --gpu-preferences=UAAAAAAAAADgAAAIAAAAAAAAAAAAAAAAAABgAIAAAAAwAAAAAAAAAAAAAAAAAAAAAAAAAAAAAAAAAAAAAAAAAHgAAAAAAAAAeAAAAAAAAAAoAAAABAAAACAAAAAAAAAAKAAAAAAAAAAwAAAAAAAAADgAAAAAAAAAEAAAAAAAAAAAAAAADQAAABAAAAAAAAAAAQAAAA0AAAAQAAAAAAAAAAQAAAANAAAAEAAAAAAAAAAHAAAADQAAAAgAAAAAAAAACAAAAAAAAAA= --use-gl=angle --use-angle=swiftshader-webgl --mojo-platform-channel-handle=1
PID:2548",FileEvent,Read,2021-10-08 17:15:45.238,19168
C:\Program Files\Google\Chrome\Application\94.0.4606.81\chrome.dll,"""C:\Program Files\Google\Chrome\Application\chrome.exe"" --type=gpu-process --field-trial-handle=1020,4436203683500343130,7195691390616061411,131072 --gpu-preferences=UAAAAAAAAADgAAAIAAAAAAAAAAAAAAAAAABgAIAAAAAwAAAAAAAAAAAAAAAAAAAAAAAAAAAAAAAAAAAAAAAAAHgAAAAAAAAAeAAAAAAAAAAoAAAABAAAACAAAAAAAAAAKAAAAAAAAAAwAAAAAAAAADgAAAAAAAAAEAAAAAAAAAAAAAAADQAAABAAAAAAAAAAAQAAAA0AAAAQAAAAAAAAAAQAAAANAAAAEAAAAAAAAAAHAAAADQAAAAgAAAAAAAAACAAAAAAAAAA= --use-gl=angle --use-angle=swiftshader-webgl --mojo-platform-channel-handle=1
PID:2548",FileEvent,Read,2021-10-08 17:15:45.243,150994944
C:\Program Files\Google\Chrome\Application\94.0.4606.81\vk_swiftshader_icd.json,"""C:\Program Files\Google\Chrome\Application\chrome.exe"" --type=gpu-process --field-trial-handle=1020,4436203683500343130,7195691390616061411,131072 --gpu-preferences=UAAAAAAAAADgAAAIAAAAAAAAAAAAAAAAAABgAIAAAAAwAAAAAAAAAAAAAAAAAAAAAAAAAAAAAAAAAAAAAAAAAHgAAAAAAAAAeAAAAAAAAAAoAAAABAAAACAAAAAAAAAAKAAAAAAAAAAwAAAAAAAAADgAAAAAAAAAEAAAAAAAAAAAAAAADQAAABAAAAAAAAAAAQAAAA0AAAAQAAAAAAAAAAQAAAANAAAAEAAAAAAAAAAHAAAADQAAAAgAAAAAAAAACAAAAAAAAAA= --use-gl=angle --use-angle=swiftshader-webgl --mojo-platform-channel-handle=1
PID:2548",FileEvent,Read,2021-10-08 17:15:45.358,34816
C:\Windows\Prefetch\CHROME.EXE-5A1054AF.pf,"""C:\Program Files\Google\Chrome\Application\chrome.exe"" --type=renderer --disable-client-side-phishing-detection --cross-origin-webassembly-module-sharing-allowed --display-capture-permissions-policy-allowed --field-trial-handle=1020,4436203683500343130,7195691390616061411,131072 --lang=zh-CN --device-scale-factor=1 --num-raster-threads=1 --renderer-client-id=5 --no-v8-untrusted-code-mitigations --mojo-platform-channel-handle=1940 /prefetch:1
PID:3140",FileEvent,Read,2021-10-08 17:15:44.93,19168
C:\Program Files\Google\Chrome\Application\94.0.4606.81\chrome.dll,"""C:\Program Files\Google\Chrome\Application\chrome.exe"" --type=renderer --disable-client-side-phishing-detection --cross-origin-webassembly-module-sharing-allowed --display-capture-permissions-policy-allowed --field-trial-handle=1020,4436203683500343130,7195691390616061411,131072 --lang=zh-CN --device-scale-factor=1 --num-raster-threads=1 --renderer-client-id=5 --no-v8-untrusted-code-mitigations --mojo-platform-channel-handle=1940 /prefetch:1
PID:3140",FileEvent,Read,2021-10-08 17:15:44.140,150994944
"""C:\Program Files\Google\Chrome\Application\chrome.exe"" --type=utility --utility-sub-type=network.mojom.NetworkService --field-trial-handle=1020,4436203683500343130,7195691390616061411,131072 --lang=zh-CN --service-sandbox-type=none --mojo-platform-channel-handle=1252 /prefetch:8
PID:4004",52.21.155.214,IpChannelEvent,TcpIpConnect,2021-10-08 17:15:45.755,0
"""C:\Program Files\Google\Chrome\Application\chrome.exe"" --type=utility --utility-sub-type=network.mojom.NetworkService --field-trial-handle=1020,4436203683500343130,7195691390616061411,131072 --lang=zh-CN --service-sandbox-type=none --mojo-platform-channel-handle=1252 /prefetch:8
PID:4004",52.21.155.214,IpChannelEvent,TcpIpSend,2021-10-08 17:15:45.755,15715
52.21.155.214,"""C:\Program Files\Google\Chrome\Application\chrome.exe"" --type=utility --utility-sub-type=network.mojom.NetworkService --field-trial-handle=1020,4436203683500343130,7195691390616061411,131072 --lang=zh-CN --service-sandbox-type=none --mojo-platform-channel-handle=1252 /prefetch:8
PID:4004",IpChannelEvent,TcpIpRecv,2021-10-08 17:15:45.985,9337
"""C:\Program Files\Google\Chrome\Application\chrome.exe"" --type=utility --utility-sub-type=network.mojom.NetworkService --field-trial-handle=1020,4436203683500343130,7195691390616061411,131072 --lang=zh-CN --service-sandbox-type=none --mojo-platform-channel-handle=1252 /prefetch:8
PID:4004",52.84.228.12,IpChannelEvent,TcpIpConnect,2021-10-08 17:15:45.90,0
"""C:\Program Files\Google\Chrome\Application\chrome.exe"" --type=utility --utility-sub-type=network.mojom.NetworkService --field-trial-handle=1020,4436203683500343130,7195691390616061411,131072 --lang=zh-CN --service-sandbox-type=none --mojo-platform-channel-handle=1252 /prefetch:8
PID:4004",52.84.228.12,IpChannelEvent,TcpIpSend,2021-10-08 17:15:45.91,581
52.84.228.12,"""C:\Program Files\Google\Chrome\Application\chrome.exe"" --type=utility --utility-sub-type=network.mojom.NetworkService --field-trial-handle=1020,4436203683500343130,7195691390616061411,131072 --lang=zh-CN --service-sandbox-type=none --mojo-platform-channel-handle=1252 /prefetch:8
PID:4004",IpChannelEvent,TcpIpRecv,2021-10-08 17:15:45.157,6753
C:\Users\jpdz\AppData\Local\Google\Chrome\User Data\Default\Cache\data_1,"""C:\Program Files\Google\Chrome\Application\chrome.exe"" --type=utility --utility-sub-type=network.mojom.NetworkService --field-trial-handle=1020,4436203683500343130,7195691390616061411,131072 --lang=zh-CN --service-sandbox-type=none --mojo-platform-channel-handle=1252 /prefetch:8
PID:4004",FileEvent,Read,2021-10-08 17:15:44.259,8704
"""C:\Program Files\Google\Chrome\Application\chrome.exe"" --type=utility --utility-sub-type=network.mojom.NetworkService --field-trial-handle=1020,4436203683500343130,7195691390616061411,131072 --lang=zh-CN --service-sandbox-type=none --mojo-platform-channel-handle=1252 /prefetch:8
PID:4004",C:\Users\jpdz\AppData\Local\Google\Chrome\User Data\Default\Cache\data_1,FileEvent,Write,2021-10-08 17:15:44.260,25641
"""C:\Program Files\Google\Chrome\Application\chrome.exe"" --type=utility --utility-sub-type=network.mojom.NetworkService --field-trial-handle=1020,4436203683500343130,7195691390616061411,131072 --lang=zh-CN --service-sandbox-type=none --mojo-platform-channel-handle=1252 /prefetch:8
PID:4004",52.21.155.214,IpChannelEvent,TcpIpConnect,2021-10-08 17:15:45.755,0
"""C:\Program Files\Google\Chrome\Application\chrome.exe"" --type=utility --utility-sub-type=network.mojom.NetworkService --field-trial-handle=1020,4436203683500343130,7195691390616061411,131072 --lang=zh-CN --service-sandbox-type=none --mojo-platform-channel-handle=1252 /prefetch:8
PID:4004",52.21.155.214,IpChannelEvent,TcpIpDisconnect,2021-10-08 17:15:46.252,0
"""C:\Program Files\Google\Chrome\Application\chrome.exe"" --type=utility --utility-sub-type=network.mojom.NetworkService --field-trial-handle=1020,4436203683500343130,7195691390616061411,131072 --lang=zh-CN --service-sandbox-type=none --mojo-platform-channel-handle=1252 /prefetch:8
PID:4004",52.21.155.214,IpChannelEvent,TcpIpSend,2021-10-08 17:15:45.756,643
52.21.155.214,"""C:\Program Files\Google\Chrome\Application\chrome.exe"" --type=utility --utility-sub-type=network.mojom.NetworkService --field-trial-handle=1020,4436203683500343130,7195691390616061411,131072 --lang=zh-CN --service-sandbox-type=none --mojo-platform-channel-handle=1252 /prefetch:8
PID:4004",IpChannelEvent,TcpIpRecv,2021-10-08 17:15:45.986,6388
"""C:\Program Files\Google\Chrome\Application\chrome.exe"" --type=utility --utility-sub-type=network.mojom.NetworkService --field-trial-handle=1020,4436203683500343130,7195691390616061411,131072 --lang=zh-CN --service-sandbox-type=none --mojo-platform-channel-handle=1252 /prefetch:8
PID:4004",C:\Users\jpdz\AppData\Local\Google\Chrome\User Data\Default\TransportSecurity~RF31a394.TMP,FileEvent,Delete,2021-10-08 17:15:55.703,0
"""C:\Program Files\Google\Chrome\Application\chrome.exe"" --type=utility --utility-sub-type=network.mojom.NetworkService --field-trial-handle=1020,4436203683500343130,7195691390616061411,131072 --lang=zh-CN --service-sandbox-type=none --mojo-platform-channel-handle=1252 /prefetch:8
PID:4004",C:\Users\jpdz\AppData\Local\Google\Chrome\User Data\Default\Cache\f_000073,FileEvent,Write,2021-10-08 17:15:45.587,43065
"""C:\Program Files\Google\Chrome\Application\chrome.exe"" --type=utility --utility-sub-type=network.mojom.NetworkService --field-trial-handle=1020,4436203683500343130,7195691390616061411,131072 --lang=zh-CN --service-sandbox-type=none --mojo-platform-channel-handle=1252 /prefetch:8
PID:4004",C:\Users\jpdz\AppData\Local\Google\Chrome\User Data\Default\Cache\f_000071,FileEvent,Write,2021-10-08 17:15:45.516,46393
"""C:\Program Files\Google\Chrome\Application\chrome.exe"" --type=utility --utility-sub-type=network.mojom.NetworkService --field-trial-handle=1020,4436203683500343130,7195691390616061411,131072 --lang=zh-CN --service-sandbox-type=none --mojo-platform-channel-handle=1252 /prefetch:8
PID:4004",34.80.190.141,IpChannelEvent,TcpIpConnect,2021-10-08 17:15:44.468,0
"""C:\Program Files\Google\Chrome\Application\chrome.exe"" --type=utility --utility-sub-type=network.mojom.NetworkService --field-trial-handle=1020,4436203683500343130,7195691390616061411,131072 --lang=zh-CN --service-sandbox-type=none --mojo-platform-channel-handle=1252 /prefetch:8
PID:4004",C:\Users\jpdz\AppData\Local\Google\Chrome\User Data\Default\9067c21b-4fe3-4f23-a568-1e95cf31f09e.tmp,FileEvent,Write,2021-10-08 17:15:54.144,4207
"""C:\Program Files\Google\Chrome\Application\chrome.exe"" --type=utility --utility-sub-type=network.mojom.NetworkService --field-trial-handle=1020,4436203683500343130,7195691390616061411,131072 --lang=zh-CN --service-sandbox-type=none --mojo-platform-channel-handle=1252 /prefetch:8
PID:4004",52.21.155.214,IpChannelEvent,TcpIpConnect,2021-10-08 17:15:45.752,0
"""C:\Program Files\Google\Chrome\Application\chrome.exe"" --type=utility --utility-sub-type=network.mojom.NetworkService --field-trial-handle=1020,4436203683500343130,7195691390616061411,131072 --lang=zh-CN --service-sandbox-type=none --mojo-platform-channel-handle=1252 /prefetch:8
PID:4004",52.21.155.214,IpChannelEvent,TcpIpDisconnect,2021-10-08 17:15:46.191,0
52.21.155.214,"""C:\Program Files\Google\Chrome\Application\chrome.exe"" --type=utility --utility-sub-type=network.mojom.NetworkService --field-trial-handle=1020,4436203683500343130,7195691390616061411,131072 --lang=zh-CN --service-sandbox-type=none --mojo-platform-channel-handle=1252 /prefetch:8
PID:4004",IpChannelEvent,TcpIpRecv,2021-10-08 17:15:46.191,1420
"""C:\Program Files\Google\Chrome\Application\chrome.exe"" --type=utility --utility-sub-type=network.mojom.NetworkService --field-trial-handle=1020,4436203683500343130,7195691390616061411,131072 --lang=zh-CN --service-sandbox-type=none --mojo-platform-channel-handle=1252 /prefetch:8
PID:4004",52.21.155.214,IpChannelEvent,TcpIpSend,2021-10-08 17:15:45.753,517
C:\Users\jpdz\AppData\Local\Google\Chrome\User Data\Default\Network Persistent State,"""C:\Program Files\Google\Chrome\Application\chrome.exe"" --type=utility --utility-sub-type=network.mojom.NetworkService --field-trial-handle=1020,4436203683500343130,7195691390616061411,131072 --lang=zh-CN --service-sandbox-type=none --mojo-platform-channel-handle=1252 /prefetch:8
PID:4004",FileEvent,Read,2021-10-08 17:15:44.125,8192
"""C:\Program Files\Google\Chrome\Application\chrome.exe"" --type=utility --utility-sub-type=network.mojom.NetworkService --field-trial-handle=1020,4436203683500343130,7195691390616061411,131072 --lang=zh-CN --service-sandbox-type=none --mojo-platform-channel-handle=1252 /prefetch:8
PID:4004",203.208.40.34,IpChannelEvent,TcpIpConnect,2021-10-08 17:15:44.787,0
"""C:\Program Files\Google\Chrome\Application\chrome.exe"" --type=utility --utility-sub-type=network.mojom.NetworkService --field-trial-handle=1020,4436203683500343130,7195691390616061411,131072 --lang=zh-CN --service-sandbox-type=none --mojo-platform-channel-handle=1252 /prefetch:8
PID:4004",203.208.40.34,IpChannelEvent,TcpIpSend,2021-10-08 17:15:44.787,581
203.208.40.34,"""C:\Program Files\Google\Chrome\Application\chrome.exe"" --type=utility --utility-sub-type=network.mojom.NetworkService --field-trial-handle=1020,4436203683500343130,7195691390616061411,131072 --lang=zh-CN --service-sandbox-type=none --mojo-platform-channel-handle=1252 /prefetch:8
PID:4004",IpChannelEvent,TcpIpRecv,2021-10-08 17:15:44.862,4948
"""C:\Program Files\Google\Chrome\Application\chrome.exe"" --type=utility --utility-sub-type=network.mojom.NetworkService --field-trial-handle=1020,4436203683500343130,7195691390616061411,131072 --lang=zh-CN --service-sandbox-type=none --mojo-platform-channel-handle=1252 /prefetch:8
PID:4004",C:\Users\jpdz\AppData\Local\Google\Chrome\User Data\Default\Cache\f_000072,FileEvent,Write,2021-10-08 17:15:45.518,36048
"""C:\Program Files\Google\Chrome\Application\chrome.exe"" --type=utility --utility-sub-type=network.mojom.NetworkService --field-trial-handle=1020,4436203683500343130,7195691390616061411,131072 --lang=zh-CN --service-sandbox-type=none --mojo-platform-channel-handle=1252 /prefetch:8
PID:4004",C:\Users\jpdz\AppData\Local\Google\Chrome\User Data\Default\Cache\f_000074,FileEvent,Write,2021-10-08 17:15:45.591,41658
C:\Windows\system32\drivers\etc\hosts,"""C:\Program Files\Google\Chrome\Application\chrome.exe"" --type=utility --utility-sub-type=network.mojom.NetworkService --field-trial-handle=1020,4436203683500343130,7195691390616061411,131072 --lang=zh-CN --service-sandbox-type=none --mojo-platform-channel-handle=1252 /prefetch:8
PID:4004",FileEvent,Read,2021-10-08 17:15:44.75,8192
"""C:\Program Files\Google\Chrome\Application\chrome.exe"" --type=utility --utility-sub-type=network.mojom.NetworkService --field-trial-handle=1020,4436203683500343130,7195691390616061411,131072 --lang=zh-CN --service-sandbox-type=none --mojo-platform-channel-handle=1252 /prefetch:8
PID:4004",C:\Users\jpdz\AppData\Local\Google\Chrome\User Data\Default\Cache\f_000076,FileEvent,Write,2021-10-08 17:15:45.644,25102
"""C:\Program Files\Google\Chrome\Application\chrome.exe"" --type=utility --utility-sub-type=network.mojom.NetworkService --field-trial-handle=1020,4436203683500343130,7195691390616061411,131072 --lang=zh-CN --service-sandbox-type=none --mojo-platform-channel-handle=1252 /prefetch:8
PID:4004",34.96.106.200,IpChannelEvent,TcpIpConnect,2021-10-08 17:15:44.968,0
34.96.106.200,"""C:\Program Files\Google\Chrome\Application\chrome.exe"" --type=utility --utility-sub-type=network.mojom.NetworkService --field-trial-handle=1020,4436203683500343130,7195691390616061411,131072 --lang=zh-CN --service-sandbox-type=none --mojo-platform-channel-handle=1252 /prefetch:8
PID:4004",IpChannelEvent,TcpIpRecv,2021-10-08 17:15:45.22,15991
"""C:\Program Files\Google\Chrome\Application\chrome.exe"" --type=utility --utility-sub-type=network.mojom.NetworkService --field-trial-handle=1020,4436203683500343130,7195691390616061411,131072 --lang=zh-CN --service-sandbox-type=none --mojo-platform-channel-handle=1252 /prefetch:8
PID:4004",34.96.106.200,IpChannelEvent,TcpIpSend,2021-10-08 17:15:44.969,3795
C:\Windows\Prefetch\CHROME.EXE-5A1054AF.pf,"""C:\Program Files\Google\Chrome\Application\chrome.exe"" --type=utility --utility-sub-type=network.mojom.NetworkService --field-trial-handle=1020,4436203683500343130,7195691390616061411,131072 --lang=zh-CN --service-sandbox-type=none --mojo-platform-channel-handle=1252 /prefetch:8
PID:4004",FileEvent,Read,2021-10-08 17:15:43.935,19168
"""C:\Program Files\Google\Chrome\Application\chrome.exe"" --type=utility --utility-sub-type=network.mojom.NetworkService --field-trial-handle=1020,4436203683500343130,7195691390616061411,131072 --lang=zh-CN --service-sandbox-type=none --mojo-platform-channel-handle=1252 /prefetch:8
PID:4004",34.80.190.141,IpChannelEvent,TcpIpConnect,2021-10-08 17:15:44.468,0
"""C:\Program Files\Google\Chrome\Application\chrome.exe"" --type=utility --utility-sub-type=network.mojom.NetworkService --field-trial-handle=1020,4436203683500343130,7195691390616061411,131072 --lang=zh-CN --service-sandbox-type=none --mojo-platform-channel-handle=1252 /prefetch:8
PID:4004",34.80.190.141,IpChannelEvent,TcpIpSend,2021-10-08 17:15:44.469,434
34.80.190.141,"""C:\Program Files\Google\Chrome\Application\chrome.exe"" --type=utility --utility-sub-type=network.mojom.NetworkService --field-trial-handle=1020,4436203683500343130,7195691390616061411,131072 --lang=zh-CN --service-sandbox-type=none --mojo-platform-channel-handle=1252 /prefetch:8
PID:4004",IpChannelEvent,TcpIpRecv,2021-10-08 17:15:44.533,725
"""C:\Program Files\Google\Chrome\Application\chrome.exe"" --type=utility --utility-sub-type=network.mojom.NetworkService --field-trial-handle=1020,4436203683500343130,7195691390616061411,131072 --lang=zh-CN --service-sandbox-type=none --mojo-platform-channel-handle=1252 /prefetch:8
PID:4004",34.96.106.200,IpChannelEvent,TcpIpConnect,2021-10-08 17:15:44.957,0
34.96.106.200,"""C:\Program Files\Google\Chrome\Application\chrome.exe"" --type=utility --utility-sub-type=network.mojom.NetworkService --field-trial-handle=1020,4436203683500343130,7195691390616061411,131072 --lang=zh-CN --service-sandbox-type=none --mojo-platform-channel-handle=1252 /prefetch:8
PID:4004",IpChannelEvent,TcpIpRecv,2021-10-08 17:15:45.14,117121
"""C:\Program Files\Google\Chrome\Application\chrome.exe"" --type=utility --utility-sub-type=network.mojom.NetworkService --field-trial-handle=1020,4436203683500343130,7195691390616061411,131072 --lang=zh-CN --service-sandbox-type=none --mojo-platform-channel-handle=1252 /prefetch:8
PID:4004",34.96.106.200,IpChannelEvent,TcpIpSend,2021-10-08 17:15:44.957,1533
C:\Users\jpdz\AppData\Local\Google\Chrome\User Data\Default\Trust Tokens,"""C:\Program Files\Google\Chrome\Application\chrome.exe"" --type=utility --utility-sub-type=network.mojom.NetworkService --field-trial-handle=1020,4436203683500343130,7195691390616061411,131072 --lang=zh-CN --service-sandbox-type=none --mojo-platform-channel-handle=1252 /prefetch:8
PID:4004",FileEvent,Read,2021-10-08 17:15:44.110,2101348
C:\Users\jpdz\AppData\Local\Google\Chrome\User Data\Default\Cookies,"""C:\Program Files\Google\Chrome\Application\chrome.exe"" --type=utility --utility-sub-type=network.mojom.NetworkService --field-trial-handle=1020,4436203683500343130,7195691390616061411,131072 --lang=zh-CN --service-sandbox-type=none --mojo-platform-channel-handle=1252 /prefetch:8
PID:4004",FileEvent,Read,2021-10-08 17:15:44.112,2109604
"""C:\Program Files\Google\Chrome\Application\chrome.exe"" --type=utility --utility-sub-type=network.mojom.NetworkService --field-trial-handle=1020,4436203683500343130,7195691390616061411,131072 --lang=zh-CN --service-sandbox-type=none --mojo-platform-channel-handle=1252 /prefetch:8
PID:4004",185.230.61.163,IpChannelEvent,TcpIpConnect,2021-10-08 17:15:46.109,0
185.230.61.163,"""C:\Program Files\Google\Chrome\Application\chrome.exe"" --type=utility --utility-sub-type=network.mojom.NetworkService --field-trial-handle=1020,4436203683500343130,7195691390616061411,131072 --lang=zh-CN --service-sandbox-type=none --mojo-platform-channel-handle=1252 /prefetch:8
PID:4004",IpChannelEvent,TcpIpRecv,2021-10-08 17:15:46.298,7930
"""C:\Program Files\Google\Chrome\Application\chrome.exe"" --type=utility --utility-sub-type=network.mojom.NetworkService --field-trial-handle=1020,4436203683500343130,7195691390616061411,131072 --lang=zh-CN --service-sandbox-type=none --mojo-platform-channel-handle=1252 /prefetch:8
PID:4004",185.230.61.163,IpChannelEvent,TcpIpSend,2021-10-08 17:15:46.109,1110
C:\Users\jpdz\AppData\Local\Google\Chrome\User Data\Default\Cache\index,"""C:\Program Files\Google\Chrome\Application\chrome.exe"" --type=utility --utility-sub-type=network.mojom.NetworkService --field-trial-handle=1020,4436203683500343130,7195691390616061411,131072 --lang=zh-CN --service-sandbox-type=none --mojo-platform-channel-handle=1252 /prefetch:8
PID:4004",FileEvent,Read,2021-10-08 17:15:44.259,266608
C:\Program Files\Google\Chrome\Application\94.0.4606.81\chrome.dll,"""C:\Program Files\Google\Chrome\Application\chrome.exe"" --type=utility --utility-sub-type=network.mojom.NetworkService --field-trial-handle=1020,4436203683500343130,7195691390616061411,131072 --lang=zh-CN --service-sandbox-type=none --mojo-platform-channel-handle=1252 /prefetch:8
PID:4004",FileEvent,Read,2021-10-08 17:15:43.945,150994944
"""C:\Program Files\Google\Chrome\Application\chrome.exe"" --type=utility --utility-sub-type=network.mojom.NetworkService --field-trial-handle=1020,4436203683500343130,7195691390616061411,131072 --lang=zh-CN --service-sandbox-type=none --mojo-platform-channel-handle=1252 /prefetch:8
PID:4004",C:\Users\jpdz\AppData\Local\Google\Chrome\User Data\Default\Cache\data_0,FileEvent,Write,2021-10-08 17:15:44.260,14616
C:\Users\jpdz\AppData\Local\Google\Chrome\User Data\Default\Cache\data_0,"""C:\Program Files\Google\Chrome\Application\chrome.exe"" --type=utility --utility-sub-type=network.mojom.NetworkService --field-trial-handle=1020,4436203683500343130,7195691390616061411,131072 --lang=zh-CN --service-sandbox-type=none --mojo-platform-channel-handle=1252 /prefetch:8
PID:4004",FileEvent,Read,2021-10-08 17:15:44.259,60736
"""C:\Program Files\Google\Chrome\Application\chrome.exe"" --type=utility --utility-sub-type=network.mojom.NetworkService --field-trial-handle=1020,4436203683500343130,7195691390616061411,131072 --lang=zh-CN --service-sandbox-type=none --mojo-platform-channel-handle=1252 /prefetch:8
PID:4004",203.208.41.97,IpChannelEvent,TcpIpConnect,2021-10-08 17:15:45.675,0
203.208.41.97,"""C:\Program Files\Google\Chrome\Application\chrome.exe"" --type=utility --utility-sub-type=network.mojom.NetworkService --field-trial-handle=1020,4436203683500343130,7195691390616061411,131072 --lang=zh-CN --service-sandbox-type=none --mojo-platform-channel-handle=1252 /prefetch:8
PID:4004",IpChannelEvent,TcpIpRecv,2021-10-08 17:15:45.757,7582
"""C:\Program Files\Google\Chrome\Application\chrome.exe"" --type=utility --utility-sub-type=network.mojom.NetworkService --field-trial-handle=1020,4436203683500343130,7195691390616061411,131072 --lang=zh-CN --service-sandbox-type=none --mojo-platform-channel-handle=1252 /prefetch:8
PID:4004",203.208.41.97,IpChannelEvent,TcpIpSend,2021-10-08 17:15:45.686,1011
"""C:\Program Files\Google\Chrome\Application\chrome.exe"" --type=utility --utility-sub-type=network.mojom.NetworkService --field-trial-handle=1020,4436203683500343130,7195691390616061411,131072 --lang=zh-CN --service-sandbox-type=none --mojo-platform-channel-handle=1252 /prefetch:8
PID:4004",C:\Users\jpdz\AppData\Local\Google\Chrome\User Data\Default\Cache\f_000075,FileEvent,Write,2021-10-08 17:15:45.591,23088
"""C:\Program Files\Google\Chrome\Application\chrome.exe"" --type=utility --utility-sub-type=network.mojom.NetworkService --field-trial-handle=1020,4436203683500343130,7195691390616061411,131072 --lang=zh-CN --service-sandbox-type=none --mojo-platform-channel-handle=1252 /prefetch:8
PID:4004",C:\Users\jpdz\AppData\Local\Google\Chrome\User Data\Default\Network Persistent State~RF319f4e.TMP,FileEvent,Delete,2021-10-08 17:15:54.619,0
C:\Users\jpdz\AppData\Local\Google\Chrome\User Data\Default\Reporting and NEL,"""C:\Program Files\Google\Chrome\Application\chrome.exe"" --type=utility --utility-sub-type=network.mojom.NetworkService --field-trial-handle=1020,4436203683500343130,7195691390616061411,131072 --lang=zh-CN --service-sandbox-type=none --mojo-platform-channel-handle=1252 /prefetch:8
PID:4004",FileEvent,Read,2021-10-08 17:15:44.834,2109604
C:\Users\jpdz\AppData\Local\Google\Chrome\User Data\Default\Cache\data_3,"""C:\Program Files\Google\Chrome\Application\chrome.exe"" --type=utility --utility-sub-type=network.mojom.NetworkService --field-trial-handle=1020,4436203683500343130,7195691390616061411,131072 --lang=zh-CN --service-sandbox-type=none --mojo-platform-channel-handle=1252 /prefetch:8
PID:4004",FileEvent,Read,2021-10-08 17:15:44.259,8192
"""C:\Program Files\Google\Chrome\Application\chrome.exe"" --type=utility --utility-sub-type=network.mojom.NetworkService --field-trial-handle=1020,4436203683500343130,7195691390616061411,131072 --lang=zh-CN --service-sandbox-type=none --mojo-platform-channel-handle=1252 /prefetch:8
PID:4004",C:\Users\jpdz\AppData\Local\Google\Chrome\User Data\Default\Cache\data_3,FileEvent,Write,2021-10-08 17:15:44.834,305670
"""C:\Program Files\Google\Chrome\Application\chrome.exe"" --type=utility --utility-sub-type=network.mojom.NetworkService --field-trial-handle=1020,4436203683500343130,7195691390616061411,131072 --lang=zh-CN --service-sandbox-type=none --mojo-platform-channel-handle=1252 /prefetch:8
PID:4004",C:\Users\jpdz\AppData\Local\Google\Chrome\User Data\Default\Cache\f_000070,FileEvent,Write,2021-10-08 17:15:44.835,66975
"""C:\Program Files\Google\Chrome\Application\chrome.exe"" --type=utility --utility-sub-type=network.mojom.NetworkService --field-trial-handle=1020,4436203683500343130,7195691390616061411,131072 --lang=zh-CN --service-sandbox-type=none --mojo-platform-channel-handle=1252 /prefetch:8
PID:4004",203.208.41.66,IpChannelEvent,TcpIpConnect,2021-10-08 17:15:44.250,0
"""C:\Program Files\Google\Chrome\Application\chrome.exe"" --type=utility --utility-sub-type=network.mojom.NetworkService --field-trial-handle=1020,4436203683500343130,7195691390616061411,131072 --lang=zh-CN --service-sandbox-type=none --mojo-platform-channel-handle=1252 /prefetch:8
PID:4004",203.208.41.66,IpChannelEvent,TcpIpSend,2021-10-08 17:15:44.251,1040
203.208.41.66,"""C:\Program Files\Google\Chrome\Application\chrome.exe"" --type=utility --utility-sub-type=network.mojom.NetworkService --field-trial-handle=1020,4436203683500343130,7195691390616061411,131072 --lang=zh-CN --service-sandbox-type=none --mojo-platform-channel-handle=1252 /prefetch:8
PID:4004",IpChannelEvent,TcpIpRecv,2021-10-08 17:15:44.322,7822
"""C:\Program Files\Google\Chrome\Application\chrome.exe"" --type=utility --utility-sub-type=network.mojom.NetworkService --field-trial-handle=1020,4436203683500343130,7195691390616061411,131072 --lang=zh-CN --service-sandbox-type=none --mojo-platform-channel-handle=1252 /prefetch:8
PID:4004",185.230.61.163,IpChannelEvent,TcpIpConnect,2021-10-08 17:15:46.61,0
185.230.61.163,"""C:\Program Files\Google\Chrome\Application\chrome.exe"" --type=utility --utility-sub-type=network.mojom.NetworkService --field-trial-handle=1020,4436203683500343130,7195691390616061411,131072 --lang=zh-CN --service-sandbox-type=none --mojo-platform-channel-handle=1252 /prefetch:8
PID:4004",IpChannelEvent,TcpIpRecv,2021-10-08 17:15:46.472,6297
"""C:\Program Files\Google\Chrome\Application\chrome.exe"" --type=utility --utility-sub-type=network.mojom.NetworkService --field-trial-handle=1020,4436203683500343130,7195691390616061411,131072 --lang=zh-CN --service-sandbox-type=none --mojo-platform-channel-handle=1252 /prefetch:8
PID:4004",185.230.61.163,IpChannelEvent,TcpIpSend,2021-10-08 17:15:46.62,581
C:\Users\jpdz\AppData\Local\Google\Chrome\User Data\Default\TransportSecurity,"""C:\Program Files\Google\Chrome\Application\chrome.exe"" --type=utility --utility-sub-type=network.mojom.NetworkService --field-trial-handle=1020,4436203683500343130,7195691390616061411,131072 --lang=zh-CN --service-sandbox-type=none --mojo-platform-channel-handle=1252 /prefetch:8
PID:4004",FileEvent,Read,2021-10-08 17:15:44.125,8192
"""C:\Program Files\Google\Chrome\Application\chrome.exe"" --type=utility --utility-sub-type=network.mojom.NetworkService --field-trial-handle=1020,4436203683500343130,7195691390616061411,131072 --lang=zh-CN --service-sandbox-type=none --mojo-platform-channel-handle=1252 /prefetch:8
PID:4004",34.96.106.200,IpChannelEvent,TcpIpConnect,2021-10-08 17:15:44.957,0
34.96.106.200,"""C:\Program Files\Google\Chrome\Application\chrome.exe"" --type=utility --utility-sub-type=network.mojom.NetworkService --field-trial-handle=1020,4436203683500343130,7195691390616061411,131072 --lang=zh-CN --service-sandbox-type=none --mojo-platform-channel-handle=1252 /prefetch:8
PID:4004",IpChannelEvent,TcpIpRecv,2021-10-08 17:15:45.11,139360
"""C:\Program Files\Google\Chrome\Application\chrome.exe"" --type=utility --utility-sub-type=network.mojom.NetworkService --field-trial-handle=1020,4436203683500343130,7195691390616061411,131072 --lang=zh-CN --service-sandbox-type=none --mojo-platform-channel-handle=1252 /prefetch:8
PID:4004",34.96.106.200,IpChannelEvent,TcpIpSend,2021-10-08 17:15:44.958,1516
"""C:\Program Files\Google\Chrome\Application\chrome.exe"" --type=utility --utility-sub-type=network.mojom.NetworkService --field-trial-handle=1020,4436203683500343130,7195691390616061411,131072 --lang=zh-CN --service-sandbox-type=none --mojo-platform-channel-handle=1252 /prefetch:8
PID:4004",52.21.155.214,IpChannelEvent,TcpIpConnect,2021-10-08 17:15:45.759,0
"""C:\Program Files\Google\Chrome\Application\chrome.exe"" --type=utility --utility-sub-type=network.mojom.NetworkService --field-trial-handle=1020,4436203683500343130,7195691390616061411,131072 --lang=zh-CN --service-sandbox-type=none --mojo-platform-channel-handle=1252 /prefetch:8
PID:4004",52.21.155.214,IpChannelEvent,TcpIpDisconnect,2021-10-08 17:15:46.23,0
"""C:\Program Files\Google\Chrome\Application\chrome.exe"" --type=utility --utility-sub-type=network.mojom.NetworkService --field-trial-handle=1020,4436203683500343130,7195691390616061411,131072 --lang=zh-CN --service-sandbox-type=none --mojo-platform-channel-handle=1252 /prefetch:8
PID:4004",52.21.155.214,IpChannelEvent,TcpIpSend,2021-10-08 17:15:45.761,517
52.21.155.214,"""C:\Program Files\Google\Chrome\Application\chrome.exe"" --type=utility --utility-sub-type=network.mojom.NetworkService --field-trial-handle=1020,4436203683500343130,7195691390616061411,131072 --lang=zh-CN --service-sandbox-type=none --mojo-platform-channel-handle=1252 /prefetch:8
PID:4004",IpChannelEvent,TcpIpRecv,2021-10-08 17:15:46.23,1420
C:\Users\jpdz\AppData\Local\Google\Chrome\User Data\Default\Cache\data_2,"""C:\Program Files\Google\Chrome\Application\chrome.exe"" --type=utility --utility-sub-type=network.mojom.NetworkService --field-trial-handle=1020,4436203683500343130,7195691390616061411,131072 --lang=zh-CN --service-sandbox-type=none --mojo-platform-channel-handle=1252 /prefetch:8
PID:4004",FileEvent,Read,2021-10-08 17:15:44.259,8192
"""C:\Program Files\Google\Chrome\Application\chrome.exe"" --type=utility --utility-sub-type=network.mojom.NetworkService --field-trial-handle=1020,4436203683500343130,7195691390616061411,131072 --lang=zh-CN --service-sandbox-type=none --mojo-platform-channel-handle=1252 /prefetch:8
PID:4004",C:\Users\jpdz\AppData\Local\Google\Chrome\User Data\Default\Cache\data_2,FileEvent,Write,2021-10-08 17:15:45.413,13051
"""C:\Program Files\Google\Chrome\Application\chrome.exe"" --type=utility --utility-sub-type=network.mojom.NetworkService --field-trial-handle=1020,4436203683500343130,7195691390616061411,131072 --lang=zh-CN --service-sandbox-type=none --mojo-platform-channel-handle=1252 /prefetch:8
PID:4004",C:\Users\jpdz\AppData\Local\Google\Chrome\User Data\Default\be5bb25d-99ef-477d-9621-137ba38bbd16.tmp,FileEvent,Write,2021-10-08 17:15:54.738,4466
"""C:\Program Files\Google\Chrome\Application\chrome.exe"" --type=utility --utility-sub-type=network.mojom.NetworkService --field-trial-handle=1020,4436203683500343130,7195691390616061411,131072 --lang=zh-CN --service-sandbox-type=none --mojo-platform-channel-handle=1252 /prefetch:8
PID:4004",34.80.190.141,IpChannelEvent,TcpIpConnect,2021-10-08 17:15:44.589,0
"""C:\Program Files\Google\Chrome\Application\chrome.exe"" --type=utility --utility-sub-type=network.mojom.NetworkService --field-trial-handle=1020,4436203683500343130,7195691390616061411,131072 --lang=zh-CN --service-sandbox-type=none --mojo-platform-channel-handle=1252 /prefetch:8
PID:4004",34.80.190.141,IpChannelEvent,TcpIpSend,2021-10-08 17:15:44.590,2183
34.80.190.141,"""C:\Program Files\Google\Chrome\Application\chrome.exe"" --type=utility --utility-sub-type=network.mojom.NetworkService --field-trial-handle=1020,4436203683500343130,7195691390616061411,131072 --lang=zh-CN --service-sandbox-type=none --mojo-platform-channel-handle=1252 /prefetch:8
PID:4004",IpChannelEvent,TcpIpRecv,2021-10-08 17:15:44.644,84322
"""C:\Program Files\Google\Chrome\Application\chrome.exe"" --type=utility --utility-sub-type=network.mojom.NetworkService --field-trial-handle=1020,4436203683500343130,7195691390616061411,131072 --lang=zh-CN --service-sandbox-type=none --mojo-platform-channel-handle=1252 /prefetch:8
PID:4004",52.84.228.12,IpChannelEvent,TcpIpConnect,2021-10-08 17:15:45.90,0
52.84.228.12,"""C:\Program Files\Google\Chrome\Application\chrome.exe"" --type=utility --utility-sub-type=network.mojom.NetworkService --field-trial-handle=1020,4436203683500343130,7195691390616061411,131072 --lang=zh-CN --service-sandbox-type=none --mojo-platform-channel-handle=1252 /prefetch:8
PID:4004",IpChannelEvent,TcpIpRecv,2021-10-08 17:15:45.159,6753
"""C:\Program Files\Google\Chrome\Application\chrome.exe"" --type=utility --utility-sub-type=network.mojom.NetworkService --field-trial-handle=1020,4436203683500343130,7195691390616061411,131072 --lang=zh-CN --service-sandbox-type=none --mojo-platform-channel-handle=1252 /prefetch:8
PID:4004",52.84.228.12,IpChannelEvent,TcpIpSend,2021-10-08 17:15:45.92,581
C:\Users\jpdz\AppData\Local\Google\Chrome\User Data\Default\Session Storage\CURRENT,"""C:\Program Files\Google\Chrome\Application\chrome.exe"" --type=utility --utility-sub-type=storage.mojom.StorageService --field-trial-handle=1020,4436203683500343130,7195691390616061411,131072 --lang=zh-CN --service-sandbox-type=utility --mojo-platform-channel-handle=1472 /prefetch:8
PID:2200",FileEvent,Read,2021-10-08 17:15:44.203,16384
"""C:\Program Files\Google\Chrome\Application\chrome.exe"" --type=utility --utility-sub-type=storage.mojom.StorageService --field-trial-handle=1020,4436203683500343130,7195691390616061411,131072 --lang=zh-CN --service-sandbox-type=utility --mojo-platform-channel-handle=1472 /prefetch:8
PID:2200",C:\Users\jpdz\AppData\Local\Google\Chrome\User Data\Default\Local Storage\leveldb\LOG,FileEvent,Write,2021-10-08 17:15:44.194,511
C:\Users\jpdz\AppData\Local\Google\Chrome\User Data\Default\Local Storage\leveldb\MANIFEST-000001,"""C:\Program Files\Google\Chrome\Application\chrome.exe"" --type=utility --utility-sub-type=storage.mojom.StorageService --field-trial-handle=1020,4436203683500343130,7195691390616061411,131072 --lang=zh-CN --service-sandbox-type=utility --mojo-platform-channel-handle=1472 /prefetch:8
PID:2200",FileEvent,Read,2021-10-08 17:15:44.194,32768
C:\Windows\Prefetch\CHROME.EXE-5A1054AF.pf,"""C:\Program Files\Google\Chrome\Application\chrome.exe"" --type=utility --utility-sub-type=storage.mojom.StorageService --field-trial-handle=1020,4436203683500343130,7195691390616061411,131072 --lang=zh-CN --service-sandbox-type=utility --mojo-platform-channel-handle=1472 /prefetch:8
PID:2200",FileEvent,Read,2021-10-08 17:15:44.9,19168
C:\Program Files\Google\Chrome\Application\94.0.4606.81\chrome.dll,"""C:\Program Files\Google\Chrome\Application\chrome.exe"" --type=utility --utility-sub-type=storage.mojom.StorageService --field-trial-handle=1020,4436203683500343130,7195691390616061411,131072 --lang=zh-CN --service-sandbox-type=utility --mojo-platform-channel-handle=1472 /prefetch:8
PID:2200",FileEvent,Read,2021-10-08 17:15:44.18,150994944
C:\Users\jpdz\AppData\Local\Google\Chrome\User Data\Default\Session Storage\MANIFEST-000001,"""C:\Program Files\Google\Chrome\Application\chrome.exe"" --type=utility --utility-sub-type=storage.mojom.StorageService --field-trial-handle=1020,4436203683500343130,7195691390616061411,131072 --lang=zh-CN --service-sandbox-type=utility --mojo-platform-channel-handle=1472 /prefetch:8
PID:2200",FileEvent,Read,2021-10-08 17:15:44.207,32768
"""C:\Program Files\Google\Chrome\Application\chrome.exe"" --type=utility --utility-sub-type=storage.mojom.StorageService --field-trial-handle=1020,4436203683500343130,7195691390616061411,131072 --lang=zh-CN --service-sandbox-type=utility --mojo-platform-channel-handle=1472 /prefetch:8
PID:2200",C:\Users\jpdz\AppData\Local\Google\Chrome\User Data\Default\Session Storage\LOG,FileEvent,Write,2021-10-08 17:15:44.208,493
C:\Users\jpdz\AppData\Local\Google\Chrome\User Data\Default\Local Storage\leveldb\CURRENT,"""C:\Program Files\Google\Chrome\Application\chrome.exe"" --type=utility --utility-sub-type=storage.mojom.StorageService --field-trial-handle=1020,4436203683500343130,7195691390616061411,131072 --lang=zh-CN --service-sandbox-type=utility --mojo-platform-channel-handle=1472 /prefetch:8
PID:2200",FileEvent,Read,2021-10-08 17:15:44.194,16384
C:\Users\jpdz\AppData\Local\Google\Chrome\User Data\Default\Session Storage\000003.log,"""C:\Program Files\Google\Chrome\Application\chrome.exe"" --type=utility --utility-sub-type=storage.mojom.StorageService --field-trial-handle=1020,4436203683500343130,7195691390616061411,131072 --lang=zh-CN --service-sandbox-type=utility --mojo-platform-channel-handle=1472 /prefetch:8
PID:2200",FileEvent,Read,2021-10-08 17:15:44.209,32768
"""C:\Program Files\Google\Chrome\Application\chrome.exe"" --type=utility --utility-sub-type=storage.mojom.StorageService --field-trial-handle=1020,4436203683500343130,7195691390616061411,131072 --lang=zh-CN --service-sandbox-type=utility --mojo-platform-channel-handle=1472 /prefetch:8
PID:2200",C:\Users\jpdz\AppData\Local\Google\Chrome\User Data\Default\Session Storage\000003.log,FileEvent,Write,2021-10-08 17:15:44.211,19
C:\Users\jpdz\AppData\Local\Google\Chrome\User Data\Default\Local Storage\leveldb\000003.log,"""C:\Program Files\Google\Chrome\Application\chrome.exe"" --type=utility --utility-sub-type=storage.mojom.StorageService --field-trial-handle=1020,4436203683500343130,7195691390616061411,131072 --lang=zh-CN --service-sandbox-type=utility --mojo-platform-channel-handle=1472 /prefetch:8
PID:2200",FileEvent,Read,2021-10-08 17:15:44.195,32768
"""C:\Program Files\Google\Chrome\Application\chrome.exe"" --type=utility --utility-sub-type=storage.mojom.StorageService --field-trial-handle=1020,4436203683500343130,7195691390616061411,131072 --lang=zh-CN --service-sandbox-type=utility --mojo-platform-channel-handle=1472 /prefetch:8
PID:2200",C:\Users\jpdz\AppData\Local\Google\Chrome\User Data\Default\Local Storage\leveldb\000003.log,FileEvent,Write,2021-10-08 17:15:50.660,164
C:\Windows\Prefetch\CHROME.EXE-5A1054AF.pf,"""C:\Program Files\Google\Chrome\Application\chrome.exe"" --type=utility --utility-sub-type=data_decoder.mojom.DataDecoderService --field-trial-handle=1020,4436203683500343130,7195691390616061411,131072 --lang=zh-CN --service-sandbox-type=service --mojo-platform-channel-handle=3188 /prefetch:8
PID:3704",FileEvent,Read,2021-10-08 17:15:48.498,19168
C:\Program Files\Google\Chrome\Application\94.0.4606.81\chrome.dll,"""C:\Program Files\Google\Chrome\Application\chrome.exe"" --type=utility --utility-sub-type=data_decoder.mojom.DataDecoderService --field-trial-handle=1020,4436203683500343130,7195691390616061411,131072 --lang=zh-CN --service-sandbox-type=service --mojo-platform-channel-handle=3188 /prefetch:8
PID:3704",FileEvent,Read,2021-10-08 17:15:48.502,150994944
C:\Windows\Prefetch\CHROME.EXE-5A1054AF.pf,"""C:\Program Files\Google\Chrome\Application\chrome.exe"" --type=renderer --disable-client-side-phishing-detection --cross-origin-webassembly-module-sharing-allowed --display-capture-permissions-policy-allowed --field-trial-handle=1020,4436203683500343130,7195691390616061411,131072 --lang=zh-CN --device-scale-factor=1 --num-raster-threads=1 --renderer-client-id=7 --no-v8-untrusted-code-mitigations --mojo-platform-channel-handle=2884 /prefetch:1
PID:1304",FileEvent,Read,2021-10-08 17:15:44.742,19168
C:\Program Files\Google\Chrome\Application\94.0.4606.81\chrome.dll,"""C:\Program Files\Google\Chrome\Application\chrome.exe"" --type=renderer --disable-client-side-phishing-detection --cross-origin-webassembly-module-sharing-allowed --display-capture-permissions-policy-allowed --field-trial-handle=1020,4436203683500343130,7195691390616061411,131072 --lang=zh-CN --device-scale-factor=1 --num-raster-threads=1 --renderer-client-id=7 --no-v8-untrusted-code-mitigations --mojo-platform-channel-handle=2884 /prefetch:1
PID:1304",FileEvent,Read,2021-10-08 17:15:44.749,150994944
C:\Users\jpdz\AppData\Local\Google\Chrome\User Data\Crashpad\settings.dat,"""C:\Program Files\Google\Chrome\Application\chrome.exe"" --type=crashpad-handler ""--user-data-dir=C:\Users\jpdz\AppData\Local\Google\Chrome\User Data"" /prefetch:7 --monitor-self-annotation=ptype=crashpad-handler ""--database=C:\Users\jpdz\AppData\Local\Google\Chrome\User Data\Crashpad"" --url=https://clients2.google.com/cr/report --annotation=channel= --annotation=plat=Win32 --annotation=prod=Chrome --annotation=ver=94.0.4606.81 --initial-client-data=0xa0,0xac,0xb0,0x74,0xb4,0x6eb33708,0x6eb33718,0x6eb33724
PID:3152",FileEvent,Read,2021-10-08 17:15:45.32,40
C:\Users\jpdz\AppData\Local\Google\Chrome\User Data\Crashpad\settings.dat,"""C:\Program Files\Google\Chrome\Application\chrome.exe"" --type=crashpad-handler ""--user-data-dir=C:\Users\jpdz\AppData\Local\Google\Chrome\User Data"" /prefetch:7 --monitor-self-annotation=ptype=crashpad-handler ""--database=C:\Users\jpdz\AppData\Local\Google\Chrome\User Data\Crashpad"" --url=https://clients2.google.com/cr/report --annotation=channel= --annotation=plat=Win32 --annotation=prod=Chrome --annotation=ver=94.0.4606.81 --initial-client-data=0xa0,0xac,0xb0,0x74,0xb4,0x6eb33708,0x6eb33718,0x6eb33724
PID:3152",FileEvent,Read,2021-10-08 17:15:43.658,40
C:\Users\jpdz\AppData\Local\Google\Chrome\User Data\Crashpad\settings.dat,"""C:\Program Files\Google\Chrome\Application\chrome.exe"" --type=crashpad-handler ""--user-data-dir=C:\Users\jpdz\AppData\Local\Google\Chrome\User Data"" /prefetch:7 --monitor-self-annotation=ptype=crashpad-handler ""--database=C:\Users\jpdz\AppData\Local\Google\Chrome\User Data\Crashpad"" --url=https://clients2.google.com/cr/report --annotation=channel= --annotation=plat=Win32 --annotation=prod=Chrome --annotation=ver=94.0.4606.81 --initial-client-data=0xa0,0xac,0xb0,0x74,0xb4,0x6eb33708,0x6eb33718,0x6eb33724
PID:3152",FileEvent,Read,2021-10-08 17:15:47.57,40
C:\Windows\Prefetch\CHROME.EXE-5A1054AF.pf,"""C:\Program Files\Google\Chrome\Application\chrome.exe"" --type=crashpad-handler ""--user-data-dir=C:\Users\jpdz\AppData\Local\Google\Chrome\User Data"" /prefetch:7 --monitor-self-annotation=ptype=crashpad-handler ""--database=C:\Users\jpdz\AppData\Local\Google\Chrome\User Data\Crashpad"" --url=https://clients2.google.com/cr/report --annotation=channel= --annotation=plat=Win32 --annotation=prod=Chrome --annotation=ver=94.0.4606.81 --initial-client-data=0xa0,0xac,0xb0,0x74,0xb4,0x6eb33708,0x6eb33718,0x6eb33724
PID:3152",FileEvent,Read,2021-10-08 17:15:45.26,18170
C:\Windows\Prefetch\CHROME.EXE-5A1054AF.pf,"""C:\Program Files\Google\Chrome\Application\chrome.exe"" --type=crashpad-handler ""--user-data-dir=C:\Users\jpdz\AppData\Local\Google\Chrome\User Data"" /prefetch:7 --monitor-self-annotation=ptype=crashpad-handler ""--database=C:\Users\jpdz\AppData\Local\Google\Chrome\User Data\Crashpad"" --url=https://clients2.google.com/cr/report --annotation=channel= --annotation=plat=Win32 --annotation=prod=Chrome --annotation=ver=94.0.4606.81 --initial-client-data=0xa0,0xac,0xb0,0x74,0xb4,0x6eb33708,0x6eb33718,0x6eb33724
PID:3152",FileEvent,Read,2021-10-08 17:15:43.651,18170
C:\Windows\Prefetch\CHROME.EXE-5A1054AF.pf,"""C:\Program Files\Google\Chrome\Application\chrome.exe"" --type=crashpad-handler ""--user-data-dir=C:\Users\jpdz\AppData\Local\Google\Chrome\User Data"" /prefetch:7 --monitor-self-annotation=ptype=crashpad-handler ""--database=C:\Users\jpdz\AppData\Local\Google\Chrome\User Data\Crashpad"" --url=https://clients2.google.com/cr/report --annotation=channel= --annotation=plat=Win32 --annotation=prod=Chrome --annotation=ver=94.0.4606.81 --initial-client-data=0xa0,0xac,0xb0,0x74,0xb4,0x6eb33708,0x6eb33718,0x6eb33724
PID:3152",FileEvent,Read,2021-10-08 17:15:45.13,18170
