start,end,eventtype,operationtype,time,ref.size
"""C:\Program Files\Mozilla Firefox\firefox.exe"" slate.com
PID:1412",C:\Users\jpdz\AppData\Local\Mozilla\Firefox\Profiles\uzjxbbj5.default-release\safebrowsing-updating\social-tracking-protection-twitter-digest256.vlpset,FileEvent,Delete,2021-10-09 16:24:33.664,0
C:\Users\jpdz\AppData\Local\Mozilla\Firefox\Profiles\uzjxbbj5.default-release\safebrowsing-updating\social-tracking-protection-twitter-digest256.vlpset,"""C:\Program Files\Mozilla Firefox\firefox.exe"" slate.com
PID:1412",FileEvent,Read,2021-10-09 16:24:27.936,32997
"""C:\Program Files\Mozilla Firefox\firefox.exe"" slate.com
PID:1412",C:\Users\jpdz\AppData\Local\Mozilla\Firefox\Profiles\uzjxbbj5.default-release\safebrowsing-updating\social-tracking-protection-twitter-digest256.vlpset,FileEvent,Write,2021-10-09 16:24:27.936,229
"""C:\Program Files\Mozilla Firefox\firefox.exe"" slate.com
PID:1412",C:\Users\jpdz\AppData\Local\Mozilla\Firefox\Profiles\uzjxbbj5.default-release\safebrowsing-updating\mozstd-trackwhite-digest256.vlpset,FileEvent,Delete,2021-10-09 16:24:33.662,0
"""C:\Program Files\Mozilla Firefox\firefox.exe"" slate.com
PID:1412",C:\Users\jpdz\AppData\Local\Mozilla\Firefox\Profiles\uzjxbbj5.default-release\safebrowsing-updating\mozstd-trackwhite-digest256.vlpset,FileEvent,Write,2021-10-09 16:24:27.933,309221
C:\Program Files\Mozilla Firefox\api-ms-win-crt-multibyte-l1-1-0.dll,"""C:\Program Files\Mozilla Firefox\firefox.exe"" slate.com
PID:1412",FileEvent,Read,2021-10-09 16:24:09.583,65536
"""C:\Program Files\Mozilla Firefox\firefox.exe"" slate.com
PID:1412",103.254.188.158,IpChannelEvent,TcpIpConnect,2021-10-09 16:24:16.772,0
"""C:\Program Files\Mozilla Firefox\firefox.exe"" slate.com
PID:1412",103.254.188.158,IpChannelEvent,TcpIpSend,2021-10-09 16:24:16.804,1077
103.254.188.158,"""C:\Program Files\Mozilla Firefox\firefox.exe"" slate.com
PID:1412",IpChannelEvent,TcpIpRecv,2021-10-09 16:24:16.804,5471
C:\Users\jpdz\AppData\Local\Mozilla\Firefox\Profiles\uzjxbbj5.default-release\safebrowsing\social-tracking-protection-facebook-digest256.vlpset,"""C:\Program Files\Mozilla Firefox\firefox.exe"" slate.com
PID:1412",FileEvent,Read,2021-10-09 16:24:12.304,906
C:\Users\jpdz\AppData\Local\Mozilla\Firefox\Profiles\uzjxbbj5.default-release\safebrowsing\google4\goog-malware-proto.metadata,"""C:\Program Files\Mozilla Firefox\firefox.exe"" slate.com
PID:1412",FileEvent,Read,2021-10-09 16:24:12.977,142
C:\Users\jpdz\AppData\Roaming\Mozilla\Firefox\Profiles\uzjxbbj5.default-release\storage\default\moz-extension+++0c3666b5-67b1-4855-b50d-d5fbfc0d2874^userContextId=4294967295\.metadata-v2,"""C:\Program Files\Mozilla Firefox\firefox.exe"" slate.com
PID:1412",FileEvent,Read,2021-10-09 16:24:16.831,512
"""C:\Program Files\Mozilla Firefox\firefox.exe"" slate.com
PID:1412",C:\Users\jpdz\AppData\Roaming\Mozilla\Firefox\Profiles\uzjxbbj5.default-release\storage\default\moz-extension+++0c3666b5-67b1-4855-b50d-d5fbfc0d2874^userContextId=4294967295\.metadata-v2,FileEvent,Write,2021-10-09 16:24:18.447,8
"""C:\Program Files\Mozilla Firefox\firefox.exe"" slate.com
PID:1412",202.114.51.75,IpChannelEvent,TcpIpConnect,2021-10-09 16:24:21.910,0
"""C:\Program Files\Mozilla Firefox\firefox.exe"" slate.com
PID:1412",202.114.51.75,IpChannelEvent,TcpIpDisconnect,2021-10-09 16:24:21.983,0
202.114.51.75,"""C:\Program Files\Mozilla Firefox\firefox.exe"" slate.com
PID:1412",IpChannelEvent,TcpIpRecv,2021-10-09 16:24:21.950,4456
"""C:\Program Files\Mozilla Firefox\firefox.exe"" slate.com
PID:1412",202.114.51.75,IpChannelEvent,TcpIpSend,2021-10-09 16:24:21.950,811
"""C:\Program Files\Mozilla Firefox\firefox.exe"" slate.com
PID:1412",C:\Users\jpdz\AppData\Local\Mozilla\Firefox\Profiles\uzjxbbj5.default-release\safebrowsing-updating\google4\goog-malware-proto.vlpset,FileEvent,Delete,2021-10-09 16:24:33.657,0
"""C:\Program Files\Mozilla Firefox\firefox.exe"" slate.com
PID:1412",C:\Users\jpdz\AppData\Local\Mozilla\Firefox\Profiles\uzjxbbj5.default-release\safebrowsing-updating\google4\goog-malware-proto.vlpset,FileEvent,Write,2021-10-09 16:24:27.928,131104
"""C:\Program Files\Mozilla Firefox\firefox.exe"" slate.com
PID:1412",113.142.81.208,IpChannelEvent,TcpIpConnect,2021-10-09 16:24:10.182,0
"""C:\Program Files\Mozilla Firefox\firefox.exe"" slate.com
PID:1412",113.142.81.208,IpChannelEvent,TcpIpSend,2021-10-09 16:24:10.238,602
113.142.81.208,"""C:\Program Files\Mozilla Firefox\firefox.exe"" slate.com
PID:1412",IpChannelEvent,TcpIpRecv,2021-10-09 16:24:10.238,3773
"""C:\Program Files\Mozilla Firefox\firefox.exe"" slate.com
PID:1412",113.142.81.208,IpChannelEvent,TcpIpDisconnect,2021-10-09 16:24:16.707,0
"""C:\Program Files\Mozilla Firefox\firefox.exe"" slate.com
PID:1412",C:\Users\jpdz\AppData\Local\Mozilla\Firefox\Profiles\uzjxbbj5.default-release\cache2\doomed\21260,FileEvent,Delete,2021-10-09 16:24:22.582,0
C:\Users\jpdz\AppData\Local\Mozilla\Firefox\Profiles\uzjxbbj5.default-release\safebrowsing\google-trackwhite-digest256.sbstore,"""C:\Program Files\Mozilla Firefox\firefox.exe"" slate.com
PID:1412",FileEvent,Read,2021-10-09 16:24:12.976,92718
C:\Users\jpdz\AppData\Roaming\Mozilla\Firefox\Profiles\uzjxbbj5.default-release\extension-settings.json,"""C:\Program Files\Mozilla Firefox\firefox.exe"" slate.com
PID:1412",FileEvent,Read,2021-10-09 16:24:09.907,284
C:\Users\jpdz\AppData\Roaming\Mozilla\Firefox\Profiles\uzjxbbj5.default-release\storage\permanent\chrome\idb\1451318868ntouromlalnodry--epcr.sqlite,"""C:\Program Files\Mozilla Firefox\firefox.exe"" slate.com
PID:1412",FileEvent,Read,2021-10-09 16:24:09.911,37064
C:\Users\jpdz\AppData\Local\Mozilla\Firefox\Profiles\uzjxbbj5.default-release\safebrowsing\google-trackwhite-digest256.vlpset,"""C:\Program Files\Mozilla Firefox\firefox.exe"" slate.com
PID:1412",FileEvent,Read,2021-10-09 16:24:12.297,4587520
"""C:\Program Files\Mozilla Firefox\firefox.exe"" slate.com
PID:1412",C:\Users\jpdz\AppData\Local\Mozilla\Firefox\Profiles\uzjxbbj5.default-release\cache2\entries\452E6B4E716F6BE8ABBC3F79B603D17C209802C3,FileEvent,Write,2021-10-09 16:24:12.842,4285
"""C:\Program Files\Mozilla Firefox\firefox.exe"" slate.com
PID:1412",C:\Users\jpdz\AppData\Local\Mozilla\Firefox\Profiles\uzjxbbj5.default-release\cache2\entries\76FCCB4690DE5948EFE9FB1468966C49DE5FC275,FileEvent,Write,2021-10-09 16:24:18.38,17432
C:\Users\jpdz\AppData\Roaming\Microsoft\Internet Explorer\Quick Launch\User Pinned\TaskBar\Firefox.lnk,"""C:\Program Files\Mozilla Firefox\firefox.exe"" slate.com
PID:1412",FileEvent,Read,2021-10-09 16:24:12.981,4096
C:\Program Files\desktop.ini,"""C:\Program Files\Mozilla Firefox\firefox.exe"" slate.com
PID:1412",FileEvent,Read,2021-10-09 16:24:12.984,176
"""C:\Program Files\Mozilla Firefox\firefox.exe"" slate.com
PID:1412",C:\Users\jpdz\AppData\Roaming\Mozilla\Firefox\Profiles\uzjxbbj5.default-release\storage\default\moz-extension+++0424fd79-b62a-421f-bf32-0d1549ab34f2^userContextId=4294967295\idb\3647222921wleabcEoxlt-eengsairo.sqlite,FileEvent,Write,2021-10-09 16:24:25.54,8192
C:\Users\jpdz\AppData\Roaming\Mozilla\Firefox\Profiles\uzjxbbj5.default-release\storage\default\moz-extension+++0424fd79-b62a-421f-bf32-0d1549ab34f2^userContextId=4294967295\idb\3647222921wleabcEoxlt-eengsairo.sqlite,"""C:\Program Files\Mozilla Firefox\firefox.exe"" slate.com
PID:1412",FileEvent,Read,2021-10-09 16:24:22.141,37064
"""C:\Program Files\Mozilla Firefox\firefox.exe"" slate.com
PID:1412",C:\Users\jpdz\AppData\Local\Mozilla\Firefox\Profiles\uzjxbbj5.default-release\safebrowsing-updating\base-fingerprinting-track-digest256-1.sbstore,FileEvent,Write,2021-10-09 16:24:30.906,4456
"""C:\Program Files\Mozilla Firefox\firefox.exe"" slate.com
PID:1412",34.117.237.239,IpChannelEvent,TcpIpConnect,2021-10-09 16:24:12.962,0
34.117.237.239,"""C:\Program Files\Mozilla Firefox\firefox.exe"" slate.com
PID:1412",IpChannelEvent,TcpIpRecv,2021-10-09 16:24:13.34,5382
"""C:\Program Files\Mozilla Firefox\firefox.exe"" slate.com
PID:1412",34.117.237.239,IpChannelEvent,TcpIpSend,2021-10-09 16:24:13.34,1088
"""C:\Program Files\Mozilla Firefox\firefox.exe"" slate.com
PID:1412",C:\Users\jpdz\AppData\Local\Mozilla\Firefox\Profiles\uzjxbbj5.default-release\safebrowsing-updating\base-cryptomining-track-digest256.vlpset,FileEvent,Delete,2021-10-09 16:24:33.649,0
"""C:\Program Files\Mozilla Firefox\firefox.exe"" slate.com
PID:1412",C:\Users\jpdz\AppData\Local\Mozilla\Firefox\Profiles\uzjxbbj5.default-release\safebrowsing-updating\base-cryptomining-track-digest256.vlpset,FileEvent,Write,2021-10-09 16:24:27.903,2277
C:\Users\jpdz\AppData\Local\Mozilla\Firefox\Profiles\uzjxbbj5.default-release\safebrowsing-updating\base-cryptomining-track-digest256.vlpset,"""C:\Program Files\Mozilla Firefox\firefox.exe"" slate.com
PID:1412",FileEvent,Read,2021-10-09 16:24:27.937,2277
"""C:\Program Files\Mozilla Firefox\firefox.exe"" slate.com
PID:1412",C:\Users\jpdz\AppData\Local\Mozilla\Firefox\Profiles\uzjxbbj5.default-release\safebrowsing-updating\google4\goog-badbinurl-proto.vlpset,FileEvent,Delete,2021-10-09 16:24:33.656,0
"""C:\Program Files\Mozilla Firefox\firefox.exe"" slate.com
PID:1412",C:\Users\jpdz\AppData\Local\Mozilla\Firefox\Profiles\uzjxbbj5.default-release\safebrowsing-updating\google4\goog-badbinurl-proto.vlpset,FileEvent,Write,2021-10-09 16:24:27.926,131104
"""C:\Program Files\Mozilla Firefox\firefox.exe"" slate.com
PID:1412",C:\Users\jpdz\AppData\Roaming\Mozilla\Firefox\Profiles\uzjxbbj5.default-release\storage\default\moz-extension+++7b7c287d-b9ee-4c40-99c0-63c5bd847cee^userContextId=4294967295\idb\3647222921wleabcEoxlt-eengsairo.sqlite-shm,FileEvent,Delete,2021-10-09 16:24:18.445,0
"""C:\Program Files\Mozilla Firefox\firefox.exe"" slate.com
PID:1412",C:\Users\jpdz\AppData\Roaming\Mozilla\Firefox\Profiles\uzjxbbj5.default-release\storage\default\moz-extension+++7b7c287d-b9ee-4c40-99c0-63c5bd847cee^userContextId=4294967295\idb\3647222921wleabcEoxlt-eengsairo.sqlite-shm,FileEvent,Delete,2021-10-09 16:24:30.435,0
C:\Users\jpdz\AppData\Roaming\Mozilla\Firefox\Profiles\uzjxbbj5.default-release\storage\default\moz-extension+++7b7c287d-b9ee-4c40-99c0-63c5bd847cee^userContextId=4294967295\idb\3647222921wleabcEoxlt-eengsairo.sqlite-shm,"""C:\Program Files\Mozilla Firefox\firefox.exe"" slate.com
PID:1412",FileEvent,Read,2021-10-09 16:24:18.445,65536
"""C:\Program Files\Mozilla Firefox\firefox.exe"" slate.com
PID:1412","""C:\Program Files\Mozilla Firefox\firefox.exe"" -contentproc --channel=""1412.3.1720170094\1322316006"" -childID 2 -isForBrowser -prefsHandle 2700 -prefMapHandle 2548 -prefsLen 9071 -prefMapSize 252743 -jsInit 604 286204 -parentBuildID 20210927210923 -appdir ""C:\Program Files\Mozilla Firefox\browser"" - 1412 ""\\.\pipe\gecko-crash-server-pipe.1412"" 2716 22d94648 tab
PID:1008",ProcessEvent,Create,2021-10-09 16:24:12.866,
C:\Users\jpdz\AppData\Local\Mozilla\Firefox\Profiles\uzjxbbj5.default-release\safebrowsing\base-cryptomining-track-digest256.vlpset,"""C:\Program Files\Mozilla Firefox\firefox.exe"" slate.com
PID:1412",FileEvent,Read,2021-10-09 16:24:12.297,4554
C:\Users\jpdz\AppData\Roaming\Mozilla\Firefox\Profiles\uzjxbbj5.default-release\storage\permanent\chrome\.metadata-v2,"""C:\Program Files\Mozilla Firefox\firefox.exe"" slate.com
PID:1412",FileEvent,Read,2021-10-09 16:24:09.908,512
C:\Users\jpdz\AppData\Local\Mozilla\Firefox\Profiles\uzjxbbj5.default-release\safebrowsing\analytics-track-digest256.sbstore,"""C:\Program Files\Mozilla Firefox\firefox.exe"" slate.com
PID:1412",FileEvent,Read,2021-10-09 16:24:12.972,1118
"""C:\Program Files\Mozilla Firefox\firefox.exe"" slate.com
PID:1412",C:\Users\jpdz\AppData\Roaming\Mozilla\Firefox\Profiles\uzjxbbj5.default-release\storage\permanent\chrome\idb\2823318777ntouromlalnodry--naod.sqlite-shm,FileEvent,Delete,2021-10-09 16:24:12.979,0
"""C:\Program Files\Mozilla Firefox\firefox.exe"" slate.com
PID:1412",C:\Users\jpdz\AppData\Roaming\Mozilla\Firefox\Profiles\uzjxbbj5.default-release\storage\permanent\chrome\idb\2823318777ntouromlalnodry--naod.sqlite-shm,FileEvent,Delete,2021-10-09 16:24:29.755,0
C:\Users\jpdz\AppData\Roaming\Mozilla\Firefox\Profiles\uzjxbbj5.default-release\storage\permanent\chrome\idb\2823318777ntouromlalnodry--naod.sqlite-shm,"""C:\Program Files\Mozilla Firefox\firefox.exe"" slate.com
PID:1412",FileEvent,Read,2021-10-09 16:24:12.979,65536
C:\Users\jpdz\AppData\Roaming\Mozilla\Firefox\Profiles\uzjxbbj5.default-release\storage\ls-archive.sqlite,"""C:\Program Files\Mozilla Firefox\firefox.exe"" slate.com
PID:1412",FileEvent,Read,2021-10-09 16:24:09.907,65684
"""C:\Program Files\Mozilla Firefox\firefox.exe"" slate.com
PID:1412",C:\Users\jpdz\AppData\Local\Mozilla\Firefox\Profiles\uzjxbbj5.default-release\safebrowsing-updating\social-tracking-protection-twitter-digest256-1.vlpset,FileEvent,Write,2021-10-09 16:24:33.550,4357
C:\Users\jpdz\AppData\Local\Mozilla\Firefox\Profiles\uzjxbbj5.default-release\safebrowsing-updating\social-tracking-protection-twitter-digest256-1.vlpset,"""C:\Program Files\Mozilla Firefox\firefox.exe"" slate.com
PID:1412",FileEvent,Read,2021-10-09 16:24:33.550,32768
"""C:\Program Files\Mozilla Firefox\firefox.exe"" slate.com
PID:1412",C:\Users\jpdz\AppData\Roaming\Mozilla\Firefox\Profiles\uzjxbbj5.default-release\places.sqlite-wal,FileEvent,Write,2021-10-09 16:24:10.91,4128
C:\Users\jpdz\AppData\Roaming\Mozilla\Firefox\Profiles\uzjxbbj5.default-release\places.sqlite-wal,"""C:\Program Files\Mozilla Firefox\firefox.exe"" slate.com
PID:1412",FileEvent,Read,2021-10-09 16:24:18.911,163840
"""C:\Program Files\Mozilla Firefox\firefox.exe"" slate.com
PID:1412",C:\Users\jpdz\AppData\Roaming\Mozilla\Firefox\Profiles\uzjxbbj5.default-release\places.sqlite-wal,FileEvent,Write,2021-10-09 16:24:12.186,950752
"""C:\Program Files\Mozilla Firefox\firefox.exe"" slate.com
PID:1412",52.37.141.62,IpChannelEvent,TcpIpConnect,2021-10-09 16:24:17.66,0
"""C:\Program Files\Mozilla Firefox\firefox.exe"" slate.com
PID:1412",52.37.141.62,IpChannelEvent,TcpIpDisconnect,2021-10-09 16:24:19.292,0
52.37.141.62,"""C:\Program Files\Mozilla Firefox\firefox.exe"" slate.com
PID:1412",IpChannelEvent,TcpIpRecv,2021-10-09 16:24:18.165,4843
"""C:\Program Files\Mozilla Firefox\firefox.exe"" slate.com
PID:1412",52.37.141.62,IpChannelEvent,TcpIpSend,2021-10-09 16:24:17.904,1972
C:\Users\jpdz\AppData\Local\Mozilla\Firefox\Profiles\uzjxbbj5.default-release\safebrowsing\ads-track-digest256.vlpset,"""C:\Program Files\Mozilla Firefox\firefox.exe"" slate.com
PID:1412",FileEvent,Read,2021-10-09 16:24:12.296,111754
C:\Users\jpdz\AppData\Local\Mozilla\Firefox\Profiles\uzjxbbj5.default-release\safebrowsing\analytics-track-digest256.vlpset,"""C:\Program Files\Mozilla Firefox\firefox.exe"" slate.com
PID:1412",FileEvent,Read,2021-10-09 16:24:12.296,20042
"""C:\Program Files\Mozilla Firefox\firefox.exe"" slate.com
PID:1412",121.194.10.91,IpChannelEvent,TcpIpConnect,2021-10-09 16:24:17.830,0
121.194.10.91,"""C:\Program Files\Mozilla Firefox\firefox.exe"" slate.com
PID:1412",IpChannelEvent,TcpIpRecv,2021-10-09 16:24:17.842,1094
"""C:\Program Files\Mozilla Firefox\firefox.exe"" slate.com
PID:1412",121.194.10.91,IpChannelEvent,TcpIpSend,2021-10-09 16:24:17.842,453
"""C:\Program Files\Mozilla Firefox\firefox.exe"" slate.com
PID:1412",C:\Users\jpdz\AppData\Local\Mozilla\Firefox\Profiles\uzjxbbj5.default-release\cache2\doomed\3503,FileEvent,Delete,2021-10-09 16:24:09.750,0
C:\Users\jpdz\AppData\Roaming\Mozilla\Firefox\Profiles\uzjxbbj5.default-release\prefs.js,"""C:\Program Files\Mozilla Firefox\firefox.exe"" slate.com
PID:1412",FileEvent,Read,2021-10-09 16:24:09.653,20224
"""C:\Program Files\Mozilla Firefox\firefox.exe"" slate.com
PID:1412",C:\Users\jpdz\AppData\Local\Mozilla\Firefox\Profiles\uzjxbbj5.default-release\safebrowsing-updating\social-tracking-protection-twitter-digest256-1.sbstore,FileEvent,Write,2021-10-09 16:24:33.493,4344
"""C:\Program Files\Mozilla Firefox\firefox.exe"" slate.com
PID:1412",C:\Users\jpdz\AppData\Local\Mozilla\Firefox\Profiles\uzjxbbj5.default-release\cache2\entries\1FC56AD9B2CC3067B4F05440D87E81768971DF9B,FileEvent,Write,2021-10-09 16:24:35.446,20480
"""C:\Program Files\Mozilla Firefox\firefox.exe"" slate.com
PID:1412",C:\Users\jpdz\AppData\Local\Mozilla\Firefox\Profiles\uzjxbbj5.default-release\cache2\entries\DDF719E33B88DD7F62BF5D8661264B79B1958263,FileEvent,Write,2021-10-09 16:24:17.408,168
"""C:\Program Files\Mozilla Firefox\firefox.exe"" slate.com
PID:1412",13.35.166.102,IpChannelEvent,TcpIpConnect,2021-10-09 16:24:19.147,0
"""C:\Program Files\Mozilla Firefox\firefox.exe"" slate.com
PID:1412",13.35.166.102,IpChannelEvent,TcpIpSend,2021-10-09 16:24:19.156,3008
13.35.166.102,"""C:\Program Files\Mozilla Firefox\firefox.exe"" slate.com
PID:1412",IpChannelEvent,TcpIpRecv,2021-10-09 16:24:19.326,74189
"""C:\Program Files\Mozilla Firefox\firefox.exe"" slate.com
PID:1412",C:\Users\jpdz\AppData\Roaming\Mozilla\Firefox\Profiles\uzjxbbj5.default-release\sessionCheckpoints.json.tmp,FileEvent,Write,2021-10-09 16:24:09.795,53
"""C:\Program Files\Mozilla Firefox\firefox.exe"" slate.com
PID:1412",C:\Users\jpdz\AppData\Roaming\Mozilla\Firefox\Profiles\uzjxbbj5.default-release\sessionCheckpoints.json.tmp,FileEvent,Write,2021-10-09 16:24:12.252,90
"""C:\Program Files\Mozilla Firefox\firefox.exe"" slate.com
PID:1412",C:\Users\jpdz\AppData\Local\Mozilla\Firefox\Profiles\uzjxbbj5.default-release\safebrowsing-updating\analytics-track-digest256.vlpset,FileEvent,Delete,2021-10-09 16:24:33.648,0
"""C:\Program Files\Mozilla Firefox\firefox.exe"" slate.com
PID:1412",C:\Users\jpdz\AppData\Local\Mozilla\Firefox\Profiles\uzjxbbj5.default-release\safebrowsing-updating\analytics-track-digest256.vlpset,FileEvent,Write,2021-10-09 16:24:27.899,10021
"""C:\Program Files\Mozilla Firefox\firefox.exe"" slate.com
PID:1412",C:\Users\jpdz\AppData\Local\Mozilla\Firefox\Profiles\uzjxbbj5.default-release\cache2\entries\8A9D0A16AFD79F4A8AB4DB0FCE84393F27B0938C,FileEvent,Write,2021-10-09 16:24:21.133,65953
C:\Users\jpdz\AppData\Local\Mozilla\Firefox\Profiles\uzjxbbj5.default-release\safebrowsing\allow-flashallow-digest256.vlpset,"""C:\Program Files\Mozilla Firefox\firefox.exe"" slate.com
PID:1412",FileEvent,Read,2021-10-09 16:24:12.296,138
"""C:\Program Files\Mozilla Firefox\firefox.exe"" slate.com
PID:1412",C:\Users\jpdz\AppData\Roaming\Mozilla\Firefox\Profiles\uzjxbbj5.default-release\cookies.sqlite-shm,FileEvent,Delete,2021-10-09 16:24:09.752,0
C:\Users\jpdz\AppData\Roaming\Mozilla\Firefox\Profiles\uzjxbbj5.default-release\cookies.sqlite-shm,"""C:\Program Files\Mozilla Firefox\firefox.exe"" slate.com
PID:1412",FileEvent,Read,2021-10-09 16:24:09.752,65536
"""C:\Program Files\Mozilla Firefox\firefox.exe"" slate.com
PID:1412",13.35.166.91,IpChannelEvent,TcpIpConnect,2021-10-09 16:24:19.241,0
"""C:\Program Files\Mozilla Firefox\firefox.exe"" slate.com
PID:1412",13.35.166.91,IpChannelEvent,TcpIpDisconnect,2021-10-09 16:24:19.647,0
13.35.166.91,"""C:\Program Files\Mozilla Firefox\firefox.exe"" slate.com
PID:1412",IpChannelEvent,TcpIpRecv,2021-10-09 16:24:19.440,6636
"""C:\Program Files\Mozilla Firefox\firefox.exe"" slate.com
PID:1412",13.35.166.91,IpChannelEvent,TcpIpSend,2021-10-09 16:24:19.407,1075
"""C:\Program Files\Mozilla Firefox\firefox.exe"" slate.com
PID:1412",35.244.247.133,IpChannelEvent,TcpIpConnect,2021-10-09 16:24:17.946,0
"""C:\Program Files\Mozilla Firefox\firefox.exe"" slate.com
PID:1412",35.244.247.133,IpChannelEvent,TcpIpDisconnect,2021-10-09 16:24:18.385,0
35.244.247.133,"""C:\Program Files\Mozilla Firefox\firefox.exe"" slate.com
PID:1412",IpChannelEvent,TcpIpRecv,2021-10-09 16:24:18.106,4009
"""C:\Program Files\Mozilla Firefox\firefox.exe"" slate.com
PID:1412",35.244.247.133,IpChannelEvent,TcpIpSend,2021-10-09 16:24:18.106,792
C:\Users\jpdz\AppData\Roaming\Mozilla\Firefox\Profiles\UZJXBB~1.DEF\cert9.db,"""C:\Program Files\Mozilla Firefox\firefox.exe"" slate.com
PID:1412",FileEvent,Read,2021-10-09 16:24:09.940,131652
C:\Users\jpdz\AppData\Roaming\Mozilla\Firefox\Profiles\UZJXBB~1.DEF\cert9.db,"""C:\Program Files\Mozilla Firefox\firefox.exe"" slate.com
PID:1412",FileEvent,Read,2021-10-09 16:24:12.822,4608
C:\Users\jpdz\AppData\Roaming\Mozilla\Firefox\Profiles\uzjxbbj5.default-release\places.sqlite,"""C:\Program Files\Mozilla Firefox\firefox.exe"" slate.com
PID:1412",FileEvent,Read,2021-10-09 16:24:10.87,196708
C:\Users\jpdz\AppData\Roaming\Mozilla\Firefox\Profiles\uzjxbbj5.default-release\places.sqlite,"""C:\Program Files\Mozilla Firefox\firefox.exe"" slate.com
PID:1412",FileEvent,Read,2021-10-09 16:24:12.204,852068
"""C:\Program Files\Mozilla Firefox\firefox.exe"" slate.com
PID:1412",C:\Users\jpdz\AppData\Roaming\Mozilla\Firefox\Profiles\uzjxbbj5.default-release\storage\permanent\chrome\idb\1451318868ntouromlalnodry--epcr.sqlite-wal,FileEvent,Delete,2021-10-09 16:24:09.912,0
"""C:\Program Files\Mozilla Firefox\firefox.exe"" slate.com
PID:1412",C:\Users\jpdz\AppData\Roaming\Mozilla\Firefox\Profiles\uzjxbbj5.default-release\storage\permanent\chrome\idb\1451318868ntouromlalnodry--epcr.sqlite-wal,FileEvent,Delete,2021-10-09 16:24:24.934,0
"""C:\Program Files\Mozilla Firefox\firefox.exe"" slate.com
PID:1412",113.142.81.208,IpChannelEvent,TcpIpConnect,2021-10-09 16:24:12.993,0
113.142.81.208,"""C:\Program Files\Mozilla Firefox\firefox.exe"" slate.com
PID:1412",IpChannelEvent,TcpIpRecv,2021-10-09 16:24:13.51,5401
"""C:\Program Files\Mozilla Firefox\firefox.exe"" slate.com
PID:1412",113.142.81.208,IpChannelEvent,TcpIpSend,2021-10-09 16:24:13.51,1075
"""C:\Program Files\Mozilla Firefox\firefox.exe"" slate.com
PID:1412",C:\Users\jpdz\AppData\Local\Mozilla\Firefox\Profiles\uzjxbbj5.default-release\safebrowsing-updating\block-flash-digest256.sbstore,FileEvent,Delete,2021-10-09 16:24:33.650,0
C:\Users\jpdz\AppData\Local\Mozilla\Firefox\Profiles\uzjxbbj5.default-release\safebrowsing-updating\block-flash-digest256.sbstore,"""C:\Program Files\Mozilla Firefox\firefox.exe"" slate.com
PID:1412",FileEvent,Read,2021-10-09 16:24:27.907,32768
"""C:\Program Files\Mozilla Firefox\firefox.exe"" slate.com
PID:1412",C:\Users\jpdz\AppData\Local\Mozilla\Firefox\Profiles\uzjxbbj5.default-release\safebrowsing-updating\block-flash-digest256.sbstore,FileEvent,Write,2021-10-09 16:24:27.907,451
"""C:\Program Files\Mozilla Firefox\firefox.exe"" slate.com
PID:1412",C:\Users\jpdz\AppData\Local\Mozilla\Firefox\Profiles\uzjxbbj5.default-release\safebrowsing-updating\content-track-digest256-1.sbstore,FileEvent,Write,2021-10-09 16:24:31.943,735
C:\Users\jpdz\AppData\Roaming\Mozilla\Firefox\Profiles\uzjxbbj5.default-release\containers.json,"""C:\Program Files\Mozilla Firefox\firefox.exe"" slate.com
PID:1412",FileEvent,Read,2021-10-09 16:24:12.960,939
"""C:\Program Files\Mozilla Firefox\firefox.exe"" slate.com
PID:1412",C:\Users\jpdz\AppData\Local\Mozilla\Firefox\Profiles\uzjxbbj5.default-release\safebrowsing-updating\social-tracking-protection-linkedin-digest256-1.sbstore,FileEvent,Write,2021-10-09 16:24:33.359,4344
"""C:\Program Files\Mozilla Firefox\firefox.exe"" slate.com
PID:1412",13.35.166.91,IpChannelEvent,TcpIpConnect,2021-10-09 16:24:19.829,0
"""C:\Program Files\Mozilla Firefox\firefox.exe"" slate.com
PID:1412",13.35.166.91,IpChannelEvent,TcpIpDisconnect,2021-10-09 16:24:20.638,0
13.35.166.91,"""C:\Program Files\Mozilla Firefox\firefox.exe"" slate.com
PID:1412",IpChannelEvent,TcpIpRecv,2021-10-09 16:24:20.277,8076
"""C:\Program Files\Mozilla Firefox\firefox.exe"" slate.com
PID:1412",13.35.166.91,IpChannelEvent,TcpIpSend,2021-10-09 16:24:19.908,1077
"""C:\Program Files\Mozilla Firefox\firefox.exe"" slate.com
PID:1412",C:\ProgramData\Mozilla\updates\308046B0AF4A39CB\update.test,FileEvent,Delete,2021-10-09 16:24:17.721,0
"""C:\Program Files\Mozilla Firefox\firefox.exe"" slate.com
PID:1412",C:\Users\jpdz\AppData\Local\Mozilla\Firefox\Profiles\uzjxbbj5.default-release\safebrowsing-updating\base-fingerprinting-track-digest256-1.vlpset,FileEvent,Write,2021-10-09 16:24:31.667,7845
"""C:\Program Files\Mozilla Firefox\firefox.exe"" slate.com
PID:1412",C:\Users\jpdz\AppData\Local\Mozilla\Firefox\Profiles\uzjxbbj5.default-release\cache2\doomed\5718,FileEvent,Delete,2021-10-09 16:24:18.61,0
"""C:\Program Files\Mozilla Firefox\firefox.exe"" slate.com
PID:1412",C:\Users\jpdz\AppData\Roaming\Mozilla\Firefox\Profiles\uzjxbbj5.default-release\broadcast-listeners.json.tmp,FileEvent,Write,2021-10-09 16:24:24.546,216
"""C:\Program Files\Mozilla Firefox\firefox.exe"" slate.com
PID:1412",C:\Users\jpdz\AppData\Local\Mozilla\Firefox\Profiles\uzjxbbj5.default-release\safebrowsing-updating\google4\goog-phish-proto.metadata,FileEvent,Delete,2021-10-09 16:24:33.658,0
C:\Users\jpdz\AppData\Local\Mozilla\Firefox\Profiles\uzjxbbj5.default-release\safebrowsing-updating\google4\goog-phish-proto.metadata,"""C:\Program Files\Mozilla Firefox\firefox.exe"" slate.com
PID:1412",FileEvent,Read,2021-10-09 16:24:27.929,32768
"""C:\Program Files\Mozilla Firefox\firefox.exe"" slate.com
PID:1412",C:\Users\jpdz\AppData\Local\Mozilla\Firefox\Profiles\uzjxbbj5.default-release\safebrowsing-updating\google4\goog-phish-proto.metadata,FileEvent,Write,2021-10-09 16:24:27.929,71
"""C:\Program Files\Mozilla Firefox\firefox.exe"" slate.com
PID:1412",C:\Users\jpdz\AppData\Roaming\Mozilla\Firefox\Profiles\uzjxbbj5.default-release\storage\permanent\chrome\idb\1451318868ntouromlalnodry--epcr.sqlite-shm,FileEvent,Delete,2021-10-09 16:24:09.912,0
C:\Users\jpdz\AppData\Roaming\Mozilla\Firefox\Profiles\uzjxbbj5.default-release\storage\permanent\chrome\idb\1451318868ntouromlalnodry--epcr.sqlite-shm,"""C:\Program Files\Mozilla Firefox\firefox.exe"" slate.com
PID:1412",FileEvent,Read,2021-10-09 16:24:09.912,65536
"""C:\Program Files\Mozilla Firefox\firefox.exe"" slate.com
PID:1412",C:\Users\jpdz\AppData\Roaming\Mozilla\Firefox\Profiles\uzjxbbj5.default-release\storage\permanent\chrome\idb\1451318868ntouromlalnodry--epcr.sqlite-shm,FileEvent,Delete,2021-10-09 16:24:24.934,0
C:\Users\jpdz\AppData\Roaming\Mozilla\Firefox\Profiles\uzjxbbj5.default-release\favicons.sqlite,"""C:\Program Files\Mozilla Firefox\firefox.exe"" slate.com
PID:1412",FileEvent,Read,2021-10-09 16:24:10.88,98404
C:\Users\jpdz\AppData\Roaming\Mozilla\Firefox\Profiles\uzjxbbj5.default-release\favicons.sqlite,"""C:\Program Files\Mozilla Firefox\firefox.exe"" slate.com
PID:1412",FileEvent,Read,2021-10-09 16:24:12.206,393316
"""C:\Program Files\Mozilla Firefox\firefox.exe"" slate.com
PID:1412",13.35.166.91,IpChannelEvent,TcpIpConnect,2021-10-09 16:24:24.444,0
"""C:\Program Files\Mozilla Firefox\firefox.exe"" slate.com
PID:1412",13.35.166.91,IpChannelEvent,TcpIpDisconnect,2021-10-09 16:24:25.847,0
13.35.166.91,"""C:\Program Files\Mozilla Firefox\firefox.exe"" slate.com
PID:1412",IpChannelEvent,TcpIpRecv,2021-10-09 16:24:24.642,3824
"""C:\Program Files\Mozilla Firefox\firefox.exe"" slate.com
PID:1412",13.35.166.91,IpChannelEvent,TcpIpSend,2021-10-09 16:24:24.642,605
C:\Program Files\Mozilla Firefox\api-ms-win-crt-time-l1-1-0.dll,"""C:\Program Files\Mozilla Firefox\firefox.exe"" slate.com
PID:1412",FileEvent,Read,2021-10-09 16:24:09.583,65536
C:\Users\jpdz\AppData\Local\Mozilla\Firefox\Profiles\uzjxbbj5.default-release\safebrowsing\mozstd-trackwhite-digest256.sbstore,"""C:\Program Files\Mozilla Firefox\firefox.exe"" slate.com
PID:1412",FileEvent,Read,2021-10-09 16:24:12.976,19938
"""C:\Program Files\Mozilla Firefox\firefox.exe"" slate.com
PID:1412",C:\Users\jpdz\AppData\Local\Mozilla\Firefox\Profiles\uzjxbbj5.default-release\safebrowsing-updating\content-track-digest256-1.vlpset,FileEvent,Write,2021-10-09 16:24:32.350,31941
C:\Users\jpdz\AppData\Roaming\Mozilla\Firefox\Crash Reports\InstallTime20210927210923,"""C:\Program Files\Mozilla Firefox\firefox.exe"" slate.com
PID:1412",FileEvent,Read,2021-10-09 16:24:09.640,10
"""C:\Program Files\Mozilla Firefox\firefox.exe"" slate.com
PID:1412",121.194.10.78,IpChannelEvent,TcpIpConnect,2021-10-09 16:24:16.999,0
"""C:\Program Files\Mozilla Firefox\firefox.exe"" slate.com
PID:1412",121.194.10.78,IpChannelEvent,TcpIpSend,2021-10-09 16:24:17.10,326
121.194.10.78,"""C:\Program Files\Mozilla Firefox\firefox.exe"" slate.com
PID:1412",IpChannelEvent,TcpIpRecv,2021-10-09 16:24:17.10,647
C:\Users\jpdz\AppData\Local\Mozilla\Firefox\Profiles\uzjxbbj5.default-release\safebrowsing\block-flashsubdoc-digest256.vlpset,"""C:\Program Files\Mozilla Firefox\firefox.exe"" slate.com
PID:1412",FileEvent,Read,2021-10-09 16:24:12.297,335557
C:\Users\jpdz\AppData\Roaming\Mozilla\Firefox\Profiles\uzjxbbj5.default-release\storage.sqlite,"""C:\Program Files\Mozilla Firefox\firefox.exe"" slate.com
PID:1412",FileEvent,Read,2021-10-09 16:24:09.907,2180
C:\Users\jpdz\AppData\Roaming\Mozilla\Firefox\Profiles\uzjxbbj5.default-release\storage.sqlite,"""C:\Program Files\Mozilla Firefox\firefox.exe"" slate.com
PID:1412",FileEvent,Read,2021-10-09 16:24:16.830,3120
"""C:\Program Files\Mozilla Firefox\firefox.exe"" slate.com
PID:1412",C:\Users\jpdz\AppData\Roaming\Mozilla\Firefox\Profiles\uzjxbbj5.default-release\storage.sqlite,FileEvent,Write,2021-10-09 16:24:18.191,4096
C:\Users\jpdz\AppData\Roaming\Mozilla\Firefox\Profiles\uzjxbbj5.default-release\storage\default\moz-extension+++7b7c287d-b9ee-4c40-99c0-63c5bd847cee^userContextId=4294967295\idb\3647222921wleabcEoxlt-eengsairo.sqlite,"""C:\Program Files\Mozilla Firefox\firefox.exe"" slate.com
PID:1412",FileEvent,Read,2021-10-09 16:24:18.444,37064
"""C:\Program Files\Mozilla Firefox\firefox.exe"" slate.com
PID:1412",C:\Users\jpdz\AppData\Local\Mozilla\Firefox\Profiles\uzjxbbj5.default-release\activity-stream.discovery_stream.json.tmp,FileEvent,Write,2021-10-09 16:24:12.921,246066
"""C:\Program Files\Mozilla Firefox\firefox.exe"" slate.com
PID:1412",C:\Users\jpdz\AppData\Roaming\Mozilla\Firefox\Profiles\uzjxbbj5.default-release\storage\permanent\chrome\idb\3561288849sdhlie.sqlite-shm,FileEvent,Delete,2021-10-09 16:24:12.887,0
"""C:\Program Files\Mozilla Firefox\firefox.exe"" slate.com
PID:1412",C:\Users\jpdz\AppData\Roaming\Mozilla\Firefox\Profiles\uzjxbbj5.default-release\storage\permanent\chrome\idb\3561288849sdhlie.sqlite-shm,FileEvent,Delete,2021-10-09 16:24:24.935,0
C:\Users\jpdz\AppData\Roaming\Mozilla\Firefox\Profiles\uzjxbbj5.default-release\storage\permanent\chrome\idb\3561288849sdhlie.sqlite-shm,"""C:\Program Files\Mozilla Firefox\firefox.exe"" slate.com
PID:1412",FileEvent,Read,2021-10-09 16:24:12.886,65536
C:\Users\jpdz\AppData\Roaming\Mozilla\Firefox\Profiles\uzjxbbj5.default-release\gmp-widevinecdm\4.10.2209.1\manifest.json,"""C:\Program Files\Mozilla Firefox\firefox.exe"" slate.com
PID:1412",FileEvent,Read,2021-10-09 16:24:10.11,373
"""C:\Program Files\Mozilla Firefox\firefox.exe"" slate.com
PID:1412",C:\Users\jpdz\AppData\Roaming\Mozilla\Firefox\Profiles\uzjxbbj5.default-release\extension-settings.json.tmp,FileEvent,Write,2021-10-09 16:24:16.670,284
C:\Users\jpdz\AppData\Roaming\Mozilla\Firefox\Profiles\uzjxbbj5.default-release\SiteSecurityServiceState.txt,"""C:\Program Files\Mozilla Firefox\firefox.exe"" slate.com
PID:1412",FileEvent,Read,2021-10-09 16:24:09.942,433
"""C:\Program Files\Mozilla Firefox\firefox.exe"" slate.com
PID:1412","""C:\Program Files\Mozilla Firefox\firefox.exe"" -contentproc --channel=""1412.8.1166024769\1013130367"" -childID 3 -isForBrowser -prefsHandle 3548 -prefMapHandle 3544 -prefsLen 9770 -prefMapSize 252743 -jsInit 604 286204 -parentBuildID 20210927210923 -appdir ""C:\Program Files\Mozilla Firefox\browser"" - 1412 ""\\.\pipe\gecko-crash-server-pipe.1412"" 3560 2504a258 tab
PID:1144",ProcessEvent,Create,2021-10-09 16:24:17.741,
C:\Users\jpdz\AppData\Roaming\Mozilla\Firefox\Profiles\uzjxbbj5.default-release\addons.json,"""C:\Program Files\Mozilla Firefox\firefox.exe"" slate.com
PID:1412",FileEvent,Read,2021-10-09 16:24:17.732,1022
"""C:\Program Files\Mozilla Firefox\firefox.exe"" slate.com
PID:1412","""C:\Program Files\Mozilla Firefox\firefox.exe"" -contentproc --channel=""1412.5.43854842\755805900"" -parentBuildID 20210927210923 -prefsHandle 3420 -prefMapHandle 3428 -prefsLen 9770 -prefMapSize 252743 -appdir ""C:\Program Files\Mozilla Firefox\browser"" - 1412 ""\\.\pipe\gecko-crash-server-pipe.1412"" 3444 15bb46f8 rdd
PID:1628",ProcessEvent,Create,2021-10-09 16:24:17.32,
C:\Users\jpdz\AppData\Local\Mozilla\Firefox\Profiles\uzjxbbj5.default-release\safebrowsing\ads-track-digest256.sbstore,"""C:\Program Files\Mozilla Firefox\firefox.exe"" slate.com
PID:1412",FileEvent,Read,2021-10-09 16:24:12.972,4038
C:\Program Files\Mozilla Firefox\api-ms-win-crt-filesystem-l1-1-0.dll,"""C:\Program Files\Mozilla Firefox\firefox.exe"" slate.com
PID:1412",FileEvent,Read,2021-10-09 16:24:09.583,65536
"""C:\Program Files\Mozilla Firefox\firefox.exe"" slate.com
PID:1412",C:\Users\jpdz\AppData\Roaming\Mozilla\Firefox\Profiles\uzjxbbj5.default-release\storage\permanent\chrome\idb\2918063365piupsah.sqlite-wal,FileEvent,Delete,2021-10-09 16:24:12.981,0
"""C:\Program Files\Mozilla Firefox\firefox.exe"" slate.com
PID:1412",C:\Users\jpdz\AppData\Roaming\Mozilla\Firefox\Profiles\uzjxbbj5.default-release\storage\permanent\chrome\idb\2918063365piupsah.sqlite-wal,FileEvent,Delete,2021-10-09 16:24:30.434,0
C:\Users\jpdz\AppData\Roaming\Microsoft\Network\Connections\Pbk\_hiddenPbk\rasphone.pbk,"""C:\Program Files\Mozilla Firefox\firefox.exe"" slate.com
PID:1412",FileEvent,Read,2021-10-09 16:24:09.975,2048
C:\Users\jpdz\AppData\Local\Mozilla\Firefox\Profiles\uzjxbbj5.default-release\safebrowsing\social-track-digest256.sbstore,"""C:\Program Files\Mozilla Firefox\firefox.exe"" slate.com
PID:1412",FileEvent,Read,2021-10-09 16:24:12.976,618
"""C:\Program Files\Mozilla Firefox\firefox.exe"" slate.com
PID:1412",C:\Users\jpdz\AppData\Local\Mozilla\Firefox\Profiles\uzjxbbj5.default-release\safebrowsing-updating\google-trackwhite-digest256.sbstore,FileEvent,Delete,2021-10-09 16:24:33.655,0
C:\Users\jpdz\AppData\Local\Mozilla\Firefox\Profiles\uzjxbbj5.default-release\safebrowsing-updating\google-trackwhite-digest256.sbstore,"""C:\Program Files\Mozilla Firefox\firefox.exe"" slate.com
PID:1412",FileEvent,Read,2021-10-09 16:24:32.431,46359
"""C:\Program Files\Mozilla Firefox\firefox.exe"" slate.com
PID:1412",C:\Users\jpdz\AppData\Local\Mozilla\Firefox\Profiles\uzjxbbj5.default-release\safebrowsing-updating\google-trackwhite-digest256.sbstore,FileEvent,Write,2021-10-09 16:24:27.922,46359
C:\Program Files\Mozilla Firefox\api-ms-win-crt-environment-l1-1-0.dll,"""C:\Program Files\Mozilla Firefox\firefox.exe"" slate.com
PID:1412",FileEvent,Read,2021-10-09 16:24:09.583,65536
"""C:\Program Files\Mozilla Firefox\firefox.exe"" slate.com
PID:1412",C:\Users\jpdz\AppData\Roaming\Mozilla\Firefox\Profiles\uzjxbbj5.default-release\datareporting\glean\db\data.safe.bin,FileEvent,Write,2021-10-09 16:24:17.408,46693
C:\Users\jpdz\AppData\Roaming\Mozilla\Firefox\Profiles\uzjxbbj5.default-release\datareporting\glean\db\data.safe.bin,"""C:\Program Files\Mozilla Firefox\firefox.exe"" slate.com
PID:1412",FileEvent,Read,2021-10-09 16:24:16.684,2579
C:\Users\jpdz\AppData\Roaming\Mozilla\Firefox\Profiles\uzjxbbj5.default-release\storage\permanent\chrome\idb\2918063365piupsah.sqlite,"""C:\Program Files\Mozilla Firefox\firefox.exe"" slate.com
PID:1412",FileEvent,Read,2021-10-09 16:24:12.979,41160
"""C:\Program Files\Mozilla Firefox\firefox.exe"" slate.com
PID:1412",C:\Users\jpdz\AppData\Local\Mozilla\Firefox\Profiles\uzjxbbj5.default-release\safebrowsing-updating\analytics-track-digest256.sbstore,FileEvent,Delete,2021-10-09 16:24:33.647,0
"""C:\Program Files\Mozilla Firefox\firefox.exe"" slate.com
PID:1412",C:\Users\jpdz\AppData\Local\Mozilla\Firefox\Profiles\uzjxbbj5.default-release\safebrowsing-updating\analytics-track-digest256.sbstore,FileEvent,Write,2021-10-09 16:24:27.897,559
C:\Users\jpdz\AppData\Roaming\Mozilla\Firefox\profiles.ini,"""C:\Program Files\Mozilla Firefox\firefox.exe"" slate.com
PID:1412",FileEvent,Read,2021-10-09 16:24:09.641,305
C:\Users\jpdz\AppData\Local\Mozilla\Firefox\Profiles\uzjxbbj5.default-release\safebrowsing\except-flash-digest256.sbstore,"""C:\Program Files\Mozilla Firefox\firefox.exe"" slate.com
PID:1412",FileEvent,Read,2021-10-09 16:24:12.972,480
C:\Users\jpdz\AppData\Local\Mozilla\Firefox\Profiles\uzjxbbj5.default-release\safebrowsing\except-flash-digest256.vlpset,"""C:\Program Files\Mozilla Firefox\firefox.exe"" slate.com
PID:1412",FileEvent,Read,2021-10-09 16:24:12.297,202
C:\Users\jpdz\AppData\Local\Mozilla\Firefox\Profiles\uzjxbbj5.default-release\safebrowsing\google4\goog-downloadwhite-proto.metadata,"""C:\Program Files\Mozilla Firefox\firefox.exe"" slate.com
PID:1412",FileEvent,Read,2021-10-09 16:24:12.977,138
"""C:\Program Files\Mozilla Firefox\firefox.exe"" slate.com
PID:1412",34.107.221.82,IpChannelEvent,TcpIpConnect,2021-10-09 16:24:12.877,0
"""C:\Program Files\Mozilla Firefox\firefox.exe"" slate.com
PID:1412",34.107.221.82,IpChannelEvent,TcpIpDisconnect,2021-10-09 16:24:18.800,0
"""C:\Program Files\Mozilla Firefox\firefox.exe"" slate.com
PID:1412",C:\Users\jpdz\AppData\Roaming\Mozilla\Firefox\Profiles\uzjxbbj5.default-release\storage\permanent\chrome\idb\3870112724rsegmnoittet-es.sqlite-wal,FileEvent,Delete,2021-10-09 16:24:09.911,0
"""C:\Program Files\Mozilla Firefox\firefox.exe"" slate.com
PID:1412",C:\Users\jpdz\AppData\Roaming\Mozilla\Firefox\Profiles\uzjxbbj5.default-release\storage\permanent\chrome\idb\3870112724rsegmnoittet-es.sqlite-wal,FileEvent,Delete,2021-10-09 16:24:36.927,0
"""C:\Program Files\Mozilla Firefox\firefox.exe"" slate.com
PID:1412",C:\Users\jpdz\AppData\Roaming\Mozilla\Firefox\Profiles\uzjxbbj5.default-release\storage\permanent\chrome\idb\3870112724rsegmnoittet-es.sqlite-wal,FileEvent,Write,2021-10-09 16:24:20.540,731200
C:\Users\jpdz\AppData\Roaming\Mozilla\Firefox\Profiles\uzjxbbj5.default-release\storage\permanent\chrome\idb\3870112724rsegmnoittet-es.sqlite-wal,"""C:\Program Files\Mozilla Firefox\firefox.exe"" slate.com
PID:1412",FileEvent,Read,2021-10-09 16:24:21.584,319488
"""C:\Program Files\Mozilla Firefox\firefox.exe"" slate.com
PID:1412",113.142.81.208,IpChannelEvent,TcpIpConnect,2021-10-09 16:24:12.401,0
"""C:\Program Files\Mozilla Firefox\firefox.exe"" slate.com
PID:1412",113.142.81.208,IpChannelEvent,TcpIpSend,2021-10-09 16:24:12.450,1262
113.142.81.208,"""C:\Program Files\Mozilla Firefox\firefox.exe"" slate.com
PID:1412",IpChannelEvent,TcpIpRecv,2021-10-09 16:24:12.450,4536
"""C:\Program Files\Mozilla Firefox\firefox.exe"" slate.com
PID:1412",C:\Users\jpdz\AppData\Roaming\Mozilla\Firefox\Profiles\uzjxbbj5.default-release\storage\permanent\chrome\idb\1657114595AmcateirvtiSty.sqlite-shm,FileEvent,Delete,2021-10-09 16:24:12.885,0
"""C:\Program Files\Mozilla Firefox\firefox.exe"" slate.com
PID:1412",C:\Users\jpdz\AppData\Roaming\Mozilla\Firefox\Profiles\uzjxbbj5.default-release\storage\permanent\chrome\idb\1657114595AmcateirvtiSty.sqlite-shm,FileEvent,Delete,2021-10-09 16:24:34.74,0
C:\Users\jpdz\AppData\Roaming\Mozilla\Firefox\Profiles\uzjxbbj5.default-release\storage\permanent\chrome\idb\1657114595AmcateirvtiSty.sqlite-shm,"""C:\Program Files\Mozilla Firefox\firefox.exe"" slate.com
PID:1412",FileEvent,Read,2021-10-09 16:24:12.884,65536
C:\Users\jpdz\AppData\Local\Mozilla\Firefox\Profiles\uzjxbbj5.default-release\safebrowsing\social-tracking-protection-facebook-digest256.sbstore,"""C:\Program Files\Mozilla Firefox\firefox.exe"" slate.com
PID:1412",FileEvent,Read,2021-10-09 16:24:12.976,512
"""C:\Program Files\Mozilla Firefox\firefox.exe"" slate.com
PID:1412",C:\Users\jpdz\AppData\Roaming\Mozilla\Firefox\Profiles\uzjxbbj5.default-release\addonStartup.json.lz4.tmp,FileEvent,Write,2021-10-09 16:24:18.462,5706
"""C:\Program Files\Mozilla Firefox\firefox.exe"" slate.com
PID:1412",13.35.166.91,IpChannelEvent,TcpIpConnect,2021-10-09 16:24:27.674,0
"""C:\Program Files\Mozilla Firefox\firefox.exe"" slate.com
PID:1412",13.35.166.91,IpChannelEvent,TcpIpDisconnect,2021-10-09 16:24:27.884,0
13.35.166.91,"""C:\Program Files\Mozilla Firefox\firefox.exe"" slate.com
PID:1412",IpChannelEvent,TcpIpRecv,2021-10-09 16:24:27.781,4586
"""C:\Program Files\Mozilla Firefox\firefox.exe"" slate.com
PID:1412",13.35.166.91,IpChannelEvent,TcpIpSend,2021-10-09 16:24:27.708,1086
C:\Users\jpdz\AppData\Local\Mozilla\Firefox\Profiles\uzjxbbj5.default-release\cache2\entries\3B2DB0CC02AD1DD0C4C39368E12A8E60370437C4,"""C:\Program Files\Mozilla Firefox\firefox.exe"" slate.com
PID:1412",FileEvent,Read,2021-10-09 16:24:13.63,10113
"""C:\Program Files\Mozilla Firefox\firefox.exe"" slate.com
PID:1412",C:\Users\jpdz\AppData\Local\Mozilla\Firefox\Profiles\uzjxbbj5.default-release\cache2\entries\3B2DB0CC02AD1DD0C4C39368E12A8E60370437C4,FileEvent,Write,2021-10-09 16:24:17.766,59040
C:\Users\jpdz\AppData\Roaming\Mozilla\Firefox\Profiles\uzjxbbj5.default-release\gmp-gmpopenh264\1.8.1.1\gmpopenh264.info,"""C:\Program Files\Mozilla Firefox\firefox.exe"" slate.com
PID:1412",FileEvent,Read,2021-10-09 16:24:10.11,116
C:\Users\jpdz\AppData\Roaming\Mozilla\Firefox\Profiles\uzjxbbj5.default-release\broadcast-listeners.json,"""C:\Program Files\Mozilla Firefox\firefox.exe"" slate.com
PID:1412",FileEvent,Read,2021-10-09 16:24:17.752,216
"""C:\Program Files\Mozilla Firefox\firefox.exe"" slate.com
PID:1412",C:\Users\jpdz\AppData\Local\Mozilla\Firefox\Profiles\uzjxbbj5.default-release\safebrowsing-updating\google4\goog-badbinurl-proto.metadata,FileEvent,Delete,2021-10-09 16:24:33.656,0
"""C:\Program Files\Mozilla Firefox\firefox.exe"" slate.com
PID:1412",C:\Users\jpdz\AppData\Local\Mozilla\Firefox\Profiles\uzjxbbj5.default-release\safebrowsing-updating\google4\goog-badbinurl-proto.metadata,FileEvent,Write,2021-10-09 16:24:27.925,71
C:\Users\jpdz\AppData\Local\Mozilla\Firefox\Profiles\uzjxbbj5.default-release\safebrowsing-updating\google4\goog-badbinurl-proto.metadata,"""C:\Program Files\Mozilla Firefox\firefox.exe"" slate.com
PID:1412",FileEvent,Read,2021-10-09 16:24:27.925,32768
C:\Program Files\Mozilla Firefox\api-ms-win-crt-string-l1-1-0.dll,"""C:\Program Files\Mozilla Firefox\firefox.exe"" slate.com
PID:1412",FileEvent,Read,2021-10-09 16:24:09.583,65536
"""C:\Program Files\Mozilla Firefox\firefox.exe"" slate.com
PID:1412",C:\Users\jpdz\AppData\Local\Mozilla\Firefox\Profiles\uzjxbbj5.default-release\safebrowsing-updating\except-flash-digest256.sbstore,FileEvent,Delete,2021-10-09 16:24:33.653,0
C:\Users\jpdz\AppData\Local\Mozilla\Firefox\Profiles\uzjxbbj5.default-release\safebrowsing-updating\except-flash-digest256.sbstore,"""C:\Program Files\Mozilla Firefox\firefox.exe"" slate.com
PID:1412",FileEvent,Read,2021-10-09 16:24:27.917,32768
"""C:\Program Files\Mozilla Firefox\firefox.exe"" slate.com
PID:1412",C:\Users\jpdz\AppData\Local\Mozilla\Firefox\Profiles\uzjxbbj5.default-release\safebrowsing-updating\except-flash-digest256.sbstore,FileEvent,Write,2021-10-09 16:24:27.917,240
"""C:\Program Files\Mozilla Firefox\firefox.exe"" slate.com
PID:1412",52.42.128.29,IpChannelEvent,TcpIpConnect,2021-10-09 16:24:34.273,0
"""C:\Program Files\Mozilla Firefox\firefox.exe"" slate.com
PID:1412",52.42.128.29,IpChannelEvent,TcpIpDisconnect,2021-10-09 16:24:34.982,0
"""C:\Program Files\Mozilla Firefox\firefox.exe"" slate.com
PID:1412",52.42.128.29,IpChannelEvent,TcpIpSend,2021-10-09 16:24:34.480,643
52.42.128.29,"""C:\Program Files\Mozilla Firefox\firefox.exe"" slate.com
PID:1412",IpChannelEvent,TcpIpRecv,2021-10-09 16:24:34.624,3450
"""C:\Program Files\Mozilla Firefox\firefox.exe"" slate.com
PID:1412",C:\Users\jpdz\AppData\Local\Mozilla\Firefox\Profiles\uzjxbbj5.default-release\cache2\entries\58076067EBEB56951E5BA3FCA84F5F2CE2203F7A,FileEvent,Write,2021-10-09 16:24:12.843,120327
C:\Users\jpdz\AppData\Local\Mozilla\Firefox\Profiles\uzjxbbj5.default-release\cache2\entries\58076067EBEB56951E5BA3FCA84F5F2CE2203F7A,"""C:\Program Files\Mozilla Firefox\firefox.exe"" slate.com
PID:1412",FileEvent,Read,2021-10-09 16:24:12.344,35583
"""C:\Program Files\Mozilla Firefox\firefox.exe"" slate.com
PID:1412",C:\Users\jpdz\AppData\Local\Temp\firefox\parent.lock,FileEvent,Delete,2021-10-09 16:24:09.796,0
"""C:\Program Files\Mozilla Firefox\firefox.exe"" slate.com
PID:1412",C:\Users\jpdz\AppData\Roaming\Mozilla\Firefox\Profiles\uzjxbbj5.default-release\prefs-1.js,FileEvent,Write,2021-10-09 16:24:12.828,282874
"""C:\Program Files\Mozilla Firefox\firefox.exe"" slate.com
PID:1412",C:\Users\jpdz\AppData\Local\Mozilla\Firefox\Profiles\uzjxbbj5.default-release\safebrowsing-updating\social-track-digest256-1.vlpset,FileEvent,Write,2021-10-09 16:24:33.109,6245
"""C:\Program Files\Mozilla Firefox\firefox.exe"" slate.com
PID:1412",C:\Users\jpdz\AppData\Local\Mozilla\Firefox\Profiles\uzjxbbj5.default-release\safebrowsing-updating\social-tracking-protection-facebook-digest256.vlpset,FileEvent,Delete,2021-10-09 16:24:33.663,0
"""C:\Program Files\Mozilla Firefox\firefox.exe"" slate.com
PID:1412",C:\Users\jpdz\AppData\Local\Mozilla\Firefox\Profiles\uzjxbbj5.default-release\safebrowsing-updating\social-tracking-protection-facebook-digest256.vlpset,FileEvent,Write,2021-10-09 16:24:27.935,453
C:\Users\jpdz\AppData\Local\Mozilla\Firefox\Profiles\uzjxbbj5.default-release\safebrowsing-updating\social-tracking-protection-facebook-digest256.vlpset,"""C:\Program Files\Mozilla Firefox\firefox.exe"" slate.com
PID:1412",FileEvent,Read,2021-10-09 16:24:27.935,33221
"""C:\Program Files\Mozilla Firefox\firefox.exe"" slate.com
PID:1412",C:\Users\jpdz\AppData\Local\Mozilla\Firefox\Profiles\uzjxbbj5.default-release\safebrowsing-updating\base-fingerprinting-track-digest256.sbstore,FileEvent,Delete,2021-10-09 16:24:33.649,0
"""C:\Program Files\Mozilla Firefox\firefox.exe"" slate.com
PID:1412",C:\Users\jpdz\AppData\Local\Mozilla\Firefox\Profiles\uzjxbbj5.default-release\safebrowsing-updating\base-fingerprinting-track-digest256.sbstore,FileEvent,Write,2021-10-09 16:24:27.904,359
C:\Users\jpdz\AppData\Local\Mozilla\Firefox\Profiles\uzjxbbj5.default-release\safebrowsing-updating\base-fingerprinting-track-digest256.sbstore,"""C:\Program Files\Mozilla Firefox\firefox.exe"" slate.com
PID:1412",FileEvent,Read,2021-10-09 16:24:27.904,33127
C:\Users\jpdz\AppData\Roaming\Mozilla\Firefox\Profiles\uzjxbbj5.default-release\storage\default\moz-extension+++7b7c287d-b9ee-4c40-99c0-63c5bd847cee^userContextId=4294967295\.metadata-v2,"""C:\Program Files\Mozilla Firefox\firefox.exe"" slate.com
PID:1412",FileEvent,Read,2021-10-09 16:24:16.832,512
"""C:\Program Files\Mozilla Firefox\firefox.exe"" slate.com
PID:1412",C:\Users\jpdz\AppData\Roaming\Mozilla\Firefox\Profiles\uzjxbbj5.default-release\storage\default\moz-extension+++0424fd79-b62a-421f-bf32-0d1549ab34f2^userContextId=4294967295\idb\3647222921wleabcEoxlt-eengsairo.sqlite-wal,FileEvent,Delete,2021-10-09 16:24:22.143,0
"""C:\Program Files\Mozilla Firefox\firefox.exe"" slate.com
PID:1412",C:\Users\jpdz\AppData\Roaming\Mozilla\Firefox\Profiles\uzjxbbj5.default-release\storage\default\moz-extension+++0424fd79-b62a-421f-bf32-0d1549ab34f2^userContextId=4294967295\idb\3647222921wleabcEoxlt-eengsairo.sqlite-wal,FileEvent,Delete,2021-10-09 16:24:35.795,0
C:\Users\jpdz\AppData\Roaming\Mozilla\Firefox\Profiles\uzjxbbj5.default-release\storage\default\moz-extension+++0424fd79-b62a-421f-bf32-0d1549ab34f2^userContextId=4294967295\idb\3647222921wleabcEoxlt-eengsairo.sqlite-wal,"""C:\Program Files\Mozilla Firefox\firefox.exe"" slate.com
PID:1412",FileEvent,Read,2021-10-09 16:24:25.52,4096
"""C:\Program Files\Mozilla Firefox\firefox.exe"" slate.com
PID:1412",C:\Users\jpdz\AppData\Roaming\Mozilla\Firefox\Profiles\uzjxbbj5.default-release\storage\default\moz-extension+++0424fd79-b62a-421f-bf32-0d1549ab34f2^userContextId=4294967295\idb\3647222921wleabcEoxlt-eengsairo.sqlite-wal,FileEvent,Write,2021-10-09 16:24:22.149,20560
C:\Users\jpdz\AppData\Roaming\Mozilla\Firefox\Profiles\uzjxbbj5.default-release\shield-preference-experiments.json,"""C:\Program Files\Mozilla Firefox\firefox.exe"" slate.com
PID:1412",FileEvent,Read,2021-10-09 16:24:10.47,18
C:\Program Files\Mozilla Firefox\gmp-clearkey\0.1\manifest.json,"""C:\Program Files\Mozilla Firefox\firefox.exe"" slate.com
PID:1412",FileEvent,Read,2021-10-09 16:24:10.11,229
C:\Users\jpdz\AppData\Local\Mozilla\Firefox\Profiles\uzjxbbj5.default-release\safebrowsing\allow-flashallow-digest256.sbstore,"""C:\Program Files\Mozilla Firefox\firefox.exe"" slate.com
PID:1412",FileEvent,Read,2021-10-09 16:24:12.972,472
C:\Users\jpdz\AppData\Roaming\Mozilla\Firefox\Profiles\uzjxbbj5.default-release\times.json,"""C:\Program Files\Mozilla Firefox\firefox.exe"" slate.com
PID:1412",FileEvent,Read,2021-10-09 16:24:09.821,50
C:\Users\jpdz\AppData\Roaming\Mozilla\Firefox\Profiles\uzjxbbj5.default-release\storage\permanent\chrome\idb\3561288849sdhlie.sqlite,"""C:\Program Files\Mozilla Firefox\firefox.exe"" slate.com
PID:1412",FileEvent,Read,2021-10-09 16:24:12.886,37064
"""C:\Program Files\Mozilla Firefox\firefox.exe"" slate.com
PID:1412",C:\Users\jpdz\AppData\Roaming\Mozilla\Firefox\Profiles\uzjxbbj5.default-release\storage\permanent\chrome\idb\2918063365piupsah.sqlite-shm,FileEvent,Delete,2021-10-09 16:24:12.980,0
"""C:\Program Files\Mozilla Firefox\firefox.exe"" slate.com
PID:1412",C:\Users\jpdz\AppData\Roaming\Mozilla\Firefox\Profiles\uzjxbbj5.default-release\storage\permanent\chrome\idb\2918063365piupsah.sqlite-shm,FileEvent,Delete,2021-10-09 16:24:30.433,0
C:\Users\jpdz\AppData\Roaming\Mozilla\Firefox\Profiles\uzjxbbj5.default-release\storage\permanent\chrome\idb\2918063365piupsah.sqlite-shm,"""C:\Program Files\Mozilla Firefox\firefox.exe"" slate.com
PID:1412",FileEvent,Read,2021-10-09 16:24:12.980,65536
"""C:\Program Files\Mozilla Firefox\firefox.exe"" slate.com
PID:1412",34.107.221.82,IpChannelEvent,TcpIpConnect,2021-10-09 16:24:13.64,0
34.107.221.82,"""C:\Program Files\Mozilla Firefox\firefox.exe"" slate.com
PID:1412",IpChannelEvent,TcpIpRecv,2021-10-09 16:24:16.728,440
"""C:\Program Files\Mozilla Firefox\firefox.exe"" slate.com
PID:1412",34.107.221.82,IpChannelEvent,TcpIpSend,2021-10-09 16:24:16.728,670
"""C:\Program Files\Mozilla Firefox\firefox.exe"" slate.com
PID:1412",13.35.166.91,IpChannelEvent,TcpIpConnect,2021-10-09 16:24:25.882,0
"""C:\Program Files\Mozilla Firefox\firefox.exe"" slate.com
PID:1412",13.35.166.91,IpChannelEvent,TcpIpDisconnect,2021-10-09 16:24:26.311,0
13.35.166.91,"""C:\Program Files\Mozilla Firefox\firefox.exe"" slate.com
PID:1412",IpChannelEvent,TcpIpRecv,2021-10-09 16:24:26.106,3824
"""C:\Program Files\Mozilla Firefox\firefox.exe"" slate.com
PID:1412",13.35.166.91,IpChannelEvent,TcpIpSend,2021-10-09 16:24:25.948,605
"""C:\Program Files\Mozilla Firefox\firefox.exe"" slate.com
PID:1412",C:\Users\jpdz\AppData\Local\Mozilla\Firefox\Profiles\uzjxbbj5.default-release\cache2\doomed\28677,FileEvent,Delete,2021-10-09 16:24:17.767,0
C:\Program Files\Mozilla Firefox\defaults\pref\channel-prefs.js,"""C:\Program Files\Mozilla Firefox\firefox.exe"" slate.com
PID:1412",FileEvent,Read,2021-10-09 16:24:09.647,429
C:\Users\jpdz\AppData\Roaming\Mozilla\Firefox\Profiles\uzjxbbj5.default-release\compatibility.ini,"""C:\Program Files\Mozilla Firefox\firefox.exe"" slate.com
PID:1412",FileEvent,Read,2021-10-09 16:24:09.641,194
C:\Users\jpdz\AppData\Local\Mozilla\Firefox\Profiles\uzjxbbj5.default-release\cache2\index.tmp,"""C:\Program Files\Mozilla Firefox\firefox.exe"" slate.com
PID:1412",FileEvent,Read,2021-10-09 16:24:09.749,1439
"""C:\Program Files\Mozilla Firefox\firefox.exe"" slate.com
PID:1412",C:\Users\jpdz\AppData\Local\Mozilla\Firefox\Profiles\uzjxbbj5.default-release\safebrowsing-updating\google4\goog-malware-proto.metadata,FileEvent,Delete,2021-10-09 16:24:33.657,0
"""C:\Program Files\Mozilla Firefox\firefox.exe"" slate.com
PID:1412",C:\Users\jpdz\AppData\Local\Mozilla\Firefox\Profiles\uzjxbbj5.default-release\safebrowsing-updating\google4\goog-malware-proto.metadata,FileEvent,Write,2021-10-09 16:24:27.928,71
C:\Users\jpdz\AppData\Local\Mozilla\Firefox\Profiles\uzjxbbj5.default-release\safebrowsing-updating\google4\goog-malware-proto.metadata,"""C:\Program Files\Mozilla Firefox\firefox.exe"" slate.com
PID:1412",FileEvent,Read,2021-10-09 16:24:27.928,32768
C:\Users\jpdz\AppData\Roaming\Mozilla\Firefox\Profiles\uzjxbbj5.default-release\storage\permanent\chrome\idb\3870112724rsegmnoittet-es.sqlite,"""C:\Program Files\Mozilla Firefox\firefox.exe"" slate.com
PID:1412",FileEvent,Read,2021-10-09 16:24:09.909,286920
C:\Users\jpdz\AppData\Roaming\Mozilla\Firefox\Profiles\uzjxbbj5.default-release\storage\permanent\chrome\idb\3870112724rsegmnoittet-es.sqlite,"""C:\Program Files\Mozilla Firefox\firefox.exe"" slate.com
PID:1412",FileEvent,Read,2021-10-09 16:24:12.349,1073152
"""C:\Program Files\Mozilla Firefox\firefox.exe"" slate.com
PID:1412",C:\Users\jpdz\AppData\Roaming\Mozilla\Firefox\Profiles\uzjxbbj5.default-release\storage\permanent\chrome\idb\3870112724rsegmnoittet-es.sqlite,FileEvent,Write,2021-10-09 16:24:25.753,290816
C:\Users\jpdz\AppData\Local\Mozilla\Firefox\Profiles\uzjxbbj5.default-release\safebrowsing\except-flashallow-digest256.vlpset,"""C:\Program Files\Mozilla Firefox\firefox.exe"" slate.com
PID:1412",FileEvent,Read,2021-10-09 16:24:12.297,138
"""C:\Program Files\Mozilla Firefox\firefox.exe"" slate.com
PID:1412",C:\Users\jpdz\AppData\Local\Mozilla\Firefox\Profiles\uzjxbbj5.default-release\safebrowsing-updating\google4,FileEvent,Delete,2021-10-09 16:24:33.659,0
"""C:\Program Files\Mozilla Firefox\firefox.exe"" slate.com
PID:1412",C:\Users\jpdz\AppData\Roaming\Mozilla\Firefox\Profiles\uzjxbbj5.default-release\storage\default\moz-extension+++0424fd79-b62a-421f-bf32-0d1549ab34f2^userContextId=4294967295\.metadata-v2,FileEvent,Write,2021-10-09 16:24:22.140,8
C:\Users\jpdz\AppData\Roaming\Mozilla\Firefox\Profiles\uzjxbbj5.default-release\storage\default\moz-extension+++0424fd79-b62a-421f-bf32-0d1549ab34f2^userContextId=4294967295\.metadata-v2,"""C:\Program Files\Mozilla Firefox\firefox.exe"" slate.com
PID:1412",FileEvent,Read,2021-10-09 16:24:16.831,512
C:\Users\jpdz\AppData\Local\Mozilla\Firefox\Profiles\uzjxbbj5.default-release\safebrowsing\social-tracking-protection-twitter-digest256.vlpset,"""C:\Program Files\Mozilla Firefox\firefox.exe"" slate.com
PID:1412",FileEvent,Read,2021-10-09 16:24:12.304,458
"""C:\Program Files\Mozilla Firefox\firefox.exe"" slate.com
PID:1412",C:\Users\jpdz\AppData\Local\Mozilla\Firefox\Profiles\uzjxbbj5.default-release\safebrowsing-updating\except-flashsubdoc-digest256.sbstore,FileEvent,Delete,2021-10-09 16:24:33.654,0
C:\Users\jpdz\AppData\Local\Mozilla\Firefox\Profiles\uzjxbbj5.default-release\safebrowsing-updating\except-flashsubdoc-digest256.sbstore,"""C:\Program Files\Mozilla Firefox\firefox.exe"" slate.com
PID:1412",FileEvent,Read,2021-10-09 16:24:27.920,32768
"""C:\Program Files\Mozilla Firefox\firefox.exe"" slate.com
PID:1412",C:\Users\jpdz\AppData\Local\Mozilla\Firefox\Profiles\uzjxbbj5.default-release\safebrowsing-updating\except-flashsubdoc-digest256.sbstore,FileEvent,Write,2021-10-09 16:24:27.920,244
C:\Users\jpdz\AppData\Local\Mozilla\Firefox\Profiles\uzjxbbj5.default-release\activity-stream.discovery_stream.json,"""C:\Program Files\Mozilla Firefox\firefox.exe"" slate.com
PID:1412",FileEvent,Read,2021-10-09 16:24:12.909,61086
"""C:\Program Files\Mozilla Firefox\firefox.exe"" slate.com
PID:1412",13.35.166.91,IpChannelEvent,TcpIpConnect,2021-10-09 16:24:25.713,0
"""C:\Program Files\Mozilla Firefox\firefox.exe"" slate.com
PID:1412",13.35.166.91,IpChannelEvent,TcpIpDisconnect,2021-10-09 16:24:26.353,0
13.35.166.91,"""C:\Program Files\Mozilla Firefox\firefox.exe"" slate.com
PID:1412",IpChannelEvent,TcpIpRecv,2021-10-09 16:24:26.35,6476
"""C:\Program Files\Mozilla Firefox\firefox.exe"" slate.com
PID:1412",13.35.166.91,IpChannelEvent,TcpIpSend,2021-10-09 16:24:25.948,1064
"""C:\Program Files\Mozilla Firefox\firefox.exe"" slate.com
PID:1412",117.18.237.29,IpChannelEvent,TcpIpConnect,2021-10-09 16:24:12.683,0
"""C:\Program Files\Mozilla Firefox\firefox.exe"" slate.com
PID:1412",117.18.237.29,IpChannelEvent,TcpIpSend,2021-10-09 16:24:12.891,912
117.18.237.29,"""C:\Program Files\Mozilla Firefox\firefox.exe"" slate.com
PID:1412",IpChannelEvent,TcpIpRecv,2021-10-09 16:24:13.153,1598
"""C:\Program Files\Mozilla Firefox\firefox.exe"" slate.com
PID:1412",C:\Users\jpdz\AppData\Local\Mozilla\Firefox\Profiles\uzjxbbj5.default-release\safebrowsing-updating\google4\goog-phish-proto.vlpset,FileEvent,Delete,2021-10-09 16:24:33.658,0
"""C:\Program Files\Mozilla Firefox\firefox.exe"" slate.com
PID:1412",C:\Users\jpdz\AppData\Local\Mozilla\Firefox\Profiles\uzjxbbj5.default-release\safebrowsing-updating\google4\goog-phish-proto.vlpset,FileEvent,Write,2021-10-09 16:24:27.930,131104
"""C:\Program Files\Mozilla Firefox\firefox.exe"" slate.com
PID:1412",C:\Users\jpdz\AppData\Local\Mozilla\Firefox\Profiles\uzjxbbj5.default-release\safebrowsing-updating\social-track-digest256.vlpset,FileEvent,Delete,2021-10-09 16:24:33.662,0
"""C:\Program Files\Mozilla Firefox\firefox.exe"" slate.com
PID:1412",C:\Users\jpdz\AppData\Local\Mozilla\Firefox\Profiles\uzjxbbj5.default-release\safebrowsing-updating\social-track-digest256.vlpset,FileEvent,Write,2021-10-09 16:24:27.934,2117
C:\Users\jpdz\AppData\Local\Mozilla\Firefox\Profiles\uzjxbbj5.default-release\safebrowsing-updating\social-track-digest256.vlpset,"""C:\Program Files\Mozilla Firefox\firefox.exe"" slate.com
PID:1412",FileEvent,Read,2021-10-09 16:24:32.848,2117
C:\ProgramData\Mozilla\updates\308046B0AF4A39CB\update-config.json,"""C:\Program Files\Mozilla Firefox\firefox.exe"" slate.com
PID:1412",FileEvent,Read,2021-10-09 16:24:09.828,206
"""C:\Program Files\Mozilla Firefox\firefox.exe"" slate.com
PID:1412",C:\ProgramData\Mozilla\updates\308046B0AF4A39CB\update-config.json,FileEvent,Write,2021-10-09 16:24:16.669,103
C:\ProgramData\Mozilla\updates\308046B0AF4A39CB\update-config.json,"""C:\Program Files\Mozilla Firefox\firefox.exe"" slate.com
PID:1412",FileEvent,Read,2021-10-09 16:24:13.33,309
"""C:\Program Files\Mozilla Firefox\firefox.exe"" slate.com
PID:1412",C:\Users\jpdz\AppData\Local\Mozilla\Firefox\Profiles\uzjxbbj5.default-release\safebrowsing-updating\social-tracking-protection-twitter-digest256.sbstore,FileEvent,Delete,2021-10-09 16:24:33.664,0
C:\Users\jpdz\AppData\Local\Mozilla\Firefox\Profiles\uzjxbbj5.default-release\safebrowsing-updating\social-tracking-protection-twitter-digest256.sbstore,"""C:\Program Files\Mozilla Firefox\firefox.exe"" slate.com
PID:1412",FileEvent,Read,2021-10-09 16:24:27.936,33015
"""C:\Program Files\Mozilla Firefox\firefox.exe"" slate.com
PID:1412",C:\Users\jpdz\AppData\Local\Mozilla\Firefox\Profiles\uzjxbbj5.default-release\safebrowsing-updating\social-tracking-protection-twitter-digest256.sbstore,FileEvent,Write,2021-10-09 16:24:27.936,247
C:\Program Files\Mozilla Firefox\firefox.exe,"""C:\Program Files\Mozilla Firefox\firefox.exe"" slate.com
PID:1412",FileEvent,Read,2021-10-09 16:24:09.694,2056
C:\Program Files\Mozilla Firefox\firefox.exe,"""C:\Program Files\Mozilla Firefox\firefox.exe"" slate.com
PID:1412",FileEvent,Read,2021-10-09 16:24:12.867,3096
"""C:\Program Files\Mozilla Firefox\firefox.exe"" slate.com
PID:1412",C:\Users\jpdz\AppData\Local\Mozilla\Firefox\Profiles\uzjxbbj5.default-release\startupCache\urlCache-new.bin,FileEvent,Write,2021-10-09 16:24:26.705,5264
C:\Windows\system32\spool\drivers\color\sRGB Color Space Profile.icm,"""C:\Program Files\Mozilla Firefox\firefox.exe"" slate.com
PID:1412",FileEvent,Read,2021-10-09 16:24:09.698,4096
C:\Users\jpdz\AppData\Local\Mozilla\Firefox\Profiles\uzjxbbj5.default-release\safebrowsing\mozplugin-block-digest256.vlpset,"""C:\Program Files\Mozilla Firefox\firefox.exe"" slate.com
PID:1412",FileEvent,Read,2021-10-09 16:24:12.303,6090
"""C:\Program Files\Mozilla Firefox\firefox.exe"" slate.com
PID:1412",113.142.81.208,IpChannelEvent,TcpIpConnect,2021-10-09 16:24:18.531,0
"""C:\Program Files\Mozilla Firefox\firefox.exe"" slate.com
PID:1412",113.142.81.208,IpChannelEvent,TcpIpSend,2021-10-09 16:24:18.588,1187
113.142.81.208,"""C:\Program Files\Mozilla Firefox\firefox.exe"" slate.com
PID:1412",IpChannelEvent,TcpIpRecv,2021-10-09 16:24:18.588,13858
C:\Users\jpdz\AppData\Roaming\Mozilla\Firefox\Profiles\uzjxbbj5.default-release\storage\permanent\chrome\idb\1657114595AmcateirvtiSty.sqlite,"""C:\Program Files\Mozilla Firefox\firefox.exe"" slate.com
PID:1412",FileEvent,Read,2021-10-09 16:24:12.351,57644
"""C:\Program Files\Mozilla Firefox\firefox.exe"" slate.com
PID:1412",C:\Users\jpdz\AppData\Local\Mozilla\Firefox\Profiles\uzjxbbj5.default-release\safebrowsing-updating\mozplugin-block-digest256.vlpset,FileEvent,Delete,2021-10-09 16:24:33.661,0
"""C:\Program Files\Mozilla Firefox\firefox.exe"" slate.com
PID:1412",C:\Users\jpdz\AppData\Local\Mozilla\Firefox\Profiles\uzjxbbj5.default-release\safebrowsing-updating\mozplugin-block-digest256.vlpset,FileEvent,Write,2021-10-09 16:24:27.932,3045
C:\Windows\Prefetch\FIREFOX.EXE-A606B53C.pf,"""C:\Program Files\Mozilla Firefox\firefox.exe"" slate.com
PID:1412",FileEvent,Read,2021-10-09 16:24:09.572,61006
"""C:\Program Files\Mozilla Firefox\firefox.exe"" slate.com
PID:1412",125.252.224.16,IpChannelEvent,TcpIpConnect,2021-10-09 16:24:16.758,0
"""C:\Program Files\Mozilla Firefox\firefox.exe"" slate.com
PID:1412",125.252.224.16,IpChannelEvent,TcpIpSend,2021-10-09 16:24:16.799,455
125.252.224.16,"""C:\Program Files\Mozilla Firefox\firefox.exe"" slate.com
PID:1412",IpChannelEvent,TcpIpRecv,2021-10-09 16:24:16.799,889
C:\Users\jpdz\AppData\Roaming\Mozilla\Firefox\Profiles\uzjxbbj5.default-release\sessionCheckpoints.json,"""C:\Program Files\Mozilla Firefox\firefox.exe"" slate.com
PID:1412",FileEvent,Read,2021-10-09 16:24:09.795,241
C:\Users\jpdz\AppData\Local\Mozilla\Firefox\Profiles\uzjxbbj5.default-release\safebrowsing-updating\social-tracking-protection-facebook-digest256-1.vlpset,"""C:\Program Files\Mozilla Firefox\firefox.exe"" slate.com
PID:1412",FileEvent,Read,2021-10-09 16:24:33.300,32768
"""C:\Program Files\Mozilla Firefox\firefox.exe"" slate.com
PID:1412",C:\Users\jpdz\AppData\Local\Mozilla\Firefox\Profiles\uzjxbbj5.default-release\safebrowsing-updating\social-tracking-protection-facebook-digest256-1.vlpset,FileEvent,Write,2021-10-09 16:24:33.299,4581
"""C:\Program Files\Mozilla Firefox\firefox.exe"" slate.com
PID:1412",C:\Users\jpdz\AppData\Local\Mozilla\Firefox\Profiles\uzjxbbj5.default-release\cache2\doomed\32504,FileEvent,Delete,2021-10-09 16:24:22.582,0
C:\Users\jpdz\AppData\Local\Mozilla\Firefox\Profiles\uzjxbbj5.default-release\safebrowsing\base-fingerprinting-track-digest256.sbstore,"""C:\Program Files\Mozilla Firefox\firefox.exe"" slate.com
PID:1412",FileEvent,Read,2021-10-09 16:24:12.972,718
"""C:\Program Files\Mozilla Firefox\firefox.exe"" slate.com
PID:1412",13.35.166.91,IpChannelEvent,TcpIpConnect,2021-10-09 16:24:26.537,0
"""C:\Program Files\Mozilla Firefox\firefox.exe"" slate.com
PID:1412",13.35.166.91,IpChannelEvent,TcpIpDisconnect,2021-10-09 16:24:26.926,0
13.35.166.91,"""C:\Program Files\Mozilla Firefox\firefox.exe"" slate.com
PID:1412",IpChannelEvent,TcpIpRecv,2021-10-09 16:24:26.730,4810
"""C:\Program Files\Mozilla Firefox\firefox.exe"" slate.com
PID:1412",13.35.166.91,IpChannelEvent,TcpIpSend,2021-10-09 16:24:26.707,1087
C:\Users\jpdz\AppData\Local\Mozilla\Firefox\Profiles\uzjxbbj5.default-release\safebrowsing\google4\goog-phish-proto.metadata,"""C:\Program Files\Mozilla Firefox\firefox.exe"" slate.com
PID:1412",FileEvent,Read,2021-10-09 16:24:12.977,142
C:\Users\jpdz\AppData\Roaming\Mozilla\Firefox\Profiles\UZJXBB~1.DEF\key4.db,"""C:\Program Files\Mozilla Firefox\firefox.exe"" slate.com
PID:1412",FileEvent,Read,2021-10-09 16:24:09.941,131252
C:\Users\jpdz\AppData\Roaming\Mozilla\Firefox\Profiles\UZJXBB~1.DEF\key4.db,"""C:\Program Files\Mozilla Firefox\firefox.exe"" slate.com
PID:1412",FileEvent,Read,2021-10-09 16:24:12.830,96
C:\Users\jpdz\AppData\Roaming\Mozilla\Firefox\Profiles\uzjxbbj5.default-release\extensions.json,"""C:\Program Files\Mozilla Firefox\firefox.exe"" slate.com
PID:1412",FileEvent,Read,2021-10-09 16:24:12.255,57748
"""C:\Program Files\Mozilla Firefox\firefox.exe"" slate.com
PID:1412",C:\Users\jpdz\AppData\Local\Mozilla\Firefox\Profiles\uzjxbbj5.default-release\safebrowsing-updating\google-trackwhite-digest256.vlpset,FileEvent,Delete,2021-10-09 16:24:33.655,0
"""C:\Program Files\Mozilla Firefox\firefox.exe"" slate.com
PID:1412",C:\Users\jpdz\AppData\Local\Mozilla\Firefox\Profiles\uzjxbbj5.default-release\safebrowsing-updating\google-trackwhite-digest256.vlpset,FileEvent,Write,2021-10-09 16:24:27.923,1470341
C:\Users\jpdz\AppData\Local\Mozilla\Firefox\Profiles\uzjxbbj5.default-release\safebrowsing-updating\google-trackwhite-digest256.vlpset,"""C:\Program Files\Mozilla Firefox\firefox.exe"" slate.com
PID:1412",FileEvent,Read,2021-10-09 16:24:32.437,3014656
"""C:\Program Files\Mozilla Firefox\firefox.exe"" slate.com
PID:1412",C:\Users\jpdz\AppData\Roaming\Mozilla\Firefox\Profiles\uzjxbbj5.default-release\storage\permanent\chrome\idb\2823318777ntouromlalnodry--naod.sqlite-wal,FileEvent,Delete,2021-10-09 16:24:12.979,0
"""C:\Program Files\Mozilla Firefox\firefox.exe"" slate.com
PID:1412",C:\Users\jpdz\AppData\Roaming\Mozilla\Firefox\Profiles\uzjxbbj5.default-release\storage\permanent\chrome\idb\2823318777ntouromlalnodry--naod.sqlite-wal,FileEvent,Delete,2021-10-09 16:24:29.756,0
"""C:\Program Files\Mozilla Firefox\firefox.exe"" slate.com
PID:1412",C:\Users\jpdz\AppData\Roaming\Mozilla\Firefox\Profiles\uzjxbbj5.default-release\storage\default\moz-extension+++0424fd79-b62a-421f-bf32-0d1549ab34f2^userContextId=4294967295\idb\3647222921wleabcEoxlt-eengsairo.sqlite-shm,FileEvent,Delete,2021-10-09 16:24:22.142,0
"""C:\Program Files\Mozilla Firefox\firefox.exe"" slate.com
PID:1412",C:\Users\jpdz\AppData\Roaming\Mozilla\Firefox\Profiles\uzjxbbj5.default-release\storage\default\moz-extension+++0424fd79-b62a-421f-bf32-0d1549ab34f2^userContextId=4294967295\idb\3647222921wleabcEoxlt-eengsairo.sqlite-shm,FileEvent,Delete,2021-10-09 16:24:35.794,0
C:\Users\jpdz\AppData\Roaming\Mozilla\Firefox\Profiles\uzjxbbj5.default-release\storage\default\moz-extension+++0424fd79-b62a-421f-bf32-0d1549ab34f2^userContextId=4294967295\idb\3647222921wleabcEoxlt-eengsairo.sqlite-shm,"""C:\Program Files\Mozilla Firefox\firefox.exe"" slate.com
PID:1412",FileEvent,Read,2021-10-09 16:24:22.142,65536
"""C:\Program Files\Mozilla Firefox\firefox.exe"" slate.com
PID:1412",C:\Users\jpdz\AppData\Local\Mozilla\Firefox\Profiles\uzjxbbj5.default-release\safebrowsing-updating\block-flash-digest256.vlpset,FileEvent,Delete,2021-10-09 16:24:33.651,0
"""C:\Program Files\Mozilla Firefox\firefox.exe"" slate.com
PID:1412",C:\Users\jpdz\AppData\Local\Mozilla\Firefox\Profiles\uzjxbbj5.default-release\safebrowsing-updating\block-flash-digest256.vlpset,FileEvent,Write,2021-10-09 16:24:27.908,6661
"""C:\Program Files\Mozilla Firefox\firefox.exe"" slate.com
PID:1412",C:\Users\jpdz\AppData\Local\Mozilla\Firefox\Profiles\uzjxbbj5.default-release\safebrowsing-updating\social-tracking-protection-facebook-digest256.sbstore,FileEvent,Delete,2021-10-09 16:24:33.662,0
"""C:\Program Files\Mozilla Firefox\firefox.exe"" slate.com
PID:1412",C:\Users\jpdz\AppData\Local\Mozilla\Firefox\Profiles\uzjxbbj5.default-release\safebrowsing-updating\social-tracking-protection-facebook-digest256.sbstore,FileEvent,Write,2021-10-09 16:24:27.935,256
C:\Users\jpdz\AppData\Local\Mozilla\Firefox\Profiles\uzjxbbj5.default-release\safebrowsing-updating\social-tracking-protection-facebook-digest256.sbstore,"""C:\Program Files\Mozilla Firefox\firefox.exe"" slate.com
PID:1412",FileEvent,Read,2021-10-09 16:24:27.935,33024
"""C:\Program Files\Mozilla Firefox\firefox.exe"" slate.com
PID:1412",C:\Users\jpdz\AppData\Local\Mozilla\Firefox\Profiles\uzjxbbj5.default-release\startupCache\scriptCache-child-new.bin,FileEvent,Write,2021-10-09 16:24:26.728,815930
"""C:\Program Files\Mozilla Firefox\firefox.exe"" slate.com
PID:1412",C:\Users\jpdz\AppData\Local\Mozilla\Firefox\Profiles\uzjxbbj5.default-release\cache2\entries\2021A926A4CB2218148EC7B553701B09C5E6D145,FileEvent,Write,2021-10-09 16:24:17.766,2082
C:\Users\jpdz\AppData\Roaming\Mozilla\Firefox\Profiles\uzjxbbj5.default-release\cookies.sqlite,"""C:\Program Files\Mozilla Firefox\firefox.exe"" slate.com
PID:1412",FileEvent,Read,2021-10-09 16:24:09.751,753864
"""C:\Program Files\Mozilla Firefox\firefox.exe"" slate.com
PID:1412",52.42.128.29,IpChannelEvent,TcpIpConnect,2021-10-09 16:24:34.191,0
"""C:\Program Files\Mozilla Firefox\firefox.exe"" slate.com
PID:1412",52.42.128.29,IpChannelEvent,TcpIpDisconnect,2021-10-09 16:24:35.509,0
"""C:\Program Files\Mozilla Firefox\firefox.exe"" slate.com
PID:1412",52.42.128.29,IpChannelEvent,TcpIpSend,2021-10-09 16:24:34.229,1972
52.42.128.29,"""C:\Program Files\Mozilla Firefox\firefox.exe"" slate.com
PID:1412",IpChannelEvent,TcpIpRecv,2021-10-09 16:24:34.454,3716
C:\Users\jpdz\AppData\Local\Mozilla\Firefox\Profiles\uzjxbbj5.default-release\safebrowsing\social-track-digest256.vlpset,"""C:\Program Files\Mozilla Firefox\firefox.exe"" slate.com
PID:1412",FileEvent,Read,2021-10-09 16:24:12.304,4234
C:\Users\jpdz\AppData\Roaming\Mozilla\Firefox\Profiles\uzjxbbj5.default-release\xulstore.json,"""C:\Program Files\Mozilla Firefox\firefox.exe"" slate.com
PID:1412",FileEvent,Read,2021-10-09 16:24:09.676,453
C:\Program Files\Mozilla Firefox\dependentlibs.list,"""C:\Program Files\Mozilla Firefox\firefox.exe"" slate.com
PID:1412",FileEvent,Read,2021-10-09 16:24:09.582,8192
C:\Program Files\Mozilla Firefox\api-ms-win-crt-convert-l1-1-0.dll,"""C:\Program Files\Mozilla Firefox\firefox.exe"" slate.com
PID:1412",FileEvent,Read,2021-10-09 16:24:09.583,65536
"""C:\Program Files\Mozilla Firefox\firefox.exe"" slate.com
PID:1412",C:\Users\jpdz\AppData\Roaming\Mozilla\Firefox\Profiles\uzjxbbj5.default-release\storage\permanent\chrome\idb\1657114595AmcateirvtiSty.sqlite-wal,FileEvent,Delete,2021-10-09 16:24:12.885,0
"""C:\Program Files\Mozilla Firefox\firefox.exe"" slate.com
PID:1412",C:\Users\jpdz\AppData\Roaming\Mozilla\Firefox\Profiles\uzjxbbj5.default-release\storage\permanent\chrome\idb\1657114595AmcateirvtiSty.sqlite-wal,FileEvent,Delete,2021-10-09 16:24:34.75,0
"""C:\Program Files\Mozilla Firefox\firefox.exe"" slate.com
PID:1412",C:\Users\jpdz\AppData\Local\Mozilla\Firefox\Profiles\uzjxbbj5.default-release\safebrowsing-updating\base-cryptomining-track-digest256-1.sbstore,FileEvent,Write,2021-10-09 16:24:27.937,4411
C:\Users\jpdz\AppData\Roaming\Mozilla\Firefox\Profiles\uzjxbbj5.default-release\favicons.sqlite-shm,"""C:\Program Files\Mozilla Firefox\firefox.exe"" slate.com
PID:1412",FileEvent,Read,2021-10-09 16:24:10.89,32768
C:\Users\jpdz\AppData\Local\Mozilla\Firefox\Profiles\uzjxbbj5.default-release\safebrowsing\google4\goog-unwanted-proto.metadata,"""C:\Program Files\Mozilla Firefox\firefox.exe"" slate.com
PID:1412",FileEvent,Read,2021-10-09 16:24:12.977,142
"""C:\Program Files\Mozilla Firefox\firefox.exe"" slate.com
PID:1412",C:\Users\jpdz\AppData\Local\Mozilla\Firefox\Profiles\uzjxbbj5.default-release\cache2\entries\1A8F7591376DA2DAD35E8EC829F2FD5D28983228,FileEvent,Write,2021-10-09 16:24:19.394,31201
C:\Users\jpdz\AppData\Local\Mozilla\Firefox\Profiles\uzjxbbj5.default-release\safebrowsing\except-flashsubdoc-digest256.sbstore,"""C:\Program Files\Mozilla Firefox\firefox.exe"" slate.com
PID:1412",FileEvent,Read,2021-10-09 16:24:12.976,488
"""C:\Program Files\Mozilla Firefox\firefox.exe"" slate.com
PID:1412",C:\Users\jpdz\AppData\Local\Mozilla\Firefox\Profiles\uzjxbbj5.default-release\cache2\entries\49245BB9BD3453F4420C002CFA93E8F8D45573A1,FileEvent,Write,2021-10-09 16:24:19.705,48531
"""C:\Program Files\Mozilla Firefox\firefox.exe"" slate.com
PID:1412",C:\Users\jpdz\AppData\Roaming\Mozilla\Firefox\Profiles\uzjxbbj5.default-release\storage\permanent\chrome\idb\3561288849sdhlie.sqlite-wal,FileEvent,Delete,2021-10-09 16:24:12.887,0
"""C:\Program Files\Mozilla Firefox\firefox.exe"" slate.com
PID:1412",C:\Users\jpdz\AppData\Roaming\Mozilla\Firefox\Profiles\uzjxbbj5.default-release\storage\permanent\chrome\idb\3561288849sdhlie.sqlite-wal,FileEvent,Delete,2021-10-09 16:24:24.935,0
"""C:\Program Files\Mozilla Firefox\firefox.exe"" slate.com
PID:1412",C:\Users\jpdz\AppData\Local\Mozilla\Firefox\Profiles\uzjxbbj5.default-release\safebrowsing-updating\base-cryptomining-track-digest256-1.vlpset,FileEvent,Write,2021-10-09 16:24:29.505,6405
C:\Users\jpdz\AppData\Local\Mozilla\Firefox\Profiles\uzjxbbj5.default-release\safebrowsing\google4\goog-phish-proto.vlpset,"""C:\Program Files\Mozilla Firefox\firefox.exe"" slate.com
PID:1412",FileEvent,Read,2021-10-09 16:24:12.303,655360
"""C:\Program Files\Mozilla Firefox\firefox.exe"" slate.com
PID:1412",C:\Users\jpdz\AppData\Local\Mozilla\Firefox\Profiles\uzjxbbj5.default-release\safebrowsing-updating\except-flashallow-digest256.vlpset,FileEvent,Delete,2021-10-09 16:24:33.654,0
"""C:\Program Files\Mozilla Firefox\firefox.exe"" slate.com
PID:1412",C:\Users\jpdz\AppData\Local\Mozilla\Firefox\Profiles\uzjxbbj5.default-release\safebrowsing-updating\except-flashallow-digest256.vlpset,FileEvent,Write,2021-10-09 16:24:27.919,69
C:\Users\jpdz\AppData\Local\Mozilla\Firefox\Profiles\uzjxbbj5.default-release\safebrowsing-updating\except-flashallow-digest256.vlpset,"""C:\Program Files\Mozilla Firefox\firefox.exe"" slate.com
PID:1412",FileEvent,Read,2021-10-09 16:24:27.919,32768
"""C:\Program Files\Mozilla Firefox\firefox.exe"" slate.com
PID:1412",C:\Users\jpdz\AppData\Local\Mozilla\Firefox\Profiles\uzjxbbj5.default-release\cache2\entries\E8246BB40873DF388F959075604DEEE43344C56F,FileEvent,Write,2021-10-09 16:24:17.776,50438
C:\Users\jpdz\AppData\Local\Mozilla\Firefox\Profiles\uzjxbbj5.default-release\cache2\entries\E8246BB40873DF388F959075604DEEE43344C56F,"""C:\Program Files\Mozilla Firefox\firefox.exe"" slate.com
PID:1412",FileEvent,Read,2021-10-09 16:24:17.775,15031
"""C:\Program Files\Mozilla Firefox\firefox.exe"" slate.com
PID:1412",C:\Users\jpdz\AppData\Local\Mozilla\Firefox\Profiles\uzjxbbj5.default-release\cache2\entries\D1DB5FD37ACFBB86ADBFA3BA45BB244B6E5AF39C,FileEvent,Write,2021-10-09 16:24:22.569,27319
C:\Users\jpdz\AppData\Local\Mozilla\Firefox\Profiles\uzjxbbj5.default-release\safebrowsing\content-track-digest256.sbstore,"""C:\Program Files\Mozilla Firefox\firefox.exe"" slate.com
PID:1412",FileEvent,Read,2021-10-09 16:24:12.972,1468
"""C:\Program Files\Mozilla Firefox\firefox.exe"" slate.com
PID:1412",C:\Users\jpdz\AppData\Roaming\Mozilla\Firefox\Profiles\uzjxbbj5.default-release\storage\permanent\chrome\idb\3870112724rsegmnoittet-es.sqlite-shm,FileEvent,Delete,2021-10-09 16:24:09.910,0
C:\Users\jpdz\AppData\Roaming\Mozilla\Firefox\Profiles\uzjxbbj5.default-release\storage\permanent\chrome\idb\3870112724rsegmnoittet-es.sqlite-shm,"""C:\Program Files\Mozilla Firefox\firefox.exe"" slate.com
PID:1412",FileEvent,Read,2021-10-09 16:24:09.910,65536
"""C:\Program Files\Mozilla Firefox\firefox.exe"" slate.com
PID:1412",C:\Users\jpdz\AppData\Roaming\Mozilla\Firefox\Profiles\uzjxbbj5.default-release\storage\permanent\chrome\idb\3870112724rsegmnoittet-es.sqlite-shm,FileEvent,Delete,2021-10-09 16:24:36.926,0
C:\Program Files\Mozilla Firefox\distribution\distribution.ini,"""C:\Program Files\Mozilla Firefox\firefox.exe"" slate.com
PID:1412",FileEvent,Read,2021-10-09 16:24:09.677,2952
"""C:\Program Files\Mozilla Firefox\firefox.exe"" slate.com
PID:1412",C:\Users\jpdz\AppData\Local\Mozilla\Firefox\Profiles\uzjxbbj5.default-release\safebrowsing-updating\content-track-digest256.vlpset,FileEvent,Delete,2021-10-09 16:24:33.652,0
C:\Users\jpdz\AppData\Local\Mozilla\Firefox\Profiles\uzjxbbj5.default-release\safebrowsing-updating\content-track-digest256.vlpset,"""C:\Program Files\Mozilla Firefox\firefox.exe"" slate.com
PID:1412",FileEvent,Read,2021-10-09 16:24:31.940,15525
"""C:\Program Files\Mozilla Firefox\firefox.exe"" slate.com
PID:1412",C:\Users\jpdz\AppData\Local\Mozilla\Firefox\Profiles\uzjxbbj5.default-release\safebrowsing-updating\content-track-digest256.vlpset,FileEvent,Write,2021-10-09 16:24:27.916,15525
"""C:\Program Files\Mozilla Firefox\firefox.exe"" slate.com
PID:1412",C:\Users\jpdz\AppData\Local\Mozilla\Firefox\Profiles\uzjxbbj5.default-release\cache2\entries\BF1CE7C350EFEBF984B23679022188ACC15157ED,FileEvent,Write,2021-10-09 16:24:21.999,29372
"""C:\Program Files\Mozilla Firefox\firefox.exe"" slate.com
PID:1412",39.107.233.151,IpChannelEvent,TcpIpConnect,2021-10-09 16:24:16.720,0
39.107.233.151,"""C:\Program Files\Mozilla Firefox\firefox.exe"" slate.com
PID:1412",IpChannelEvent,TcpIpRecv,2021-10-09 16:24:16.727,382
"""C:\Program Files\Mozilla Firefox\firefox.exe"" slate.com
PID:1412",39.107.233.151,IpChannelEvent,TcpIpSend,2021-10-09 16:24:16.727,532
"""C:\Program Files\Mozilla Firefox\firefox.exe"" slate.com
PID:1412",C:\Users\jpdz\AppData\Roaming\Mozilla\Firefox\Profiles\uzjxbbj5.default-release\storage\default\moz-extension+++0c3666b5-67b1-4855-b50d-d5fbfc0d2874^userContextId=4294967295\idb\3647222921wleabcEoxlt-eengsairo.sqlite-shm,FileEvent,Delete,2021-10-09 16:24:18.448,0
"""C:\Program Files\Mozilla Firefox\firefox.exe"" slate.com
PID:1412",C:\Users\jpdz\AppData\Roaming\Mozilla\Firefox\Profiles\uzjxbbj5.default-release\storage\default\moz-extension+++0c3666b5-67b1-4855-b50d-d5fbfc0d2874^userContextId=4294967295\idb\3647222921wleabcEoxlt-eengsairo.sqlite-shm,FileEvent,Delete,2021-10-09 16:24:31.856,0
C:\Users\jpdz\AppData\Roaming\Mozilla\Firefox\Profiles\uzjxbbj5.default-release\storage\default\moz-extension+++0c3666b5-67b1-4855-b50d-d5fbfc0d2874^userContextId=4294967295\idb\3647222921wleabcEoxlt-eengsairo.sqlite-shm,"""C:\Program Files\Mozilla Firefox\firefox.exe"" slate.com
PID:1412",FileEvent,Read,2021-10-09 16:24:18.448,65536
C:\Users\jpdz\AppData\Local\Mozilla\Firefox\Profiles\uzjxbbj5.default-release\startupCache\webext.sc.lz4,"""C:\Program Files\Mozilla Firefox\firefox.exe"" slate.com
PID:1412",FileEvent,Read,2021-10-09 16:24:09.771,131881
"""C:\Program Files\Mozilla Firefox\firefox.exe"" slate.com
PID:1412",C:\Users\jpdz\AppData\Local\Mozilla\Firefox\Profiles\uzjxbbj5.default-release\safebrowsing-updating\social-tracking-protection-linkedin-digest256.sbstore,FileEvent,Delete,2021-10-09 16:24:33.663,0
C:\Users\jpdz\AppData\Local\Mozilla\Firefox\Profiles\uzjxbbj5.default-release\safebrowsing-updating\social-tracking-protection-linkedin-digest256.sbstore,"""C:\Program Files\Mozilla Firefox\firefox.exe"" slate.com
PID:1412",FileEvent,Read,2021-10-09 16:24:27.935,33012
"""C:\Program Files\Mozilla Firefox\firefox.exe"" slate.com
PID:1412",C:\Users\jpdz\AppData\Local\Mozilla\Firefox\Profiles\uzjxbbj5.default-release\safebrowsing-updating\social-tracking-protection-linkedin-digest256.sbstore,FileEvent,Write,2021-10-09 16:24:27.935,244
C:\Program Files\Mozilla Firefox\nss3.dll,"""C:\Program Files\Mozilla Firefox\firefox.exe"" slate.com
PID:1412",FileEvent,Read,2021-10-09 16:24:09.583,2031616
C:\Users\jpdz\AppData\Local\Mozilla\Firefox\Profiles\uzjxbbj5.default-release\safebrowsing\content-track-digest256.vlpset,"""C:\Program Files\Mozilla Firefox\firefox.exe"" slate.com
PID:1412",FileEvent,Read,2021-10-09 16:24:12.297,31050
"""C:\Program Files\Mozilla Firefox\firefox.exe"" slate.com
PID:1412",C:\Users\jpdz\AppData\Roaming\Mozilla\Firefox\Profiles\uzjxbbj5.default-release\favicons.sqlite-wal,FileEvent,Write,2021-10-09 16:24:19.395,434352
"""C:\Program Files\Mozilla Firefox\firefox.exe"" slate.com
PID:1412",13.35.166.91,IpChannelEvent,TcpIpConnect,2021-10-09 16:24:24.390,0
"""C:\Program Files\Mozilla Firefox\firefox.exe"" slate.com
PID:1412",13.35.166.91,IpChannelEvent,TcpIpDisconnect,2021-10-09 16:24:25.410,0
13.35.166.91,"""C:\Program Files\Mozilla Firefox\firefox.exe"" slate.com
PID:1412",IpChannelEvent,TcpIpRecv,2021-10-09 16:24:24.479,1612224
"""C:\Program Files\Mozilla Firefox\firefox.exe"" slate.com
PID:1412",13.35.166.91,IpChannelEvent,TcpIpSend,2021-10-09 16:24:24.427,1069
C:\Program Files\Mozilla Firefox\xul.dll,"""C:\Program Files\Mozilla Firefox\firefox.exe"" slate.com
PID:1412",FileEvent,Read,2021-10-09 16:24:09.585,104333312
"""C:\Program Files\Mozilla Firefox\firefox.exe"" slate.com
PID:1412",13.35.166.91,IpChannelEvent,TcpIpConnect,2021-10-09 16:24:20.856,0
"""C:\Program Files\Mozilla Firefox\firefox.exe"" slate.com
PID:1412",13.35.166.91,IpChannelEvent,TcpIpDisconnect,2021-10-09 16:24:24.3,0
13.35.166.91,"""C:\Program Files\Mozilla Firefox\firefox.exe"" slate.com
PID:1412",IpChannelEvent,TcpIpRecv,2021-10-09 16:24:21.329,20048
"""C:\Program Files\Mozilla Firefox\firefox.exe"" slate.com
PID:1412",13.35.166.91,IpChannelEvent,TcpIpSend,2021-10-09 16:24:20.911,1065
C:\Windows\Fonts\staticcache.dat,"""C:\Program Files\Mozilla Firefox\firefox.exe"" slate.com
PID:1412",FileEvent,Read,2021-10-09 16:24:09.883,60
"""C:\Program Files\Mozilla Firefox\firefox.exe"" slate.com
PID:1412",C:\Users\jpdz\AppData\Local\Mozilla\Firefox\Profiles\uzjxbbj5.default-release\safebrowsing-updating\except-flashsubdoc-digest256.vlpset,FileEvent,Delete,2021-10-09 16:24:33.654,0
C:\Users\jpdz\AppData\Local\Mozilla\Firefox\Profiles\uzjxbbj5.default-release\safebrowsing-updating\except-flashsubdoc-digest256.vlpset,"""C:\Program Files\Mozilla Firefox\firefox.exe"" slate.com
PID:1412",FileEvent,Read,2021-10-09 16:24:27.920,32768
"""C:\Program Files\Mozilla Firefox\firefox.exe"" slate.com
PID:1412",C:\Users\jpdz\AppData\Local\Mozilla\Firefox\Profiles\uzjxbbj5.default-release\safebrowsing-updating\except-flashsubdoc-digest256.vlpset,FileEvent,Write,2021-10-09 16:24:27.920,133
C:\Users\jpdz\AppData\Local\Mozilla\Firefox\Profiles\uzjxbbj5.default-release\safebrowsing\google4\goog-unwanted-proto.vlpset,"""C:\Program Files\Mozilla Firefox\firefox.exe"" slate.com
PID:1412",FileEvent,Read,2021-10-09 16:24:12.303,107440
"""C:\Program Files\Mozilla Firefox\firefox.exe"" slate.com
PID:1412",C:\Users\jpdz\AppData\Local\Mozilla\Firefox\Profiles\uzjxbbj5.default-release\cache2\doomed\4696,FileEvent,Delete,2021-10-09 16:24:22.582,0
"""C:\Program Files\Mozilla Firefox\firefox.exe"" slate.com
PID:1412",C:\Users\jpdz\AppData\Local\Mozilla\Firefox\Profiles\uzjxbbj5.default-release\safebrowsing-updating\content-track-digest256.sbstore,FileEvent,Delete,2021-10-09 16:24:33.652,0
"""C:\Program Files\Mozilla Firefox\firefox.exe"" slate.com
PID:1412",C:\Users\jpdz\AppData\Local\Mozilla\Firefox\Profiles\uzjxbbj5.default-release\safebrowsing-updating\content-track-digest256.sbstore,FileEvent,Write,2021-10-09 16:24:27.912,734
C:\Users\jpdz\AppData\Local\Mozilla\Firefox\Profiles\uzjxbbj5.default-release\safebrowsing-updating\content-track-digest256.sbstore,"""C:\Program Files\Mozilla Firefox\firefox.exe"" slate.com
PID:1412",FileEvent,Read,2021-10-09 16:24:31.939,734
"""C:\Program Files\Mozilla Firefox\firefox.exe"" slate.com
PID:1412",C:\Users\jpdz\AppData\Local\Mozilla\Firefox\Profiles\uzjxbbj5.default-release\startupCache\scriptCache-new.bin,FileEvent,Write,2021-10-09 16:24:26.711,9864752
C:\Users\jpdz\AppData\Local\Mozilla\Firefox\Profiles\uzjxbbj5.default-release\startupCache\scriptCache-new.bin,"""C:\Program Files\Mozilla Firefox\firefox.exe"" slate.com
PID:1412",FileEvent,Read,2021-10-09 16:24:26.720,65536
C:\Users\jpdz\AppData\Roaming\Mozilla\Firefox\Profiles\uzjxbbj5.default-release\permissions.sqlite,"""C:\Program Files\Mozilla Firefox\firefox.exe"" slate.com
PID:1412",FileEvent,Read,2021-10-09 16:24:09.736,65700
"""C:\Program Files\Mozilla Firefox\firefox.exe"" slate.com
PID:1412",35.244.247.133,IpChannelEvent,TcpIpConnect,2021-10-09 16:24:13.36,0
35.244.247.133,"""C:\Program Files\Mozilla Firefox\firefox.exe"" slate.com
PID:1412",IpChannelEvent,TcpIpRecv,2021-10-09 16:24:13.102,4138
"""C:\Program Files\Mozilla Firefox\firefox.exe"" slate.com
PID:1412",35.244.247.133,IpChannelEvent,TcpIpSend,2021-10-09 16:24:13.102,3608
"""C:\Program Files\Mozilla Firefox\firefox.exe"" slate.com
PID:1412",C:\Users\jpdz\AppData\Roaming\Mozilla\Firefox\Profiles\uzjxbbj5.default-release\extensions.json.tmp,FileEvent,Write,2021-10-09 16:24:20.741,57748
C:\Users\jpdz\AppData\Local\Mozilla\Firefox\Profiles\uzjxbbj5.default-release\safebrowsing\google4\goog-badbinurl-proto.metadata,"""C:\Program Files\Mozilla Firefox\firefox.exe"" slate.com
PID:1412",FileEvent,Read,2021-10-09 16:24:12.977,142
C:\Users\jpdz\AppData\Local\Mozilla\Firefox\Profiles\uzjxbbj5.default-release\safebrowsing\block-flashsubdoc-digest256.sbstore,"""C:\Program Files\Mozilla Firefox\firefox.exe"" slate.com
PID:1412",FileEvent,Read,2021-10-09 16:24:12.972,5152
"""C:\Program Files\Mozilla Firefox\firefox.exe"" slate.com
PID:1412",C:\Users\jpdz\AppData\Roaming\Mozilla\Firefox\Profiles\uzjxbbj5.default-release\datareporting\glean\tmp\af398601-4e7f-47a9-8a01-0ba00b79d841,FileEvent,Write,2021-10-09 16:24:17.739,4416
"""C:\Program Files\Mozilla Firefox\firefox.exe"" slate.com
PID:1412",C:\Users\jpdz\AppData\Local\Mozilla\Firefox\Profiles\uzjxbbj5.default-release\safebrowsing-updating\google4\goog-unwanted-proto.vlpset,FileEvent,Delete,2021-10-09 16:24:33.659,0
"""C:\Program Files\Mozilla Firefox\firefox.exe"" slate.com
PID:1412",C:\Users\jpdz\AppData\Local\Mozilla\Firefox\Profiles\uzjxbbj5.default-release\safebrowsing-updating\google4\goog-unwanted-proto.vlpset,FileEvent,Write,2021-10-09 16:24:27.931,53720
C:\Users\jpdz\AppData\Roaming\Mozilla\Firefox\Profiles\uzjxbbj5.default-release\places.sqlite-shm,"""C:\Program Files\Mozilla Firefox\firefox.exe"" slate.com
PID:1412",FileEvent,Read,2021-10-09 16:24:10.87,32768
"""C:\Program Files\Mozilla Firefox\firefox.exe"" slate.com
PID:1412","""C:\Program Files\Mozilla Firefox\firefox.exe"" -contentproc --channel=""1412.1.896671749\720480798"" -childID 1 -isForBrowser -prefsHandle 1684 -prefMapHandle 1696 -prefsLen 3677 -prefMapSize 252743 -jsInit 604 286204 -parentBuildID 20210927210923 -appdir ""C:\Program Files\Mozilla Firefox\browser"" - 1412 ""\\.\pipe\gecko-crash-server-pipe.1412"" 2024 1ec7b798 tab
PID:560",ProcessEvent,Create,2021-10-09 16:24:10.0,
"""C:\Program Files\Mozilla Firefox\firefox.exe"" slate.com
PID:1412",C:\Users\jpdz\AppData\Roaming\Mozilla\Firefox\Profiles\uzjxbbj5.default-release\datareporting\glean\tmp\ded44b6b-c320-4309-8761-8c1e05291dbe,FileEvent,Write,2021-10-09 16:24:17.749,1173
C:\Users\jpdz\AppData\Local\Mozilla\Firefox\Profiles\uzjxbbj5.default-release\safebrowsing\mozplugin-block-digest256.sbstore,"""C:\Program Files\Mozilla Firefox\firefox.exe"" slate.com
PID:1412",FileEvent,Read,2021-10-09 16:24:12.976,676
"""C:\Program Files\Mozilla Firefox\firefox.exe"" slate.com
PID:1412",C:\Users\jpdz\AppData\Local\Mozilla\Firefox\Profiles\uzjxbbj5.default-release\safebrowsing-updating\google4\goog-downloadwhite-proto.vlpset,FileEvent,Delete,2021-10-09 16:24:33.657,0
"""C:\Program Files\Mozilla Firefox\firefox.exe"" slate.com
PID:1412",C:\Users\jpdz\AppData\Local\Mozilla\Firefox\Profiles\uzjxbbj5.default-release\safebrowsing-updating\google4\goog-downloadwhite-proto.vlpset,FileEvent,Write,2021-10-09 16:24:27.927,34085
"""C:\Program Files\Mozilla Firefox\firefox.exe"" slate.com
PID:1412",C:\Users\jpdz\AppData\Local\Mozilla\Firefox\Profiles\uzjxbbj5.default-release\safebrowsing-updating\except-flash-digest256.vlpset,FileEvent,Delete,2021-10-09 16:24:33.653,0
C:\Users\jpdz\AppData\Local\Mozilla\Firefox\Profiles\uzjxbbj5.default-release\safebrowsing-updating\except-flash-digest256.vlpset,"""C:\Program Files\Mozilla Firefox\firefox.exe"" slate.com
PID:1412",FileEvent,Read,2021-10-09 16:24:27.918,32768
"""C:\Program Files\Mozilla Firefox\firefox.exe"" slate.com
PID:1412",C:\Users\jpdz\AppData\Local\Mozilla\Firefox\Profiles\uzjxbbj5.default-release\safebrowsing-updating\except-flash-digest256.vlpset,FileEvent,Write,2021-10-09 16:24:27.917,101
C:\Users\jpdz\AppData\Local\Mozilla\Firefox\Profiles\uzjxbbj5.default-release\safebrowsing\google4\goog-badbinurl-proto.vlpset,"""C:\Program Files\Mozilla Firefox\firefox.exe"" slate.com
PID:1412",FileEvent,Read,2021-10-09 16:24:12.302,655360
"""C:\Program Files\Mozilla Firefox\firefox.exe"" slate.com
PID:1412",C:\Users\jpdz\AppData\Local\Mozilla\Firefox\Profiles\uzjxbbj5.default-release\cache2\entries\0A400BE0D6DF38538A1880437F8C9AE9D32F38B3,FileEvent,Write,2021-10-09 16:24:20.538,30254
"""C:\Program Files\Mozilla Firefox\firefox.exe"" slate.com
PID:1412",C:\Users\jpdz\AppData\Roaming\Mozilla\Firefox\Profiles\uzjxbbj5.default-release\storage.sqlite-journal,FileEvent,Delete,2021-10-09 16:24:18.444,0
"""C:\Program Files\Mozilla Firefox\firefox.exe"" slate.com
PID:1412",C:\Users\jpdz\AppData\Roaming\Mozilla\Firefox\Profiles\uzjxbbj5.default-release\storage.sqlite-journal,FileEvent,Write,2021-10-09 16:24:17.756,17492
C:\Users\jpdz\AppData\Roaming\Mozilla\Firefox\Profiles\uzjxbbj5.default-release\storage.sqlite-journal,"""C:\Program Files\Mozilla Firefox\firefox.exe"" slate.com
PID:1412",FileEvent,Read,2021-10-09 16:24:17.756,8
"""C:\Program Files\Mozilla Firefox\firefox.exe"" slate.com
PID:1412",C:\Users\jpdz\AppData\Local\Mozilla\Firefox\Profiles\uzjxbbj5.default-release\cache2\entries\6D89348819C8881868053197CA0754F36784BF5F,FileEvent,Write,2021-10-09 16:24:12.934,50214
C:\Users\jpdz\AppData\Local\Mozilla\Firefox\Profiles\uzjxbbj5.default-release\cache2\entries\6D89348819C8881868053197CA0754F36784BF5F,"""C:\Program Files\Mozilla Firefox\firefox.exe"" slate.com
PID:1412",FileEvent,Read,2021-10-09 16:24:12.914,8378
C:\Users\jpdz\AppData\Roaming\Mozilla\Firefox\Profiles\uzjxbbj5.default-release\storage\permanent\chrome\idb\2823318777ntouromlalnodry--naod.sqlite,"""C:\Program Files\Mozilla Firefox\firefox.exe"" slate.com
PID:1412",FileEvent,Read,2021-10-09 16:24:12.978,37064
"""C:\Program Files\Mozilla Firefox\firefox.exe"" slate.com
PID:1412",34.107.221.82,IpChannelEvent,TcpIpConnect,2021-10-09 16:24:16.716,0
"""C:\Program Files\Mozilla Firefox\firefox.exe"" slate.com
PID:1412",34.107.221.82,IpChannelEvent,TcpIpDisconnect,2021-10-09 16:24:21.809,0
"""C:\Program Files\Mozilla Firefox\firefox.exe"" slate.com
PID:1412",C:\Users\jpdz\AppData\Local\Mozilla\Firefox\Profiles\uzjxbbj5.default-release\cache2\entries\CC147FE92EC4D95E7CBD4F1E3A1B9924587CC150,FileEvent,Write,2021-10-09 16:24:17.766,18439
"""C:\Program Files\Mozilla Firefox\firefox.exe"" slate.com
PID:1412","""C:\Program Files\Mozilla Firefox\firefox.exe"" -contentproc --channel=""1412.0.35885936\839964733"" -parentBuildID 20210927210923 -prefsHandle 1016 -prefMapHandle 988 -prefsLen 1 -prefMapSize 252743 -appdir ""C:\Program Files\Mozilla Firefox\browser"" - 1412 ""\\.\pipe\gecko-crash-server-pipe.1412"" 1088 15bb3758 gpu
PID:3976",ProcessEvent,Create,2021-10-09 16:24:09.693,
C:\Program Files\Mozilla Firefox\api-ms-win-crt-runtime-l1-1-0.dll,"""C:\Program Files\Mozilla Firefox\firefox.exe"" slate.com
PID:1412",FileEvent,Read,2021-10-09 16:24:09.582,65536
"""C:\Program Files\Mozilla Firefox\firefox.exe"" slate.com
PID:1412",13.35.166.102,IpChannelEvent,TcpIpConnect,2021-10-09 16:24:17.5,0
13.35.166.102,"""C:\Program Files\Mozilla Firefox\firefox.exe"" slate.com
PID:1412",IpChannelEvent,TcpIpRecv,2021-10-09 16:24:17.293,5116
"""C:\Program Files\Mozilla Firefox\firefox.exe"" slate.com
PID:1412",13.35.166.102,IpChannelEvent,TcpIpSend,2021-10-09 16:24:17.152,1080
C:\Users\jpdz\AppData\Roaming\Mozilla\Firefox\Profiles\uzjxbbj5.default-release\search.json.mozlz4,"""C:\Program Files\Mozilla Firefox\firefox.exe"" slate.com
PID:1412",FileEvent,Read,2021-10-09 16:24:09.907,187
"""C:\Program Files\Mozilla Firefox\firefox.exe"" slate.com
PID:1412",C:\Users\jpdz\AppData\Roaming\Mozilla\Firefox\Profiles\uzjxbbj5.default-release\search.json.mozlz4,FileEvent,Write,2021-10-09 16:24:17.732,187
C:\Users\jpdz\AppData\Local\Mozilla\Firefox\Profiles\uzjxbbj5.default-release\safebrowsing\base-cryptomining-track-digest256.sbstore,"""C:\Program Files\Mozilla Firefox\firefox.exe"" slate.com
PID:1412",FileEvent,Read,2021-10-09 16:24:12.972,628
"""C:\Program Files\Mozilla Firefox\firefox.exe"" slate.com
PID:1412",C:\Users\jpdz\AppData\Local\Mozilla\Firefox\Profiles\uzjxbbj5.default-release\safebrowsing-updating\google-trackwhite-digest256-1.sbstore,FileEvent,Write,2021-10-09 16:24:32.496,46359
C:\Users\jpdz\AppData\Local\Mozilla\Firefox\Profiles\uzjxbbj5.default-release\safebrowsing\social-tracking-protection-linkedin-digest256.sbstore,"""C:\Program Files\Mozilla Firefox\firefox.exe"" slate.com
PID:1412",FileEvent,Read,2021-10-09 16:24:12.976,488
"""C:\Program Files\Mozilla Firefox\firefox.exe"" slate.com
PID:1412",C:\Users\jpdz\AppData\Local\Mozilla\Firefox\Profiles\uzjxbbj5.default-release\safebrowsing-updating\social-tracking-protection-linkedin-digest256-1.vlpset,FileEvent,Write,2021-10-09 16:24:33.433,4261
C:\Users\jpdz\AppData\Local\Mozilla\Firefox\Profiles\uzjxbbj5.default-release\safebrowsing-updating\social-tracking-protection-linkedin-digest256-1.vlpset,"""C:\Program Files\Mozilla Firefox\firefox.exe"" slate.com
PID:1412",FileEvent,Read,2021-10-09 16:24:33.433,32768
"""C:\Program Files\Mozilla Firefox\firefox.exe"" slate.com
PID:1412",C:\Users\jpdz\AppData\Local\Mozilla\Firefox\Profiles\uzjxbbj5.default-release\safebrowsing-updating,FileEvent,Delete,2021-10-09 16:24:33.665,0
C:\Users\jpdz\AppData\Local\Mozilla\Firefox\Profiles\uzjxbbj5.default-release\safebrowsing\block-flash-digest256.sbstore,"""C:\Program Files\Mozilla Firefox\firefox.exe"" slate.com
PID:1412",FileEvent,Read,2021-10-09 16:24:12.972,902
C:\Users\jpdz\AppData\Roaming\Mozilla\Firefox\Profiles\uzjxbbj5.default-release\datareporting\state.json,"""C:\Program Files\Mozilla Firefox\firefox.exe"" slate.com
PID:1412",FileEvent,Read,2021-10-09 16:24:12.942,51
C:\Users\jpdz\AppData\Local\Mozilla\Firefox\Profiles\uzjxbbj5.default-release\safebrowsing\base-fingerprinting-track-digest256.vlpset,"""C:\Program Files\Mozilla Firefox\firefox.exe"" slate.com
PID:1412",FileEvent,Read,2021-10-09 16:24:12.297,7434
C:\Users\jpdz\AppData\Local\Mozilla\Firefox\Profiles\uzjxbbj5.default-release\safebrowsing\social-tracking-protection-twitter-digest256.sbstore,"""C:\Program Files\Mozilla Firefox\firefox.exe"" slate.com
PID:1412",FileEvent,Read,2021-10-09 16:24:12.976,494
"""C:\Program Files\Mozilla Firefox\firefox.exe"" slate.com
PID:1412",35.155.64.168,IpChannelEvent,TcpIpConnect,2021-10-09 16:24:18.61,0
"""C:\Program Files\Mozilla Firefox\firefox.exe"" slate.com
PID:1412",35.155.64.168,IpChannelEvent,TcpIpSend,2021-10-09 16:24:18.155,1456
35.155.64.168,"""C:\Program Files\Mozilla Firefox\firefox.exe"" slate.com
PID:1412",IpChannelEvent,TcpIpRecv,2021-10-09 16:24:18.297,3801
"""C:\Program Files\Mozilla Firefox\firefox.exe"" slate.com
PID:1412",C:\Users\jpdz\AppData\Local\Mozilla\Firefox\Profiles\uzjxbbj5.default-release\safebrowsing-updating\social-tracking-protection-facebook-digest256-1.sbstore,FileEvent,Write,2021-10-09 16:24:33.226,4351
"""C:\Program Files\Mozilla Firefox\firefox.exe"" slate.com
PID:1412",C:\Users\jpdz\AppData\Local\Mozilla\Firefox\Profiles\uzjxbbj5.default-release\safebrowsing-updating\base-fingerprinting-track-digest256.vlpset,FileEvent,Delete,2021-10-09 16:24:33.650,0
C:\Users\jpdz\AppData\Local\Mozilla\Firefox\Profiles\uzjxbbj5.default-release\safebrowsing-updating\base-fingerprinting-track-digest256.vlpset,"""C:\Program Files\Mozilla Firefox\firefox.exe"" slate.com
PID:1412",FileEvent,Read,2021-10-09 16:24:30.903,3717
"""C:\Program Files\Mozilla Firefox\firefox.exe"" slate.com
PID:1412",C:\Users\jpdz\AppData\Local\Mozilla\Firefox\Profiles\uzjxbbj5.default-release\safebrowsing-updating\base-fingerprinting-track-digest256.vlpset,FileEvent,Write,2021-10-09 16:24:27.906,3717
"""C:\Program Files\Mozilla Firefox\firefox.exe"" slate.com
PID:1412",125.76.247.238,IpChannelEvent,TcpIpConnect,2021-10-09 16:24:19.62,0
125.76.247.238,"""C:\Program Files\Mozilla Firefox\firefox.exe"" slate.com
PID:1412",IpChannelEvent,TcpIpRecv,2021-10-09 16:24:19.91,2189
"""C:\Program Files\Mozilla Firefox\firefox.exe"" slate.com
PID:1412",125.76.247.238,IpChannelEvent,TcpIpSend,2021-10-09 16:24:19.91,478
"""C:\Program Files\Mozilla Firefox\firefox.exe"" slate.com
PID:1412",121.194.10.78,IpChannelEvent,TcpIpConnect,2021-10-09 16:24:12.366,0
"""C:\Program Files\Mozilla Firefox\firefox.exe"" slate.com
PID:1412",121.194.10.78,IpChannelEvent,TcpIpSend,2021-10-09 16:24:12.377,365
121.194.10.78,"""C:\Program Files\Mozilla Firefox\firefox.exe"" slate.com
PID:1412",IpChannelEvent,TcpIpRecv,2021-10-09 16:24:12.377,647
"""C:\Program Files\Mozilla Firefox\firefox.exe"" slate.com
PID:1412",C:\Users\jpdz\AppData\Local\Mozilla\Firefox\Profiles\uzjxbbj5.default-release\safebrowsing-updating\google4\goog-unwanted-proto.metadata,FileEvent,Delete,2021-10-09 16:24:33.658,0
C:\Users\jpdz\AppData\Local\Mozilla\Firefox\Profiles\uzjxbbj5.default-release\safebrowsing-updating\google4\goog-unwanted-proto.metadata,"""C:\Program Files\Mozilla Firefox\firefox.exe"" slate.com
PID:1412",FileEvent,Read,2021-10-09 16:24:27.930,32768
"""C:\Program Files\Mozilla Firefox\firefox.exe"" slate.com
PID:1412",C:\Users\jpdz\AppData\Local\Mozilla\Firefox\Profiles\uzjxbbj5.default-release\safebrowsing-updating\google4\goog-unwanted-proto.metadata,FileEvent,Write,2021-10-09 16:24:27.930,71
"""C:\Program Files\Mozilla Firefox\firefox.exe"" slate.com
PID:1412",C:\Users\jpdz\AppData\Local\Mozilla\Firefox\Profiles\uzjxbbj5.default-release\safebrowsing-updating\ads-track-digest256.vlpset,FileEvent,Delete,2021-10-09 16:24:33.635,0
"""C:\Program Files\Mozilla Firefox\firefox.exe"" slate.com
PID:1412",C:\Users\jpdz\AppData\Local\Mozilla\Firefox\Profiles\uzjxbbj5.default-release\safebrowsing-updating\ads-track-digest256.vlpset,FileEvent,Write,2021-10-09 16:24:27.890,55877
"""C:\Program Files\Mozilla Firefox\firefox.exe"" slate.com
PID:1412",C:\Users\jpdz\AppData\Roaming\Mozilla\Firefox\Profiles\uzjxbbj5.default-release\datareporting\glean\pending_pings\af398601-4e7f-47a9-8a01-0ba00b79d841,FileEvent,Delete,2021-10-09 16:24:18.39,0
C:\Users\jpdz\AppData\Roaming\Mozilla\Firefox\Profiles\uzjxbbj5.default-release\datareporting\glean\pending_pings\af398601-4e7f-47a9-8a01-0ba00b79d841,"""C:\Program Files\Mozilla Firefox\firefox.exe"" slate.com
PID:1412",FileEvent,Read,2021-10-09 16:24:17.740,49152
C:\Users\jpdz\AppData\Local\Mozilla\Firefox\Profiles\uzjxbbj5.default-release\safebrowsing\social-tracking-protection-linkedin-digest256.vlpset,"""C:\Program Files\Mozilla Firefox\firefox.exe"" slate.com
PID:1412",FileEvent,Read,2021-10-09 16:24:12.304,266
"""C:\Program Files\Mozilla Firefox\firefox.exe"" slate.com
PID:1412",C:\Users\jpdz\AppData\Local\Mozilla\Firefox\Profiles\uzjxbbj5.default-release\safebrowsing-updating\allow-flashallow-digest256.vlpset,FileEvent,Delete,2021-10-09 16:24:33.647,0
"""C:\Program Files\Mozilla Firefox\firefox.exe"" slate.com
PID:1412",C:\Users\jpdz\AppData\Local\Mozilla\Firefox\Profiles\uzjxbbj5.default-release\safebrowsing-updating\allow-flashallow-digest256.vlpset,FileEvent,Write,2021-10-09 16:24:27.895,69
C:\Users\jpdz\AppData\Local\Mozilla\Firefox\Profiles\uzjxbbj5.default-release\safebrowsing-updating\allow-flashallow-digest256.vlpset,"""C:\Program Files\Mozilla Firefox\firefox.exe"" slate.com
PID:1412",FileEvent,Read,2021-10-09 16:24:27.895,32768
"""C:\Program Files\Mozilla Firefox\firefox.exe"" slate.com
PID:1412",C:\Users\jpdz\AppData\Roaming\Mozilla\Firefox\Profiles\uzjxbbj5.default-release\storage\default\moz-extension+++7b7c287d-b9ee-4c40-99c0-63c5bd847cee^userContextId=4294967295\idb\3647222921wleabcEoxlt-eengsairo.sqlite-wal,FileEvent,Delete,2021-10-09 16:24:18.446,0
"""C:\Program Files\Mozilla Firefox\firefox.exe"" slate.com
PID:1412",C:\Users\jpdz\AppData\Roaming\Mozilla\Firefox\Profiles\uzjxbbj5.default-release\storage\default\moz-extension+++7b7c287d-b9ee-4c40-99c0-63c5bd847cee^userContextId=4294967295\idb\3647222921wleabcEoxlt-eengsairo.sqlite-wal,FileEvent,Delete,2021-10-09 16:24:30.435,0
"""C:\Program Files\Mozilla Firefox\firefox.exe"" slate.com
PID:1412",C:\Users\jpdz\AppData\Local\Mozilla\Firefox\Profiles\uzjxbbj5.default-release\safebrowsing-updating\block-flashsubdoc-digest256.vlpset,FileEvent,Delete,2021-10-09 16:24:33.651,0
"""C:\Program Files\Mozilla Firefox\firefox.exe"" slate.com
PID:1412",C:\Users\jpdz\AppData\Local\Mozilla\Firefox\Profiles\uzjxbbj5.default-release\safebrowsing-updating\block-flashsubdoc-digest256.vlpset,FileEvent,Write,2021-10-09 16:24:27.911,73413
"""C:\Program Files\Mozilla Firefox\firefox.exe"" slate.com
PID:1412",113.137.53.250,IpChannelEvent,TcpIpConnect,2021-10-09 16:24:18.976,0
"""C:\Program Files\Mozilla Firefox\firefox.exe"" slate.com
PID:1412",113.137.53.250,IpChannelEvent,TcpIpSend,2021-10-09 16:24:19.26,1090
113.137.53.250,"""C:\Program Files\Mozilla Firefox\firefox.exe"" slate.com
PID:1412",IpChannelEvent,TcpIpRecv,2021-10-09 16:24:19.26,5986
"""C:\Program Files\Mozilla Firefox\firefox.exe"" slate.com
PID:1412",C:\Users\jpdz\AppData\Local\Mozilla\Firefox\Profiles\uzjxbbj5.default-release\cache2\entries\E863DEE39AB0EF279CE01AF8C128F96010854FC3,FileEvent,Write,2021-10-09 16:24:18.138,38034
C:\Users\jpdz\AppData\Local\Mozilla\Firefox\Profiles\uzjxbbj5.default-release\cache2\entries\E863DEE39AB0EF279CE01AF8C128F96010854FC3,"""C:\Program Files\Mozilla Firefox\firefox.exe"" slate.com
PID:1412",FileEvent,Read,2021-10-09 16:24:17.720,12676
C:\Users\jpdz\AppData\Local\Mozilla\Firefox\Profiles\uzjxbbj5.default-release\safebrowsing\mozstd-trackwhite-digest256.vlpset,"""C:\Program Files\Mozilla Firefox\firefox.exe"" slate.com
PID:1412",FileEvent,Read,2021-10-09 16:24:12.303,1048576
C:\Users\jpdz\AppData\Roaming\Mozilla\Firefox\Profiles\uzjxbbj5.default-release\security_state\data.safe.bin,"""C:\Program Files\Mozilla Firefox\firefox.exe"" slate.com
PID:1412",FileEvent,Read,2021-10-09 16:24:10.246,1222667
"""C:\Program Files\Mozilla Firefox\firefox.exe"" slate.com
PID:1412",52.42.128.29,IpChannelEvent,TcpIpConnect,2021-10-09 16:24:17.269,0
"""C:\Program Files\Mozilla Firefox\firefox.exe"" slate.com
PID:1412",52.42.128.29,IpChannelEvent,TcpIpDisconnect,2021-10-09 16:24:20.955,0
"""C:\Program Files\Mozilla Firefox\firefox.exe"" slate.com
PID:1412",52.42.128.29,IpChannelEvent,TcpIpSend,2021-10-09 16:24:17.904,643
52.42.128.29,"""C:\Program Files\Mozilla Firefox\firefox.exe"" slate.com
PID:1412",IpChannelEvent,TcpIpRecv,2021-10-09 16:24:18.111,3450
"""C:\Program Files\Mozilla Firefox\firefox.exe"" slate.com
PID:1412",C:\Users\jpdz\AppData\Local\Mozilla\Firefox\Profiles\uzjxbbj5.default-release\safebrowsing-updating\mozplugin-block-digest256.sbstore,FileEvent,Delete,2021-10-09 16:24:33.661,0
"""C:\Program Files\Mozilla Firefox\firefox.exe"" slate.com
PID:1412",C:\Users\jpdz\AppData\Local\Mozilla\Firefox\Profiles\uzjxbbj5.default-release\safebrowsing-updating\mozplugin-block-digest256.sbstore,FileEvent,Write,2021-10-09 16:24:27.932,338
C:\Users\jpdz\AppData\Local\Mozilla\Firefox\Profiles\uzjxbbj5.default-release\safebrowsing-updating\mozplugin-block-digest256.sbstore,"""C:\Program Files\Mozilla Firefox\firefox.exe"" slate.com
PID:1412",FileEvent,Read,2021-10-09 16:24:27.932,32768
"""C:\Program Files\Mozilla Firefox\firefox.exe"" slate.com
PID:1412",C:\Users\jpdz\AppData\Local\Mozilla\Firefox\Profiles\uzjxbbj5.default-release\safebrowsing-updating\google4\goog-downloadwhite-proto.metadata,FileEvent,Delete,2021-10-09 16:24:33.656,0
"""C:\Program Files\Mozilla Firefox\firefox.exe"" slate.com
PID:1412",C:\Users\jpdz\AppData\Local\Mozilla\Firefox\Profiles\uzjxbbj5.default-release\safebrowsing-updating\google4\goog-downloadwhite-proto.metadata,FileEvent,Write,2021-10-09 16:24:27.927,69
C:\Users\jpdz\AppData\Local\Mozilla\Firefox\Profiles\uzjxbbj5.default-release\safebrowsing-updating\google4\goog-downloadwhite-proto.metadata,"""C:\Program Files\Mozilla Firefox\firefox.exe"" slate.com
PID:1412",FileEvent,Read,2021-10-09 16:24:27.927,32768
"""C:\Program Files\Mozilla Firefox\firefox.exe"" slate.com
PID:1412",C:\Users\jpdz\AppData\Local\Mozilla\Firefox\Profiles\uzjxbbj5.default-release\safebrowsing-updating\social-track-digest256-1.sbstore,FileEvent,Write,2021-10-09 16:24:32.851,4406
"""C:\Program Files\Mozilla Firefox\firefox.exe"" slate.com
PID:1412",34.107.221.82,IpChannelEvent,TcpIpConnect,2021-10-09 16:24:12.554,0
34.107.221.82,"""C:\Program Files\Mozilla Firefox\firefox.exe"" slate.com
PID:1412",IpChannelEvent,TcpIpRecv,2021-10-09 16:24:13.17,604
"""C:\Program Files\Mozilla Firefox\firefox.exe"" slate.com
PID:1412",34.107.221.82,IpChannelEvent,TcpIpSend,2021-10-09 16:24:12.891,666
C:\Users\jpdz\AppData\Roaming\Mozilla\Firefox\Profiles\uzjxbbj5.default-release\handlers.json,"""C:\Program Files\Mozilla Firefox\firefox.exe"" slate.com
PID:1412",FileEvent,Read,2021-10-09 16:24:13.15,733
"""C:\Program Files\Mozilla Firefox\firefox.exe"" slate.com
PID:1412",C:\Users\jpdz\AppData\Local\Mozilla\Firefox\Profiles\uzjxbbj5.default-release\cache2\entries\B760009D4B3A7BCA6ADF3AC9A2D633D9276DB090,FileEvent,Write,2021-10-09 16:24:18.249,17434
"""C:\Program Files\Mozilla Firefox\firefox.exe"" slate.com
PID:1412",117.18.237.29,IpChannelEvent,TcpIpConnect,2021-10-09 16:24:12.900,0
"""C:\Program Files\Mozilla Firefox\firefox.exe"" slate.com
PID:1412",117.18.237.29,IpChannelEvent,TcpIpSend,2021-10-09 16:24:12.986,1368
117.18.237.29,"""C:\Program Files\Mozilla Firefox\firefox.exe"" slate.com
PID:1412",IpChannelEvent,TcpIpRecv,2021-10-09 16:24:12.986,2397
"""C:\Program Files\Mozilla Firefox\firefox.exe"" slate.com
PID:1412",127.0.0.1,IpChannelEvent,TcpIpAccept,2021-10-09 16:24:09.669,0
127.0.0.1,"""C:\Program Files\Mozilla Firefox\firefox.exe"" slate.com
PID:1412",IpChannelEvent,TcpIpRecv,2021-10-09 16:24:09.669,21
127.0.0.1,"""C:\Program Files\Mozilla Firefox\firefox.exe"" slate.com
PID:1412",IpChannelEvent,TcpIpRecv,2021-10-09 16:24:11.199,958
"""C:\Program Files\Mozilla Firefox\firefox.exe"" slate.com
PID:1412",C:\Users\jpdz\AppData\Roaming\Mozilla\Firefox\Profiles\uzjxbbj5.default-release\storage\default\moz-extension+++0c3666b5-67b1-4855-b50d-d5fbfc0d2874^userContextId=4294967295\idb\3647222921wleabcEoxlt-eengsairo.sqlite-wal,FileEvent,Delete,2021-10-09 16:24:18.449,0
"""C:\Program Files\Mozilla Firefox\firefox.exe"" slate.com
PID:1412",C:\Users\jpdz\AppData\Roaming\Mozilla\Firefox\Profiles\uzjxbbj5.default-release\storage\default\moz-extension+++0c3666b5-67b1-4855-b50d-d5fbfc0d2874^userContextId=4294967295\idb\3647222921wleabcEoxlt-eengsairo.sqlite-wal,FileEvent,Delete,2021-10-09 16:24:31.857,0
C:\Users\jpdz\AppData\Roaming\Mozilla\Firefox\Profiles\uzjxbbj5.default-release\storage\default\moz-extension+++0c3666b5-67b1-4855-b50d-d5fbfc0d2874^userContextId=4294967295\idb\3647222921wleabcEoxlt-eengsairo.sqlite-wal,"""C:\Program Files\Mozilla Firefox\firefox.exe"" slate.com
PID:1412",FileEvent,Read,2021-10-09 16:24:21.510,4096
"""C:\Program Files\Mozilla Firefox\firefox.exe"" slate.com
PID:1412",C:\Users\jpdz\AppData\Roaming\Mozilla\Firefox\Profiles\uzjxbbj5.default-release\storage\default\moz-extension+++0c3666b5-67b1-4855-b50d-d5fbfc0d2874^userContextId=4294967295\idb\3647222921wleabcEoxlt-eengsairo.sqlite-wal,FileEvent,Write,2021-10-09 16:24:18.927,32872
C:\Users\jpdz\AppData\Local\Mozilla\Firefox\Profiles\uzjxbbj5.default-release\safebrowsing\except-flashallow-digest256.sbstore,"""C:\Program Files\Mozilla Firefox\firefox.exe"" slate.com
PID:1412",FileEvent,Read,2021-10-09 16:24:12.976,472
C:\Program Files\Mozilla Firefox\api-ms-win-crt-locale-l1-1-0.dll,"""C:\Program Files\Mozilla Firefox\firefox.exe"" slate.com
PID:1412",FileEvent,Read,2021-10-09 16:24:09.585,65536
C:\Program Files\Mozilla Firefox\mozglue.dll,"""C:\Program Files\Mozilla Firefox\firefox.exe"" slate.com
PID:1412",FileEvent,Read,2021-10-09 16:24:09.583,589824
"""C:\Program Files\Mozilla Firefox\firefox.exe"" slate.com
PID:1412",13.35.166.102,IpChannelEvent,TcpIpConnect,2021-10-09 16:24:18.324,0
"""C:\Program Files\Mozilla Firefox\firefox.exe"" slate.com
PID:1412",13.35.166.102,IpChannelEvent,TcpIpDisconnect,2021-10-09 16:24:24.118,0
"""C:\Program Files\Mozilla Firefox\firefox.exe"" slate.com
PID:1412",13.35.166.102,IpChannelEvent,TcpIpSend,2021-10-09 16:24:18.405,605
13.35.166.102,"""C:\Program Files\Mozilla Firefox\firefox.exe"" slate.com
PID:1412",IpChannelEvent,TcpIpRecv,2021-10-09 16:24:18.666,3979
"""C:\Program Files\Mozilla Firefox\firefox.exe"" slate.com
PID:1412",C:\Users\jpdz\AppData\Local\Mozilla\Firefox\Profiles\uzjxbbj5.default-release\safebrowsing-updating\base-cryptomining-track-digest256.sbstore,FileEvent,Delete,2021-10-09 16:24:33.648,0
"""C:\Program Files\Mozilla Firefox\firefox.exe"" slate.com
PID:1412",C:\Users\jpdz\AppData\Local\Mozilla\Firefox\Profiles\uzjxbbj5.default-release\safebrowsing-updating\base-cryptomining-track-digest256.sbstore,FileEvent,Write,2021-10-09 16:24:27.901,314
C:\Users\jpdz\AppData\Local\Mozilla\Firefox\Profiles\uzjxbbj5.default-release\safebrowsing-updating\base-cryptomining-track-digest256.sbstore,"""C:\Program Files\Mozilla Firefox\firefox.exe"" slate.com
PID:1412",FileEvent,Read,2021-10-09 16:24:27.901,33082
"""C:\Program Files\Mozilla Firefox\firefox.exe"" slate.com
PID:1412",111.206.176.78,IpChannelEvent,TcpIpConnect,2021-10-09 16:24:17.833,0
111.206.176.78,"""C:\Program Files\Mozilla Firefox\firefox.exe"" slate.com
PID:1412",IpChannelEvent,TcpIpRecv,2021-10-09 16:24:17.843,11316
"""C:\Program Files\Mozilla Firefox\firefox.exe"" slate.com
PID:1412",111.206.176.78,IpChannelEvent,TcpIpSend,2021-10-09 16:24:17.843,1069
"""C:\Program Files\Mozilla Firefox\firefox.exe"" slate.com
PID:1412",127.0.0.1,IpChannelEvent,TcpIpConnect,2021-10-09 16:24:09.669,0
"""C:\Program Files\Mozilla Firefox\firefox.exe"" slate.com
PID:1412",127.0.0.1,IpChannelEvent,TcpIpSend,2021-10-09 16:24:09.669,21
"""C:\Program Files\Mozilla Firefox\firefox.exe"" slate.com
PID:1412",127.0.0.1,IpChannelEvent,TcpIpSend,2021-10-09 16:24:11.199,958
"""C:\Program Files\Mozilla Firefox\firefox.exe"" slate.com
PID:1412",C:\Users\jpdz\AppData\Local\Mozilla\Firefox\Profiles\uzjxbbj5.default-release\cache2\doomed\2441,FileEvent,Delete,2021-10-09 16:24:17.769,0
C:\Users\jpdz\AppData\Local\Mozilla\Firefox\Profiles\uzjxbbj5.default-release\cache2\index,"""C:\Program Files\Mozilla Firefox\firefox.exe"" slate.com
PID:1412",FileEvent,Read,2021-10-09 16:24:09.749,348
"""C:\Program Files\Mozilla Firefox\firefox.exe"" slate.com
PID:1412",C:\Users\jpdz\AppData\Local\Mozilla\Firefox\Profiles\uzjxbbj5.default-release\cache2\index,FileEvent,Write,2021-10-09 16:24:09.750,8
C:\Program Files\Mozilla Firefox\api-ms-win-crt-math-l1-1-0.dll,"""C:\Program Files\Mozilla Firefox\firefox.exe"" slate.com
PID:1412",FileEvent,Read,2021-10-09 16:24:09.582,65536
"""C:\Program Files\Mozilla Firefox\firefox.exe"" slate.com
PID:1412",C:\Users\jpdz\AppData\Local\Mozilla\Firefox\Profiles\uzjxbbj5.default-release\safebrowsing-updating\except-flashallow-digest256.sbstore,FileEvent,Delete,2021-10-09 16:24:33.653,0
C:\Users\jpdz\AppData\Local\Mozilla\Firefox\Profiles\uzjxbbj5.default-release\safebrowsing-updating\except-flashallow-digest256.sbstore,"""C:\Program Files\Mozilla Firefox\firefox.exe"" slate.com
PID:1412",FileEvent,Read,2021-10-09 16:24:27.918,32768
"""C:\Program Files\Mozilla Firefox\firefox.exe"" slate.com
PID:1412",C:\Users\jpdz\AppData\Local\Mozilla\Firefox\Profiles\uzjxbbj5.default-release\safebrowsing-updating\except-flashallow-digest256.sbstore,FileEvent,Write,2021-10-09 16:24:27.918,236
C:\Program Files\Mozilla Firefox\api-ms-win-crt-stdio-l1-1-0.dll,"""C:\Program Files\Mozilla Firefox\firefox.exe"" slate.com
PID:1412",FileEvent,Read,2021-10-09 16:24:09.582,65536
"""C:\Program Files\Mozilla Firefox\firefox.exe"" slate.com
PID:1412",C:\Users\jpdz\AppData\Local\Mozilla\Firefox\Profiles\uzjxbbj5.default-release\safebrowsing-updating\google-trackwhite-digest256-1.vlpset,FileEvent,Write,2021-10-09 16:24:32.632,2940805
C:\Users\jpdz\AppData\Roaming\Mozilla\Firefox\Profiles\profiles.log,"""C:\Program Files\Mozilla Firefox\firefox.exe"" slate.com
PID:1412",FileEvent,Read,2021-10-09 16:24:16.696,16384
"""C:\Program Files\Mozilla Firefox\firefox.exe"" slate.com
PID:1412",C:\Users\jpdz\AppData\Local\Temp\firefox,FileEvent,Delete,2021-10-09 16:24:09.796,0
"""C:\Program Files\Mozilla Firefox\firefox.exe"" slate.com
PID:1412",C:\Users\jpdz\AppData\Local\Mozilla\Firefox\Profiles\uzjxbbj5.default-release\safebrowsing-updating\ads-track-digest256.sbstore,FileEvent,Delete,2021-10-09 16:24:33.634,0
"""C:\Program Files\Mozilla Firefox\firefox.exe"" slate.com
PID:1412",C:\Users\jpdz\AppData\Local\Mozilla\Firefox\Profiles\uzjxbbj5.default-release\safebrowsing-updating\ads-track-digest256.sbstore,FileEvent,Write,2021-10-09 16:24:27.888,2019
C:\Program Files\Mozilla Firefox\api-ms-win-crt-utility-l1-1-0.dll,"""C:\Program Files\Mozilla Firefox\firefox.exe"" slate.com
PID:1412",FileEvent,Read,2021-10-09 16:24:09.583,65536
"""C:\Program Files\Mozilla Firefox\firefox.exe"" slate.com
PID:1412",C:\Users\jpdz\AppData\Local\Mozilla\Firefox\Profiles\uzjxbbj5.default-release\safebrowsing-updating\allow-flashallow-digest256.sbstore,FileEvent,Delete,2021-10-09 16:24:33.636,0
C:\Users\jpdz\AppData\Local\Mozilla\Firefox\Profiles\uzjxbbj5.default-release\safebrowsing-updating\allow-flashallow-digest256.sbstore,"""C:\Program Files\Mozilla Firefox\firefox.exe"" slate.com
PID:1412",FileEvent,Read,2021-10-09 16:24:27.893,32768
"""C:\Program Files\Mozilla Firefox\firefox.exe"" slate.com
PID:1412",C:\Users\jpdz\AppData\Local\Mozilla\Firefox\Profiles\uzjxbbj5.default-release\safebrowsing-updating\allow-flashallow-digest256.sbstore,FileEvent,Write,2021-10-09 16:24:27.893,236
"""C:\Program Files\Mozilla Firefox\firefox.exe"" slate.com
PID:1412",C:\Users\jpdz\AppData\Roaming\Mozilla\Firefox\Profiles\uzjxbbj5.default-release\cookies.sqlite-wal,FileEvent,Delete,2021-10-09 16:24:09.752,0
C:\Users\jpdz\AppData\Roaming\Mozilla\Firefox\Profiles\UZJXBB~1.DEF\pkcs11.txt,"""C:\Program Files\Mozilla Firefox\firefox.exe"" slate.com
PID:1412",FileEvent,Read,2021-10-09 16:24:09.939,8192
C:\Program Files\Mozilla Firefox\lgpllibs.dll,"""C:\Program Files\Mozilla Firefox\firefox.exe"" slate.com
PID:1412",FileEvent,Read,2021-10-09 16:24:09.585,65536
C:\Users\jpdz\AppData\Roaming\Mozilla\Firefox\Profiles\uzjxbbj5.default-release\addonStartup.json.lz4,"""C:\Program Files\Mozilla Firefox\firefox.exe"" slate.com
PID:1412",FileEvent,Read,2021-10-09 16:24:09.676,5706
C:\Users\jpdz\AppData\Local\Mozilla\Firefox\Profiles\uzjxbbj5.default-release\safebrowsing\block-flash-digest256.vlpset,"""C:\Program Files\Mozilla Firefox\firefox.exe"" slate.com
PID:1412",FileEvent,Read,2021-10-09 16:24:12.297,13322
C:\Users\jpdz\AppData\Local\Mozilla\Firefox\Profiles\uzjxbbj5.default-release\safebrowsing\except-flashsubdoc-digest256.vlpset,"""C:\Program Files\Mozilla Firefox\firefox.exe"" slate.com
PID:1412",FileEvent,Read,2021-10-09 16:24:12.297,266
C:\Users\jpdz\AppData\Local\Mozilla\Firefox\Profiles\uzjxbbj5.default-release\cache2\entries\BEEAF9180B0A032DEE75D356EF60C8A42A21E761,"""C:\Program Files\Mozilla Firefox\firefox.exe"" slate.com
PID:1412",FileEvent,Read,2021-10-09 16:24:12.937,9135
"""C:\Program Files\Mozilla Firefox\firefox.exe"" slate.com
PID:1412",C:\Users\jpdz\AppData\Local\Mozilla\Firefox\Profiles\uzjxbbj5.default-release\cache2\entries\BEEAF9180B0A032DEE75D356EF60C8A42A21E761,FileEvent,Write,2021-10-09 16:24:12.941,52831
"""C:\Program Files\Mozilla Firefox\firefox.exe"" slate.com
PID:1412",C:\Users\jpdz\AppData\Local\Mozilla\Firefox\Profiles\uzjxbbj5.default-release\cache2\doomed\31943,FileEvent,Delete,2021-10-09 16:24:17.768,0
C:\Windows\system32\ExplorerFrame.dll,"""C:\Program Files\Mozilla Firefox\firefox.exe"" slate.com
PID:1412",FileEvent,Read,2021-10-09 16:24:09.673,1507328
"""C:\Program Files\Mozilla Firefox\firefox.exe"" slate.com
PID:1412",C:\Users\jpdz\AppData\Local\Mozilla\Firefox\Profiles\uzjxbbj5.default-release\safebrowsing-updating\mozstd-trackwhite-digest256.sbstore,FileEvent,Delete,2021-10-09 16:24:33.661,0
"""C:\Program Files\Mozilla Firefox\firefox.exe"" slate.com
PID:1412",C:\Users\jpdz\AppData\Local\Mozilla\Firefox\Profiles\uzjxbbj5.default-release\safebrowsing-updating\mozstd-trackwhite-digest256.sbstore,FileEvent,Write,2021-10-09 16:24:27.933,9969
"""C:\Program Files\Mozilla Firefox\firefox.exe"" slate.com
PID:1412",C:\Users\jpdz\AppData\Local\Mozilla\Firefox\Profiles\uzjxbbj5.default-release\safebrowsing-updating\block-flashsubdoc-digest256.sbstore,FileEvent,Delete,2021-10-09 16:24:33.651,0
"""C:\Program Files\Mozilla Firefox\firefox.exe"" slate.com
PID:1412",C:\Users\jpdz\AppData\Local\Mozilla\Firefox\Profiles\uzjxbbj5.default-release\safebrowsing-updating\block-flashsubdoc-digest256.sbstore,FileEvent,Write,2021-10-09 16:24:27.910,2576
"""C:\Program Files\Mozilla Firefox\firefox.exe"" slate.com
PID:1412",C:\Users\jpdz\AppData\Local\Mozilla\Firefox\Profiles\uzjxbbj5.default-release\cache2\entries\AFC00A876EDDC334218BCEFC2A62F85E70EB2427,FileEvent,Write,2021-10-09 16:24:21.578,34781
C:\Users\jpdz\AppData\Local\Mozilla\Firefox\Profiles\uzjxbbj5.default-release\safebrowsing\google4\goog-downloadwhite-proto.vlpset,"""C:\Program Files\Mozilla Firefox\firefox.exe"" slate.com
PID:1412",FileEvent,Read,2021-10-09 16:24:12.302,68170
C:\Users\jpdz\AppData\Roaming\Mozilla\Firefox\Profiles\uzjxbbj5.default-release\serviceworker.txt,"""C:\Program Files\Mozilla Firefox\firefox.exe"" slate.com
PID:1412",FileEvent,Read,2021-10-09 16:24:09.802,8192
"""C:\Program Files\Mozilla Firefox\firefox.exe"" slate.com
PID:1412",C:\Users\jpdz\AppData\Roaming\Mozilla\Firefox\Profiles\uzjxbbj5.default-release\datareporting\glean\pending_pings\ded44b6b-c320-4309-8761-8c1e05291dbe,FileEvent,Delete,2021-10-09 16:24:18.250,0
C:\Users\jpdz\AppData\Roaming\Mozilla\Firefox\Profiles\uzjxbbj5.default-release\datareporting\glean\pending_pings\ded44b6b-c320-4309-8761-8c1e05291dbe,"""C:\Program Files\Mozilla Firefox\firefox.exe"" slate.com
PID:1412",FileEvent,Read,2021-10-09 16:24:17.749,49152
C:\Users\jpdz\AppData\Local\Mozilla\Firefox\Profiles\uzjxbbj5.default-release\settings\main\ms-language-packs\asrouter.ftl,"""C:\Program Files\Mozilla Firefox\firefox.exe"" slate.com
PID:1412",FileEvent,Read,2021-10-09 16:24:18.67,49957
"""C:\Program Files\Mozilla Firefox\firefox.exe"" slate.com
PID:1412",117.18.237.29,IpChannelEvent,TcpIpConnect,2021-10-09 16:24:18.338,0
"""C:\Program Files\Mozilla Firefox\firefox.exe"" slate.com
PID:1412",117.18.237.29,IpChannelEvent,TcpIpSend,2021-10-09 16:24:18.405,456
117.18.237.29,"""C:\Program Files\Mozilla Firefox\firefox.exe"" slate.com
PID:1412",IpChannelEvent,TcpIpRecv,2021-10-09 16:24:18.503,799
C:\Users\jpdz\AppData\Local\Mozilla\Firefox\Profiles\uzjxbbj5.default-release\safebrowsing\google4\goog-malware-proto.vlpset,"""C:\Program Files\Mozilla Firefox\firefox.exe"" slate.com
PID:1412",FileEvent,Read,2021-10-09 16:24:12.302,655360
"""C:\Program Files\Mozilla Firefox\firefox.exe"" slate.com
PID:1412",C:\Users\jpdz\AppData\Local\Mozilla\Firefox\Profiles\uzjxbbj5.default-release\safebrowsing-updating\social-track-digest256.sbstore,FileEvent,Delete,2021-10-09 16:24:33.662,0
"""C:\Program Files\Mozilla Firefox\firefox.exe"" slate.com
PID:1412",C:\Users\jpdz\AppData\Local\Mozilla\Firefox\Profiles\uzjxbbj5.default-release\safebrowsing-updating\social-track-digest256.sbstore,FileEvent,Write,2021-10-09 16:24:27.934,309
C:\Users\jpdz\AppData\Local\Mozilla\Firefox\Profiles\uzjxbbj5.default-release\safebrowsing-updating\social-track-digest256.sbstore,"""C:\Program Files\Mozilla Firefox\firefox.exe"" slate.com
PID:1412",FileEvent,Read,2021-10-09 16:24:27.934,33077
"""C:\Program Files\Mozilla Firefox\firefox.exe"" slate.com
PID:1412",13.35.166.107,IpChannelEvent,TcpIpConnect,2021-10-09 16:24:12.539,0
"""C:\Program Files\Mozilla Firefox\firefox.exe"" slate.com
PID:1412",13.35.166.107,IpChannelEvent,TcpIpSend,2021-10-09 16:24:12.891,1102
13.35.166.107,"""C:\Program Files\Mozilla Firefox\firefox.exe"" slate.com
PID:1412",IpChannelEvent,TcpIpRecv,2021-10-09 16:24:13.271,9643
C:\Users\jpdz\AppData\Roaming\Mozilla\Firefox\Profiles\uzjxbbj5.default-release\storage\default\moz-extension+++0c3666b5-67b1-4855-b50d-d5fbfc0d2874^userContextId=4294967295\idb\3647222921wleabcEoxlt-eengsairo.sqlite,"""C:\Program Files\Mozilla Firefox\firefox.exe"" slate.com
PID:1412",FileEvent,Read,2021-10-09 16:24:18.447,37064
"""C:\Program Files\Mozilla Firefox\firefox.exe"" slate.com
PID:1412",C:\Users\jpdz\AppData\Roaming\Mozilla\Firefox\Profiles\uzjxbbj5.default-release\storage\default\moz-extension+++0c3666b5-67b1-4855-b50d-d5fbfc0d2874^userContextId=4294967295\idb\3647222921wleabcEoxlt-eengsairo.sqlite,FileEvent,Write,2021-10-09 16:24:21.510,8192
"""C:\Program Files\Mozilla Firefox\firefox.exe"" slate.com
PID:1412",C:\Users\jpdz\AppData\Local\Mozilla\Firefox\Profiles\uzjxbbj5.default-release\safebrowsing-updating\social-tracking-protection-linkedin-digest256.vlpset,FileEvent,Delete,2021-10-09 16:24:33.663,0
C:\Users\jpdz\AppData\Local\Mozilla\Firefox\Profiles\uzjxbbj5.default-release\safebrowsing-updating\social-tracking-protection-linkedin-digest256.vlpset,"""C:\Program Files\Mozilla Firefox\firefox.exe"" slate.com
PID:1412",FileEvent,Read,2021-10-09 16:24:27.936,32901
"""C:\Program Files\Mozilla Firefox\firefox.exe"" slate.com
PID:1412",C:\Users\jpdz\AppData\Local\Mozilla\Firefox\Profiles\uzjxbbj5.default-release\safebrowsing-updating\social-tracking-protection-linkedin-digest256.vlpset,FileEvent,Write,2021-10-09 16:24:27.936,133
"""C:\Program Files\Mozilla Firefox\firefox.exe"" slate.com
PID:1412",13.35.166.91,IpChannelEvent,TcpIpConnect,2021-10-09 16:24:27.139,0
"""C:\Program Files\Mozilla Firefox\firefox.exe"" slate.com
PID:1412",13.35.166.91,IpChannelEvent,TcpIpDisconnect,2021-10-09 16:24:27.571,0
13.35.166.91,"""C:\Program Files\Mozilla Firefox\firefox.exe"" slate.com
PID:1412",IpChannelEvent,TcpIpRecv,2021-10-09 16:24:27.352,4490
"""C:\Program Files\Mozilla Firefox\firefox.exe"" slate.com
PID:1412",13.35.166.91,IpChannelEvent,TcpIpSend,2021-10-09 16:24:27.208,1087
C:\Program Files\Mozilla Firefox\api-ms-win-crt-heap-l1-1-0.dll,"""C:\Program Files\Mozilla Firefox\firefox.exe"" slate.com
PID:1412",FileEvent,Read,2021-10-09 16:24:09.583,65536
"""C:\Program Files\Mozilla Firefox\firefox.exe"" -contentproc --channel=""1412.3.1720170094\1322316006"" -childID 2 -isForBrowser -prefsHandle 2700 -prefMapHandle 2548 -prefsLen 9071 -prefMapSize 252743 -jsInit 604 286204 -parentBuildID 20210927210923 -appdir ""C:\Program Files\Mozilla Firefox\browser"" - 1412 ""\\.\pipe\gecko-crash-server-pipe.1412"" 2716 22d94648 tab
PID:1008",127.0.0.1,IpChannelEvent,TcpIpConnect,2021-10-09 16:24:13.97,0
"""C:\Program Files\Mozilla Firefox\firefox.exe"" -contentproc --channel=""1412.3.1720170094\1322316006"" -childID 2 -isForBrowser -prefsHandle 2700 -prefMapHandle 2548 -prefsLen 9071 -prefMapSize 252743 -jsInit 604 286204 -parentBuildID 20210927210923 -appdir ""C:\Program Files\Mozilla Firefox\browser"" - 1412 ""\\.\pipe\gecko-crash-server-pipe.1412"" 2716 22d94648 tab
PID:1008",127.0.0.1,IpChannelEvent,TcpIpSend,2021-10-09 16:24:13.97,45
C:\Windows\Prefetch\FIREFOX.EXE-A606B53C.pf,"""C:\Program Files\Mozilla Firefox\firefox.exe"" -contentproc --channel=""1412.3.1720170094\1322316006"" -childID 2 -isForBrowser -prefsHandle 2700 -prefMapHandle 2548 -prefsLen 9071 -prefMapSize 252743 -jsInit 604 286204 -parentBuildID 20210927210923 -appdir ""C:\Program Files\Mozilla Firefox\browser"" - 1412 ""\\.\pipe\gecko-crash-server-pipe.1412"" 2716 22d94648 tab
PID:1008",FileEvent,Read,2021-10-09 16:24:12.890,61006
"""C:\Program Files\Mozilla Firefox\firefox.exe"" -contentproc --channel=""1412.3.1720170094\1322316006"" -childID 2 -isForBrowser -prefsHandle 2700 -prefMapHandle 2548 -prefsLen 9071 -prefMapSize 252743 -jsInit 604 286204 -parentBuildID 20210927210923 -appdir ""C:\Program Files\Mozilla Firefox\browser"" - 1412 ""\\.\pipe\gecko-crash-server-pipe.1412"" 2716 22d94648 tab
PID:1008",127.0.0.1,IpChannelEvent,TcpIpAccept,2021-10-09 16:24:13.97,0
127.0.0.1,"""C:\Program Files\Mozilla Firefox\firefox.exe"" -contentproc --channel=""1412.3.1720170094\1322316006"" -childID 2 -isForBrowser -prefsHandle 2700 -prefMapHandle 2548 -prefsLen 9071 -prefMapSize 252743 -jsInit 604 286204 -parentBuildID 20210927210923 -appdir ""C:\Program Files\Mozilla Firefox\browser"" - 1412 ""\\.\pipe\gecko-crash-server-pipe.1412"" 2716 22d94648 tab
PID:1008",IpChannelEvent,TcpIpRecv,2021-10-09 16:24:13.97,45
C:\Program Files\Mozilla Firefox\dependentlibs.list,"""C:\Program Files\Mozilla Firefox\firefox.exe"" -contentproc --channel=""1412.3.1720170094\1322316006"" -childID 2 -isForBrowser -prefsHandle 2700 -prefMapHandle 2548 -prefsLen 9071 -prefMapSize 252743 -jsInit 604 286204 -parentBuildID 20210927210923 -appdir ""C:\Program Files\Mozilla Firefox\browser"" - 1412 ""\\.\pipe\gecko-crash-server-pipe.1412"" 2716 22d94648 tab
PID:1008",FileEvent,Read,2021-10-09 16:24:12.991,8192
"""C:\Program Files\Mozilla Firefox\firefox.exe"" -contentproc --channel=""1412.3.1720170094\1322316006"" -childID 2 -isForBrowser -prefsHandle 2700 -prefMapHandle 2548 -prefsLen 9071 -prefMapSize 252743 -jsInit 604 286204 -parentBuildID 20210927210923 -appdir ""C:\Program Files\Mozilla Firefox\browser"" - 1412 ""\\.\pipe\gecko-crash-server-pipe.1412"" 2716 22d94648 tab
PID:1008",C:\Users\jpdz\AppData\Local\Temp\mozilla-temp-files\mozilla-temp-41,FileEvent,Write,2021-10-09 16:24:17.409,98304
"""C:\Program Files\Mozilla Firefox\firefox.exe"" -contentproc --channel=""1412.8.1166024769\1013130367"" -childID 3 -isForBrowser -prefsHandle 3548 -prefMapHandle 3544 -prefsLen 9770 -prefMapSize 252743 -jsInit 604 286204 -parentBuildID 20210927210923 -appdir ""C:\Program Files\Mozilla Firefox\browser"" - 1412 ""\\.\pipe\gecko-crash-server-pipe.1412"" 3560 2504a258 tab
PID:1144",127.0.0.1,IpChannelEvent,TcpIpConnect,2021-10-09 16:24:17.849,0
"""C:\Program Files\Mozilla Firefox\firefox.exe"" -contentproc --channel=""1412.8.1166024769\1013130367"" -childID 3 -isForBrowser -prefsHandle 3548 -prefMapHandle 3544 -prefsLen 9770 -prefMapSize 252743 -jsInit 604 286204 -parentBuildID 20210927210923 -appdir ""C:\Program Files\Mozilla Firefox\browser"" - 1412 ""\\.\pipe\gecko-crash-server-pipe.1412"" 3560 2504a258 tab
PID:1144",127.0.0.1,IpChannelEvent,TcpIpSend,2021-10-09 16:24:17.849,2
"""C:\Program Files\Mozilla Firefox\firefox.exe"" -contentproc --channel=""1412.8.1166024769\1013130367"" -childID 3 -isForBrowser -prefsHandle 3548 -prefMapHandle 3544 -prefsLen 9770 -prefMapSize 252743 -jsInit 604 286204 -parentBuildID 20210927210923 -appdir ""C:\Program Files\Mozilla Firefox\browser"" - 1412 ""\\.\pipe\gecko-crash-server-pipe.1412"" 3560 2504a258 tab
PID:1144",127.0.0.1,IpChannelEvent,TcpIpAccept,2021-10-09 16:24:17.849,0
127.0.0.1,"""C:\Program Files\Mozilla Firefox\firefox.exe"" -contentproc --channel=""1412.8.1166024769\1013130367"" -childID 3 -isForBrowser -prefsHandle 3548 -prefMapHandle 3544 -prefsLen 9770 -prefMapSize 252743 -jsInit 604 286204 -parentBuildID 20210927210923 -appdir ""C:\Program Files\Mozilla Firefox\browser"" - 1412 ""\\.\pipe\gecko-crash-server-pipe.1412"" 3560 2504a258 tab
PID:1144",IpChannelEvent,TcpIpRecv,2021-10-09 16:24:17.849,2
C:\Windows\Prefetch\FIREFOX.EXE-A606B53C.pf,"""C:\Program Files\Mozilla Firefox\firefox.exe"" -contentproc --channel=""1412.8.1166024769\1013130367"" -childID 3 -isForBrowser -prefsHandle 3548 -prefMapHandle 3544 -prefsLen 9770 -prefMapSize 252743 -jsInit 604 286204 -parentBuildID 20210927210923 -appdir ""C:\Program Files\Mozilla Firefox\browser"" - 1412 ""\\.\pipe\gecko-crash-server-pipe.1412"" 3560 2504a258 tab
PID:1144",FileEvent,Read,2021-10-09 16:24:17.787,61006
C:\Program Files\Mozilla Firefox\dependentlibs.list,"""C:\Program Files\Mozilla Firefox\firefox.exe"" -contentproc --channel=""1412.8.1166024769\1013130367"" -childID 3 -isForBrowser -prefsHandle 3548 -prefMapHandle 3544 -prefsLen 9770 -prefMapSize 252743 -jsInit 604 286204 -parentBuildID 20210927210923 -appdir ""C:\Program Files\Mozilla Firefox\browser"" - 1412 ""\\.\pipe\gecko-crash-server-pipe.1412"" 3560 2504a258 tab
PID:1144",FileEvent,Read,2021-10-09 16:24:17.821,8192
C:\Windows\Prefetch\FIREFOX.EXE-A606B53C.pf,"""C:\Program Files\Mozilla Firefox\firefox.exe"" -contentproc --channel=""1412.5.43854842\755805900"" -parentBuildID 20210927210923 -prefsHandle 3420 -prefMapHandle 3428 -prefsLen 9770 -prefMapSize 252743 -appdir ""C:\Program Files\Mozilla Firefox\browser"" - 1412 ""\\.\pipe\gecko-crash-server-pipe.1412"" 3444 15bb46f8 rdd
PID:1628",FileEvent,Read,2021-10-09 16:24:17.38,61006
C:\Program Files\Mozilla Firefox\dependentlibs.list,"""C:\Program Files\Mozilla Firefox\firefox.exe"" -contentproc --channel=""1412.5.43854842\755805900"" -parentBuildID 20210927210923 -prefsHandle 3420 -prefMapHandle 3428 -prefsLen 9770 -prefMapSize 252743 -appdir ""C:\Program Files\Mozilla Firefox\browser"" - 1412 ""\\.\pipe\gecko-crash-server-pipe.1412"" 3444 15bb46f8 rdd
PID:1628",FileEvent,Read,2021-10-09 16:24:17.46,8192
"""C:\Program Files\Mozilla Firefox\firefox.exe"" -contentproc --channel=""1412.1.896671749\720480798"" -childID 1 -isForBrowser -prefsHandle 1684 -prefMapHandle 1696 -prefsLen 3677 -prefMapSize 252743 -jsInit 604 286204 -parentBuildID 20210927210923 -appdir ""C:\Program Files\Mozilla Firefox\browser"" - 1412 ""\\.\pipe\gecko-crash-server-pipe.1412"" 2024 1ec7b798 tab
PID:560",127.0.0.1,IpChannelEvent,TcpIpConnect,2021-10-09 16:24:10.108,0
"""C:\Program Files\Mozilla Firefox\firefox.exe"" -contentproc --channel=""1412.1.896671749\720480798"" -childID 1 -isForBrowser -prefsHandle 1684 -prefMapHandle 1696 -prefsLen 3677 -prefMapSize 252743 -jsInit 604 286204 -parentBuildID 20210927210923 -appdir ""C:\Program Files\Mozilla Firefox\browser"" - 1412 ""\\.\pipe\gecko-crash-server-pipe.1412"" 2024 1ec7b798 tab
PID:560",127.0.0.1,IpChannelEvent,TcpIpSend,2021-10-09 16:24:10.108,2
C:\Windows\Prefetch\FIREFOX.EXE-A606B53C.pf,"""C:\Program Files\Mozilla Firefox\firefox.exe"" -contentproc --channel=""1412.1.896671749\720480798"" -childID 1 -isForBrowser -prefsHandle 1684 -prefMapHandle 1696 -prefsLen 3677 -prefMapSize 252743 -jsInit 604 286204 -parentBuildID 20210927210923 -appdir ""C:\Program Files\Mozilla Firefox\browser"" - 1412 ""\\.\pipe\gecko-crash-server-pipe.1412"" 2024 1ec7b798 tab
PID:560",FileEvent,Read,2021-10-09 16:24:10.7,61006
C:\Program Files\Mozilla Firefox\dependentlibs.list,"""C:\Program Files\Mozilla Firefox\firefox.exe"" -contentproc --channel=""1412.1.896671749\720480798"" -childID 1 -isForBrowser -prefsHandle 1684 -prefMapHandle 1696 -prefsLen 3677 -prefMapSize 252743 -jsInit 604 286204 -parentBuildID 20210927210923 -appdir ""C:\Program Files\Mozilla Firefox\browser"" - 1412 ""\\.\pipe\gecko-crash-server-pipe.1412"" 2024 1ec7b798 tab
PID:560",FileEvent,Read,2021-10-09 16:24:10.26,8192
"""C:\Program Files\Mozilla Firefox\firefox.exe"" -contentproc --channel=""1412.1.896671749\720480798"" -childID 1 -isForBrowser -prefsHandle 1684 -prefMapHandle 1696 -prefsLen 3677 -prefMapSize 252743 -jsInit 604 286204 -parentBuildID 20210927210923 -appdir ""C:\Program Files\Mozilla Firefox\browser"" - 1412 ""\\.\pipe\gecko-crash-server-pipe.1412"" 2024 1ec7b798 tab
PID:560",127.0.0.1,IpChannelEvent,TcpIpAccept,2021-10-09 16:24:10.108,0
127.0.0.1,"""C:\Program Files\Mozilla Firefox\firefox.exe"" -contentproc --channel=""1412.1.896671749\720480798"" -childID 1 -isForBrowser -prefsHandle 1684 -prefMapHandle 1696 -prefsLen 3677 -prefMapSize 252743 -jsInit 604 286204 -parentBuildID 20210927210923 -appdir ""C:\Program Files\Mozilla Firefox\browser"" - 1412 ""\\.\pipe\gecko-crash-server-pipe.1412"" 2024 1ec7b798 tab
PID:560",IpChannelEvent,TcpIpRecv,2021-10-09 16:24:10.108,2
C:\Windows\Prefetch\FIREFOX.EXE-A606B53C.pf,"""C:\Program Files\Mozilla Firefox\firefox.exe"" -contentproc --channel=""1412.0.35885936\839964733"" -parentBuildID 20210927210923 -prefsHandle 1016 -prefMapHandle 988 -prefsLen 1 -prefMapSize 252743 -appdir ""C:\Program Files\Mozilla Firefox\browser"" - 1412 ""\\.\pipe\gecko-crash-server-pipe.1412"" 1088 15bb3758 gpu
PID:3976",FileEvent,Read,2021-10-09 16:24:09.704,61006
C:\Program Files\Mozilla Firefox\dependentlibs.list,"""C:\Program Files\Mozilla Firefox\firefox.exe"" -contentproc --channel=""1412.0.35885936\839964733"" -parentBuildID 20210927210923 -prefsHandle 1016 -prefMapHandle 988 -prefsLen 1 -prefMapSize 252743 -appdir ""C:\Program Files\Mozilla Firefox\browser"" - 1412 ""\\.\pipe\gecko-crash-server-pipe.1412"" 1088 15bb3758 gpu
PID:3976",FileEvent,Read,2021-10-09 16:24:09.709,8192
