start,end,eventtype,operationtype,time,ref.size
"""C:\Program Files\Mozilla Firefox\firefox.exe"" ziraatbank.com.tr
PID:3680",35.244.247.133,IpChannelEvent,TcpIpConnect,2021-10-09 16:24:12.170,0
"""C:\Program Files\Mozilla Firefox\firefox.exe"" ziraatbank.com.tr
PID:3680",35.244.247.133,IpChannelEvent,TcpIpSend,2021-10-09 16:24:12.228,3677
35.244.247.133,"""C:\Program Files\Mozilla Firefox\firefox.exe"" ziraatbank.com.tr
PID:3680",IpChannelEvent,TcpIpRecv,2021-10-09 16:24:12.228,4172
"""C:\Program Files\Mozilla Firefox\firefox.exe"" ziraatbank.com.tr
PID:3680",C:\Users\jpdz\AppData\Local\Mozilla\Firefox\Profiles\uzjxbbj5.default-release\cache2\entries\ECBE769D4CE70019F0023DFEB80327EF29562311,FileEvent,Write,2021-10-09 16:24:17.830,17432
"""C:\Program Files\Mozilla Firefox\firefox.exe"" ziraatbank.com.tr
PID:3680",C:\Users\jpdz\AppData\Local\Mozilla\Firefox\Profiles\uzjxbbj5.default-release\cache2\doomed\9754,FileEvent,Delete,2021-10-09 16:24:17.621,0
C:\Program Files\Mozilla Firefox\api-ms-win-crt-multibyte-l1-1-0.dll,"""C:\Program Files\Mozilla Firefox\firefox.exe"" ziraatbank.com.tr
PID:3680",FileEvent,Read,2021-10-09 16:24:09.569,65536
C:\Users\jpdz\AppData\Local\Mozilla\Firefox\Profiles\uzjxbbj5.default-release\safebrowsing\social-tracking-protection-facebook-digest256.vlpset,"""C:\Program Files\Mozilla Firefox\firefox.exe"" ziraatbank.com.tr
PID:3680",FileEvent,Read,2021-10-09 16:24:10.243,453
C:\Users\jpdz\AppData\Local\Mozilla\Firefox\Profiles\uzjxbbj5.default-release\safebrowsing\google4\goog-malware-proto.metadata,"""C:\Program Files\Mozilla Firefox\firefox.exe"" ziraatbank.com.tr
PID:3680",FileEvent,Read,2021-10-09 16:24:12.175,71
"""C:\Program Files\Mozilla Firefox\firefox.exe"" ziraatbank.com.tr
PID:3680",194.24.224.10,IpChannelEvent,TcpIpConnect,2021-10-09 16:24:18.605,0
"""C:\Program Files\Mozilla Firefox\firefox.exe"" ziraatbank.com.tr
PID:3680",194.24.224.10,IpChannelEvent,TcpIpDisconnect,2021-10-09 16:24:23.861,0
"""C:\Program Files\Mozilla Firefox\firefox.exe"" ziraatbank.com.tr
PID:3680",194.24.224.10,IpChannelEvent,TcpIpSend,2021-10-09 16:24:18.786,621
194.24.224.10,"""C:\Program Files\Mozilla Firefox\firefox.exe"" ziraatbank.com.tr
PID:3680",IpChannelEvent,TcpIpRecv,2021-10-09 16:24:18.869,5636
"""C:\Program Files\Mozilla Firefox\firefox.exe"" ziraatbank.com.tr
PID:3680",13.224.160.20,IpChannelEvent,TcpIpConnect,2021-10-09 16:24:12.590,0
"""C:\Program Files\Mozilla Firefox\firefox.exe"" ziraatbank.com.tr
PID:3680",13.224.160.20,IpChannelEvent,TcpIpDisconnect,2021-10-09 16:24:17.631,0
"""C:\Program Files\Mozilla Firefox\firefox.exe"" ziraatbank.com.tr
PID:3680",13.224.160.20,IpChannelEvent,TcpIpSend,2021-10-09 16:24:12.665,792
13.224.160.20,"""C:\Program Files\Mozilla Firefox\firefox.exe"" ziraatbank.com.tr
PID:3680",IpChannelEvent,TcpIpRecv,2021-10-09 16:24:12.665,3926
"""C:\Program Files\Mozilla Firefox\firefox.exe"" ziraatbank.com.tr
PID:3680",C:\Users\jpdz\AppData\Roaming\Mozilla\Firefox\Profiles\uzjxbbj5.default-release\storage\default\moz-extension+++0c3666b5-67b1-4855-b50d-d5fbfc0d2874^userContextId=4294967295\.metadata-v2,FileEvent,Write,2021-10-09 16:24:18.997,8
C:\Users\jpdz\AppData\Roaming\Mozilla\Firefox\Profiles\uzjxbbj5.default-release\storage\default\moz-extension+++0c3666b5-67b1-4855-b50d-d5fbfc0d2874^userContextId=4294967295\.metadata-v2,"""C:\Program Files\Mozilla Firefox\firefox.exe"" ziraatbank.com.tr
PID:3680",FileEvent,Read,2021-10-09 16:24:12.696,512
"""C:\Program Files\Mozilla Firefox\firefox.exe"" ziraatbank.com.tr
PID:3680",151.139.128.14,IpChannelEvent,TcpIpConnect,2021-10-09 16:24:17.831,0
151.139.128.14,"""C:\Program Files\Mozilla Firefox\firefox.exe"" ziraatbank.com.tr
PID:3680",IpChannelEvent,TcpIpRecv,2021-10-09 16:24:18.46,2114
"""C:\Program Files\Mozilla Firefox\firefox.exe"" ziraatbank.com.tr
PID:3680",151.139.128.14,IpChannelEvent,TcpIpSend,2021-10-09 16:24:18.31,913
C:\Users\jpdz\AppData\Local\Mozilla\Firefox\Profiles\uzjxbbj5.default-release\safebrowsing\google-trackwhite-digest256.sbstore,"""C:\Program Files\Mozilla Firefox\firefox.exe"" ziraatbank.com.tr
PID:3680",FileEvent,Read,2021-10-09 16:24:12.174,46359
C:\Users\jpdz\AppData\Roaming\Mozilla\Firefox\Profiles\uzjxbbj5.default-release\extension-settings.json,"""C:\Program Files\Mozilla Firefox\firefox.exe"" ziraatbank.com.tr
PID:3680",FileEvent,Read,2021-10-09 16:24:09.906,284
C:\Users\jpdz\AppData\Roaming\Mozilla\Firefox\Profiles\uzjxbbj5.default-release\storage\permanent\chrome\idb\1451318868ntouromlalnodry--epcr.sqlite,"""C:\Program Files\Mozilla Firefox\firefox.exe"" ziraatbank.com.tr
PID:3680",FileEvent,Read,2021-10-09 16:24:09.910,37064
C:\Users\jpdz\AppData\Local\Mozilla\Firefox\Profiles\uzjxbbj5.default-release\safebrowsing\google-trackwhite-digest256.vlpset,"""C:\Program Files\Mozilla Firefox\firefox.exe"" ziraatbank.com.tr
PID:3680",FileEvent,Read,2021-10-09 16:24:10.236,3014656
C:\Users\jpdz\AppData\Roaming\Microsoft\Internet Explorer\Quick Launch\User Pinned\TaskBar\Firefox.lnk,"""C:\Program Files\Mozilla Firefox\firefox.exe"" ziraatbank.com.tr
PID:3680",FileEvent,Read,2021-10-09 16:24:12.585,4096
C:\Program Files\desktop.ini,"""C:\Program Files\Mozilla Firefox\firefox.exe"" ziraatbank.com.tr
PID:3680",FileEvent,Read,2021-10-09 16:24:12.587,176
C:\Users\jpdz\AppData\Roaming\Mozilla\Firefox\Profiles\uzjxbbj5.default-release\storage\default\moz-extension+++0424fd79-b62a-421f-bf32-0d1549ab34f2^userContextId=4294967295\idb\3647222921wleabcEoxlt-eengsairo.sqlite,"""C:\Program Files\Mozilla Firefox\firefox.exe"" ziraatbank.com.tr
PID:3680",FileEvent,Read,2021-10-09 16:24:19.25,37064
"""C:\Program Files\Mozilla Firefox\firefox.exe"" ziraatbank.com.tr
PID:3680",C:\Users\jpdz\AppData\Roaming\Mozilla\Firefox\Profiles\uzjxbbj5.default-release\storage\default\moz-extension+++0424fd79-b62a-421f-bf32-0d1549ab34f2^userContextId=4294967295\idb\3647222921wleabcEoxlt-eengsairo.sqlite,FileEvent,Write,2021-10-09 16:24:22.335,8192
"""C:\Program Files\Mozilla Firefox\firefox.exe"" ziraatbank.com.tr
PID:3680",194.24.224.10,IpChannelEvent,TcpIpConnect,2021-10-09 16:24:23.253,0
"""C:\Program Files\Mozilla Firefox\firefox.exe"" ziraatbank.com.tr
PID:3680",194.24.224.10,IpChannelEvent,TcpIpSend,2021-10-09 16:24:23.327,4955
194.24.224.10,"""C:\Program Files\Mozilla Firefox\firefox.exe"" ziraatbank.com.tr
PID:3680",IpChannelEvent,TcpIpRecv,2021-10-09 16:24:23.554,21873
"""C:\Program Files\Mozilla Firefox\firefox.exe"" ziraatbank.com.tr
PID:3680",115.157.63.19,IpChannelEvent,TcpIpConnect,2021-10-09 16:24:12.156,0
"""C:\Program Files\Mozilla Firefox\firefox.exe"" ziraatbank.com.tr
PID:3680",115.157.63.19,IpChannelEvent,TcpIpSend,2021-10-09 16:24:12.186,1075
115.157.63.19,"""C:\Program Files\Mozilla Firefox\firefox.exe"" ziraatbank.com.tr
PID:3680",IpChannelEvent,TcpIpRecv,2021-10-09 16:24:12.186,5400
"""C:\Program Files\Mozilla Firefox\firefox.exe"" ziraatbank.com.tr
PID:3680",34.216.185.123,IpChannelEvent,TcpIpConnect,2021-10-09 16:24:12.983,0
"""C:\Program Files\Mozilla Firefox\firefox.exe"" ziraatbank.com.tr
PID:3680",34.216.185.123,IpChannelEvent,TcpIpSend,2021-10-09 16:24:13.768,1456
34.216.185.123,"""C:\Program Files\Mozilla Firefox\firefox.exe"" ziraatbank.com.tr
PID:3680",IpChannelEvent,TcpIpRecv,2021-10-09 16:24:13.808,3801
"""C:\Program Files\Mozilla Firefox\firefox.exe"" ziraatbank.com.tr
PID:3680",C:\Users\jpdz\AppData\Roaming\Mozilla\Firefox\Profiles\uzjxbbj5.default-release\storage\default\moz-extension+++7b7c287d-b9ee-4c40-99c0-63c5bd847cee^userContextId=4294967295\idb\3647222921wleabcEoxlt-eengsairo.sqlite-shm,FileEvent,Delete,2021-10-09 16:24:18.992,0
"""C:\Program Files\Mozilla Firefox\firefox.exe"" ziraatbank.com.tr
PID:3680",C:\Users\jpdz\AppData\Roaming\Mozilla\Firefox\Profiles\uzjxbbj5.default-release\storage\default\moz-extension+++7b7c287d-b9ee-4c40-99c0-63c5bd847cee^userContextId=4294967295\idb\3647222921wleabcEoxlt-eengsairo.sqlite-shm,FileEvent,Delete,2021-10-09 16:24:30.848,0
C:\Users\jpdz\AppData\Roaming\Mozilla\Firefox\Profiles\uzjxbbj5.default-release\storage\default\moz-extension+++7b7c287d-b9ee-4c40-99c0-63c5bd847cee^userContextId=4294967295\idb\3647222921wleabcEoxlt-eengsairo.sqlite-shm,"""C:\Program Files\Mozilla Firefox\firefox.exe"" ziraatbank.com.tr
PID:3680",FileEvent,Read,2021-10-09 16:24:18.990,65536
C:\Users\jpdz\AppData\Local\Mozilla\Firefox\Profiles\uzjxbbj5.default-release\safebrowsing\base-cryptomining-track-digest256.vlpset,"""C:\Program Files\Mozilla Firefox\firefox.exe"" ziraatbank.com.tr
PID:3680",FileEvent,Read,2021-10-09 16:24:10.235,2277
C:\Users\jpdz\AppData\Roaming\Mozilla\Firefox\Profiles\uzjxbbj5.default-release\storage\permanent\chrome\.metadata-v2,"""C:\Program Files\Mozilla Firefox\firefox.exe"" ziraatbank.com.tr
PID:3680",FileEvent,Read,2021-10-09 16:24:09.907,512
C:\Users\jpdz\AppData\Local\Mozilla\Firefox\Profiles\uzjxbbj5.default-release\safebrowsing\analytics-track-digest256.sbstore,"""C:\Program Files\Mozilla Firefox\firefox.exe"" ziraatbank.com.tr
PID:3680",FileEvent,Read,2021-10-09 16:24:12.174,559
"""C:\Program Files\Mozilla Firefox\firefox.exe"" ziraatbank.com.tr
PID:3680",C:\Users\jpdz\AppData\Local\Mozilla\Firefox\Profiles\uzjxbbj5.default-release\cache2\entries\B733EA76467697DE435FD86F056561387205756A,FileEvent,Write,2021-10-09 16:24:20.49,27247
"""C:\Program Files\Mozilla Firefox\firefox.exe"" ziraatbank.com.tr
PID:3680",C:\Users\jpdz\AppData\Local\Mozilla\Firefox\Profiles\uzjxbbj5.default-release\cache2\doomed\13020,FileEvent,Delete,2021-10-09 16:24:17.622,0
"""C:\Program Files\Mozilla Firefox\firefox.exe"" ziraatbank.com.tr
PID:3680",C:\Users\jpdz\AppData\Roaming\Mozilla\Firefox\Profiles\uzjxbbj5.default-release\storage\permanent\chrome\idb\2823318777ntouromlalnodry--naod.sqlite-shm,FileEvent,Delete,2021-10-09 16:24:12.581,0
"""C:\Program Files\Mozilla Firefox\firefox.exe"" ziraatbank.com.tr
PID:3680",C:\Users\jpdz\AppData\Roaming\Mozilla\Firefox\Profiles\uzjxbbj5.default-release\storage\permanent\chrome\idb\2823318777ntouromlalnodry--naod.sqlite-shm,FileEvent,Delete,2021-10-09 16:24:24.699,0
C:\Users\jpdz\AppData\Roaming\Mozilla\Firefox\Profiles\uzjxbbj5.default-release\storage\permanent\chrome\idb\2823318777ntouromlalnodry--naod.sqlite-shm,"""C:\Program Files\Mozilla Firefox\firefox.exe"" ziraatbank.com.tr
PID:3680",FileEvent,Read,2021-10-09 16:24:12.581,65536
C:\Users\jpdz\AppData\Roaming\Mozilla\Firefox\Profiles\uzjxbbj5.default-release\storage\ls-archive.sqlite,"""C:\Program Files\Mozilla Firefox\firefox.exe"" ziraatbank.com.tr
PID:3680",FileEvent,Read,2021-10-09 16:24:09.906,65684
"""C:\Program Files\Mozilla Firefox\firefox.exe"" ziraatbank.com.tr
PID:3680",C:\Users\jpdz\AppData\Roaming\Mozilla\Firefox\Profiles\uzjxbbj5.default-release\places.sqlite-wal,FileEvent,Write,2021-10-09 16:24:10.218,4128
"""C:\Program Files\Mozilla Firefox\firefox.exe"" ziraatbank.com.tr
PID:3680",C:\Users\jpdz\AppData\Roaming\Mozilla\Firefox\Profiles\uzjxbbj5.default-release\places.sqlite-wal,FileEvent,Write,2021-10-09 16:24:11.991,950752
C:\Users\jpdz\AppData\Roaming\Mozilla\Firefox\Profiles\uzjxbbj5.default-release\places.sqlite-wal,"""C:\Program Files\Mozilla Firefox\firefox.exe"" ziraatbank.com.tr
PID:3680",FileEvent,Read,2021-10-09 16:24:19.726,262144
"""C:\Program Files\Mozilla Firefox\firefox.exe"" ziraatbank.com.tr
PID:3680","""C:\Program Files\Mozilla Firefox\firefox.exe"" -contentproc --channel=""3680.5.2074018233\1142704398"" -parentBuildID 20210927210923 -prefsHandle 3084 -prefMapHandle 3048 -prefsLen 9071 -prefMapSize 252743 -appdir ""C:\Program Files\Mozilla Firefox\browser"" - 3680 ""\\.\pipe\gecko-crash-server-pipe.3680"" 3096 cfb5b48 rdd
PID:2368",ProcessEvent,Create,2021-10-09 16:24:12.540,
C:\Users\jpdz\AppData\Local\Mozilla\Firefox\Profiles\uzjxbbj5.default-release\safebrowsing\ads-track-digest256.vlpset,"""C:\Program Files\Mozilla Firefox\firefox.exe"" ziraatbank.com.tr
PID:3680",FileEvent,Read,2021-10-09 16:24:10.235,55877
C:\Users\jpdz\AppData\Local\Mozilla\Firefox\Profiles\uzjxbbj5.default-release\safebrowsing\analytics-track-digest256.vlpset,"""C:\Program Files\Mozilla Firefox\firefox.exe"" ziraatbank.com.tr
PID:3680",FileEvent,Read,2021-10-09 16:24:10.235,10021
C:\Users\jpdz\AppData\Roaming\Mozilla\Firefox\Profiles\uzjxbbj5.default-release\prefs.js,"""C:\Program Files\Mozilla Firefox\firefox.exe"" ziraatbank.com.tr
PID:3680",FileEvent,Read,2021-10-09 16:24:09.641,20224
"""C:\Program Files\Mozilla Firefox\firefox.exe"" ziraatbank.com.tr
PID:3680",23.74.15.72,IpChannelEvent,TcpIpConnect,2021-10-09 16:24:12.630,0
23.74.15.72,"""C:\Program Files\Mozilla Firefox\firefox.exe"" ziraatbank.com.tr
PID:3680",IpChannelEvent,TcpIpRecv,2021-10-09 16:24:12.668,889
"""C:\Program Files\Mozilla Firefox\firefox.exe"" ziraatbank.com.tr
PID:3680",23.74.15.72,IpChannelEvent,TcpIpSend,2021-10-09 16:24:12.668,455
"""C:\Program Files\Mozilla Firefox\firefox.exe"" ziraatbank.com.tr
PID:3680",194.24.224.10,IpChannelEvent,TcpIpConnect,2021-10-09 16:24:20.342,0
"""C:\Program Files\Mozilla Firefox\firefox.exe"" ziraatbank.com.tr
PID:3680",194.24.224.10,IpChannelEvent,TcpIpDisconnect,2021-10-09 16:24:21.675,0
"""C:\Program Files\Mozilla Firefox\firefox.exe"" ziraatbank.com.tr
PID:3680",194.24.224.10,IpChannelEvent,TcpIpSend,2021-10-09 16:24:20.560,1435
194.24.224.10,"""C:\Program Files\Mozilla Firefox\firefox.exe"" ziraatbank.com.tr
PID:3680",IpChannelEvent,TcpIpRecv,2021-10-09 16:24:20.626,34431
"""C:\Program Files\Mozilla Firefox\firefox.exe"" ziraatbank.com.tr
PID:3680",C:\Users\jpdz\AppData\Roaming\Mozilla\Firefox\Profiles\uzjxbbj5.default-release\datareporting\glean\pending_pings\49a7192a-726d-4a7b-9c37-91706ee60bf7,FileEvent,Delete,2021-10-09 16:24:17.833,0
C:\Users\jpdz\AppData\Roaming\Mozilla\Firefox\Profiles\uzjxbbj5.default-release\datareporting\glean\pending_pings\49a7192a-726d-4a7b-9c37-91706ee60bf7,"""C:\Program Files\Mozilla Firefox\firefox.exe"" ziraatbank.com.tr
PID:3680",FileEvent,Read,2021-10-09 16:24:17.576,49152
"""C:\Program Files\Mozilla Firefox\firefox.exe"" ziraatbank.com.tr
PID:3680",C:\Users\jpdz\AppData\Roaming\Mozilla\Firefox\Profiles\uzjxbbj5.default-release\sessionCheckpoints.json.tmp,FileEvent,Write,2021-10-09 16:24:09.799,143
C:\Users\jpdz\AppData\Local\Mozilla\Firefox\Profiles\uzjxbbj5.default-release\safebrowsing\allow-flashallow-digest256.vlpset,"""C:\Program Files\Mozilla Firefox\firefox.exe"" ziraatbank.com.tr
PID:3680",FileEvent,Read,2021-10-09 16:24:10.235,69
"""C:\Program Files\Mozilla Firefox\firefox.exe"" ziraatbank.com.tr
PID:3680",C:\Users\jpdz\AppData\Roaming\Mozilla\Firefox\Profiles\uzjxbbj5.default-release\cookies.sqlite-shm,FileEvent,Delete,2021-10-09 16:24:09.765,0
C:\Users\jpdz\AppData\Roaming\Mozilla\Firefox\Profiles\uzjxbbj5.default-release\cookies.sqlite-shm,"""C:\Program Files\Mozilla Firefox\firefox.exe"" ziraatbank.com.tr
PID:3680",FileEvent,Read,2021-10-09 16:24:09.765,65536
C:\Users\jpdz\AppData\Roaming\Mozilla\Firefox\Profiles\UZJXBB~1.DEF\cert9.db,"""C:\Program Files\Mozilla Firefox\firefox.exe"" ziraatbank.com.tr
PID:3680",FileEvent,Read,2021-10-09 16:24:09.928,131444
C:\Users\jpdz\AppData\Roaming\Mozilla\Firefox\Profiles\UZJXBB~1.DEF\cert9.db,"""C:\Program Files\Mozilla Firefox\firefox.exe"" ziraatbank.com.tr
PID:3680",FileEvent,Read,2021-10-09 16:24:10.340,8240
C:\Users\jpdz\AppData\Roaming\Mozilla\Firefox\Profiles\uzjxbbj5.default-release\places.sqlite,"""C:\Program Files\Mozilla Firefox\firefox.exe"" ziraatbank.com.tr
PID:3680",FileEvent,Read,2021-10-09 16:24:10.214,196708
C:\Users\jpdz\AppData\Roaming\Mozilla\Firefox\Profiles\uzjxbbj5.default-release\places.sqlite,"""C:\Program Files\Mozilla Firefox\firefox.exe"" ziraatbank.com.tr
PID:3680",FileEvent,Read,2021-10-09 16:24:12.23,917704
"""C:\Program Files\Mozilla Firefox\firefox.exe"" ziraatbank.com.tr
PID:3680",C:\Users\jpdz\AppData\Roaming\Mozilla\Firefox\Profiles\uzjxbbj5.default-release\storage\permanent\chrome\idb\1451318868ntouromlalnodry--epcr.sqlite-wal,FileEvent,Delete,2021-10-09 16:24:09.912,0
"""C:\Program Files\Mozilla Firefox\firefox.exe"" ziraatbank.com.tr
PID:3680",C:\Users\jpdz\AppData\Roaming\Mozilla\Firefox\Profiles\uzjxbbj5.default-release\storage\permanent\chrome\idb\1451318868ntouromlalnodry--epcr.sqlite-wal,FileEvent,Delete,2021-10-09 16:24:24.121,0
C:\Windows\system32\zh-CN\hid.dll.mui,"""C:\Program Files\Mozilla Firefox\firefox.exe"" ziraatbank.com.tr
PID:3680",FileEvent,Read,2021-10-09 16:24:33.472,4096
C:\Users\jpdz\AppData\Roaming\Mozilla\Firefox\Profiles\uzjxbbj5.default-release\containers.json,"""C:\Program Files\Mozilla Firefox\firefox.exe"" ziraatbank.com.tr
PID:3680",FileEvent,Read,2021-10-09 16:24:12.164,939
"""C:\Program Files\Mozilla Firefox\firefox.exe"" ziraatbank.com.tr
PID:3680",194.24.224.10,IpChannelEvent,TcpIpConnect,2021-10-09 16:24:10.920,0
"""C:\Program Files\Mozilla Firefox\firefox.exe"" ziraatbank.com.tr
PID:3680",194.24.224.10,IpChannelEvent,TcpIpDisconnect,2021-10-09 16:24:17.856,0
"""C:\Program Files\Mozilla Firefox\firefox.exe"" ziraatbank.com.tr
PID:3680",87.250.251.119,IpChannelEvent,TcpIpConnect,2021-10-09 16:24:30.687,0
"""C:\Program Files\Mozilla Firefox\firefox.exe"" ziraatbank.com.tr
PID:3680",87.250.251.119,IpChannelEvent,TcpIpDisconnect,2021-10-09 16:24:32.418,0
"""C:\Program Files\Mozilla Firefox\firefox.exe"" ziraatbank.com.tr
PID:3680",87.250.251.119,IpChannelEvent,TcpIpSend,2021-10-09 16:24:30.869,808
87.250.251.119,"""C:\Program Files\Mozilla Firefox\firefox.exe"" ziraatbank.com.tr
PID:3680",IpChannelEvent,TcpIpRecv,2021-10-09 16:24:30.987,4982
"""C:\Program Files\Mozilla Firefox\firefox.exe"" ziraatbank.com.tr
PID:3680",C:\ProgramData\Mozilla\updates\308046B0AF4A39CB\update.test,FileEvent,Delete,2021-10-09 16:24:17.635,0
"""C:\Program Files\Mozilla Firefox\firefox.exe"" ziraatbank.com.tr
PID:3680",C:\Users\jpdz\AppData\Roaming\Mozilla\Firefox\Profiles\uzjxbbj5.default-release\datareporting\glean\pending_pings\55f181b0-206e-4a6b-a102-0ec014e2ee43,FileEvent,Delete,2021-10-09 16:24:18.51,0
C:\Users\jpdz\AppData\Roaming\Mozilla\Firefox\Profiles\uzjxbbj5.default-release\datareporting\glean\pending_pings\55f181b0-206e-4a6b-a102-0ec014e2ee43,"""C:\Program Files\Mozilla Firefox\firefox.exe"" ziraatbank.com.tr
PID:3680",FileEvent,Read,2021-10-09 16:24:17.581,49152
"""C:\Program Files\Mozilla Firefox\firefox.exe"" ziraatbank.com.tr
PID:3680",C:\Users\jpdz\AppData\Roaming\Mozilla\Firefox\Profiles\uzjxbbj5.default-release\broadcast-listeners.json.tmp,FileEvent,Write,2021-10-09 16:24:22.678,216
"""C:\Program Files\Mozilla Firefox\firefox.exe"" ziraatbank.com.tr
PID:3680","""C:\Program Files\Mozilla Firefox\firefox.exe"" -contentproc --channel=""3680.10.156501129\1122172986"" -parentBuildID 20210927210923 -prefsHandle 7792 -prefMapHandle 2596 -prefsLen 14575 -prefMapSize 252743 -appdir ""C:\Program Files\Mozilla Firefox\browser"" - 3680 ""\\.\pipe\gecko-crash-server-pipe.3680"" 3340 266fd0f8 socket
PID:3120",ProcessEvent,Create,2021-10-09 16:24:34.62,
"""C:\Program Files\Mozilla Firefox\firefox.exe"" ziraatbank.com.tr
PID:3680",C:\Users\jpdz\AppData\Roaming\Mozilla\Firefox\Profiles\uzjxbbj5.default-release\storage\permanent\chrome\idb\1451318868ntouromlalnodry--epcr.sqlite-shm,FileEvent,Delete,2021-10-09 16:24:09.911,0
C:\Users\jpdz\AppData\Roaming\Mozilla\Firefox\Profiles\uzjxbbj5.default-release\storage\permanent\chrome\idb\1451318868ntouromlalnodry--epcr.sqlite-shm,"""C:\Program Files\Mozilla Firefox\firefox.exe"" ziraatbank.com.tr
PID:3680",FileEvent,Read,2021-10-09 16:24:09.911,65536
"""C:\Program Files\Mozilla Firefox\firefox.exe"" ziraatbank.com.tr
PID:3680",C:\Users\jpdz\AppData\Roaming\Mozilla\Firefox\Profiles\uzjxbbj5.default-release\storage\permanent\chrome\idb\1451318868ntouromlalnodry--epcr.sqlite-shm,FileEvent,Delete,2021-10-09 16:24:24.121,0
C:\Users\jpdz\AppData\Roaming\Mozilla\Firefox\Profiles\uzjxbbj5.default-release\favicons.sqlite,"""C:\Program Files\Mozilla Firefox\firefox.exe"" ziraatbank.com.tr
PID:3680",FileEvent,Read,2021-10-09 16:24:10.215,98404
C:\Users\jpdz\AppData\Roaming\Mozilla\Firefox\Profiles\uzjxbbj5.default-release\favicons.sqlite,"""C:\Program Files\Mozilla Firefox\firefox.exe"" ziraatbank.com.tr
PID:3680",FileEvent,Read,2021-10-09 16:24:12.24,458952
C:\Program Files\Mozilla Firefox\api-ms-win-crt-time-l1-1-0.dll,"""C:\Program Files\Mozilla Firefox\firefox.exe"" ziraatbank.com.tr
PID:3680",FileEvent,Read,2021-10-09 16:24:09.569,65536
"""C:\Program Files\Mozilla Firefox\firefox.exe"" ziraatbank.com.tr
PID:3680",115.157.63.19,IpChannelEvent,TcpIpConnect,2021-10-09 16:24:19.375,0
"""C:\Program Files\Mozilla Firefox\firefox.exe"" ziraatbank.com.tr
PID:3680",115.157.63.19,IpChannelEvent,TcpIpDisconnect,2021-10-09 16:24:19.447,0
"""C:\Program Files\Mozilla Firefox\firefox.exe"" ziraatbank.com.tr
PID:3680",115.157.63.19,IpChannelEvent,TcpIpSend,2021-10-09 16:24:19.407,811
115.157.63.19,"""C:\Program Files\Mozilla Firefox\firefox.exe"" ziraatbank.com.tr
PID:3680",IpChannelEvent,TcpIpRecv,2021-10-09 16:24:19.407,4435
C:\Users\jpdz\AppData\Local\Mozilla\Firefox\Profiles\uzjxbbj5.default-release\safebrowsing\mozstd-trackwhite-digest256.sbstore,"""C:\Program Files\Mozilla Firefox\firefox.exe"" ziraatbank.com.tr
PID:3680",FileEvent,Read,2021-10-09 16:24:12.174,9969
"""C:\Program Files\Mozilla Firefox\firefox.exe"" ziraatbank.com.tr
PID:3680",194.24.224.10,IpChannelEvent,TcpIpConnect,2021-10-09 16:24:23.261,0
"""C:\Program Files\Mozilla Firefox\firefox.exe"" ziraatbank.com.tr
PID:3680",194.24.224.10,IpChannelEvent,TcpIpSend,2021-10-09 16:24:23.327,3817
194.24.224.10,"""C:\Program Files\Mozilla Firefox\firefox.exe"" ziraatbank.com.tr
PID:3680",IpChannelEvent,TcpIpRecv,2021-10-09 16:24:23.564,1220369
C:\Users\jpdz\AppData\Roaming\Mozilla\Firefox\Crash Reports\InstallTime20210927210923,"""C:\Program Files\Mozilla Firefox\firefox.exe"" ziraatbank.com.tr
PID:3680",FileEvent,Read,2021-10-09 16:24:09.627,10
C:\Users\jpdz\AppData\Local\Mozilla\Firefox\Profiles\uzjxbbj5.default-release\safebrowsing\block-flashsubdoc-digest256.vlpset,"""C:\Program Files\Mozilla Firefox\firefox.exe"" ziraatbank.com.tr
PID:3680",FileEvent,Read,2021-10-09 16:24:10.236,262144
C:\Users\jpdz\AppData\Roaming\Mozilla\Firefox\Profiles\uzjxbbj5.default-release\storage.sqlite,"""C:\Program Files\Mozilla Firefox\firefox.exe"" ziraatbank.com.tr
PID:3680",FileEvent,Read,2021-10-09 16:24:09.906,2180
"""C:\Program Files\Mozilla Firefox\firefox.exe"" ziraatbank.com.tr
PID:3680",C:\Users\jpdz\AppData\Roaming\Mozilla\Firefox\Profiles\uzjxbbj5.default-release\storage.sqlite,FileEvent,Write,2021-10-09 16:24:18.758,4096
C:\Users\jpdz\AppData\Roaming\Mozilla\Firefox\Profiles\uzjxbbj5.default-release\storage.sqlite,"""C:\Program Files\Mozilla Firefox\firefox.exe"" ziraatbank.com.tr
PID:3680",FileEvent,Read,2021-10-09 16:24:12.695,3120
"""C:\Program Files\Mozilla Firefox\firefox.exe"" ziraatbank.com.tr
PID:3680",194.24.224.10,IpChannelEvent,TcpIpConnect,2021-10-09 16:24:23.526,0
"""C:\Program Files\Mozilla Firefox\firefox.exe"" ziraatbank.com.tr
PID:3680",194.24.224.10,IpChannelEvent,TcpIpSend,2021-10-09 16:24:23.578,3131
194.24.224.10,"""C:\Program Files\Mozilla Firefox\firefox.exe"" ziraatbank.com.tr
PID:3680",IpChannelEvent,TcpIpRecv,2021-10-09 16:24:23.797,1147836
C:\Users\jpdz\AppData\Roaming\Mozilla\Firefox\Profiles\uzjxbbj5.default-release\storage\default\moz-extension+++7b7c287d-b9ee-4c40-99c0-63c5bd847cee^userContextId=4294967295\idb\3647222921wleabcEoxlt-eengsairo.sqlite,"""C:\Program Files\Mozilla Firefox\firefox.exe"" ziraatbank.com.tr
PID:3680",FileEvent,Read,2021-10-09 16:24:18.986,37064
"""C:\Program Files\Mozilla Firefox\firefox.exe"" ziraatbank.com.tr
PID:3680",117.18.237.29,IpChannelEvent,TcpIpConnect,2021-10-09 16:24:12.191,0
"""C:\Program Files\Mozilla Firefox\firefox.exe"" ziraatbank.com.tr
PID:3680",117.18.237.29,IpChannelEvent,TcpIpSend,2021-10-09 16:24:12.589,1368
117.18.237.29,"""C:\Program Files\Mozilla Firefox\firefox.exe"" ziraatbank.com.tr
PID:3680",IpChannelEvent,TcpIpRecv,2021-10-09 16:24:12.589,2395
"""C:\Program Files\Mozilla Firefox\firefox.exe"" ziraatbank.com.tr
PID:3680",C:\Users\jpdz\AppData\Local\Mozilla\Firefox\Profiles\uzjxbbj5.default-release\activity-stream.discovery_stream.json.tmp,FileEvent,Write,2021-10-09 16:24:12.19,245574
C:\Windows\System32\msdmo.dll,"""C:\Program Files\Mozilla Firefox\firefox.exe"" ziraatbank.com.tr
PID:3680",FileEvent,Read,2021-10-09 16:24:33.372,32768
"""C:\Program Files\Mozilla Firefox\firefox.exe"" ziraatbank.com.tr
PID:3680",194.24.224.10,IpChannelEvent,TcpIpConnect,2021-10-09 16:24:19.297,0
"""C:\Program Files\Mozilla Firefox\firefox.exe"" ziraatbank.com.tr
PID:3680",194.24.224.10,IpChannelEvent,TcpIpDisconnect,2021-10-09 16:24:21.757,0
"""C:\Program Files\Mozilla Firefox\firefox.exe"" ziraatbank.com.tr
PID:3680",194.24.224.10,IpChannelEvent,TcpIpSend,2021-10-09 16:24:19.542,1888
194.24.224.10,"""C:\Program Files\Mozilla Firefox\firefox.exe"" ziraatbank.com.tr
PID:3680",IpChannelEvent,TcpIpRecv,2021-10-09 16:24:19.590,16935
"""C:\Program Files\Mozilla Firefox\firefox.exe"" ziraatbank.com.tr
PID:3680",C:\Users\jpdz\AppData\Roaming\Mozilla\Firefox\Profiles\uzjxbbj5.default-release\storage\permanent\chrome\idb\3561288849sdhlie.sqlite-shm,FileEvent,Delete,2021-10-09 16:24:12.531,0
"""C:\Program Files\Mozilla Firefox\firefox.exe"" ziraatbank.com.tr
PID:3680",C:\Users\jpdz\AppData\Roaming\Mozilla\Firefox\Profiles\uzjxbbj5.default-release\storage\permanent\chrome\idb\3561288849sdhlie.sqlite-shm,FileEvent,Delete,2021-10-09 16:24:24.146,0
C:\Users\jpdz\AppData\Roaming\Mozilla\Firefox\Profiles\uzjxbbj5.default-release\storage\permanent\chrome\idb\3561288849sdhlie.sqlite-shm,"""C:\Program Files\Mozilla Firefox\firefox.exe"" ziraatbank.com.tr
PID:3680",FileEvent,Read,2021-10-09 16:24:12.530,65536
C:\Users\jpdz\AppData\Roaming\Mozilla\Firefox\Profiles\uzjxbbj5.default-release\gmp-widevinecdm\4.10.2209.1\manifest.json,"""C:\Program Files\Mozilla Firefox\firefox.exe"" ziraatbank.com.tr
PID:3680",FileEvent,Read,2021-10-09 16:24:10.6,373
"""C:\Program Files\Mozilla Firefox\firefox.exe"" ziraatbank.com.tr
PID:3680",C:\Users\jpdz\AppData\Roaming\Mozilla\Firefox\Profiles\uzjxbbj5.default-release\extension-settings.json.tmp,FileEvent,Write,2021-10-09 16:24:13.567,284
"""C:\Program Files\Mozilla Firefox\firefox.exe"" ziraatbank.com.tr
PID:3680",C:\Users\jpdz\AppData\Local\Mozilla\Firefox\Profiles\uzjxbbj5.default-release\cache2\entries\4896EA36B7D5A6E898CE410C978014A87DDB2837,FileEvent,Write,2021-10-09 16:24:17.627,2082
"""C:\Program Files\Mozilla Firefox\firefox.exe"" ziraatbank.com.tr
PID:3680",194.24.224.10,IpChannelEvent,TcpIpConnect,2021-10-09 16:24:17.847,0
"""C:\Program Files\Mozilla Firefox\firefox.exe"" ziraatbank.com.tr
PID:3680",194.24.224.10,IpChannelEvent,TcpIpSend,2021-10-09 16:24:18.31,312
194.24.224.10,"""C:\Program Files\Mozilla Firefox\firefox.exe"" ziraatbank.com.tr
PID:3680",IpChannelEvent,TcpIpRecv,2021-10-09 16:24:18.100,130
"""C:\Program Files\Mozilla Firefox\firefox.exe"" ziraatbank.com.tr
PID:3680",117.18.237.29,IpChannelEvent,TcpIpConnect,2021-10-09 16:24:12.736,0
"""C:\Program Files\Mozilla Firefox\firefox.exe"" ziraatbank.com.tr
PID:3680",117.18.237.29,IpChannelEvent,TcpIpDisconnect,2021-10-09 16:24:18.664,0
"""C:\Program Files\Mozilla Firefox\firefox.exe"" ziraatbank.com.tr
PID:3680",117.18.237.29,IpChannelEvent,TcpIpConnect,2021-10-09 16:24:12.640,0
"""C:\Program Files\Mozilla Firefox\firefox.exe"" ziraatbank.com.tr
PID:3680",117.18.237.29,IpChannelEvent,TcpIpDisconnect,2021-10-09 16:24:18.660,0
C:\Users\jpdz\AppData\Roaming\Mozilla\Firefox\Profiles\uzjxbbj5.default-release\SiteSecurityServiceState.txt,"""C:\Program Files\Mozilla Firefox\firefox.exe"" ziraatbank.com.tr
PID:3680",FileEvent,Read,2021-10-09 16:24:09.930,433
"""C:\Program Files\Mozilla Firefox\firefox.exe"" ziraatbank.com.tr
PID:3680",194.24.224.10,IpChannelEvent,TcpIpConnect,2021-10-09 16:24:18.370,0
"""C:\Program Files\Mozilla Firefox\firefox.exe"" ziraatbank.com.tr
PID:3680",194.24.224.10,IpChannelEvent,TcpIpSend,2021-10-09 16:24:18.536,1011
194.24.224.10,"""C:\Program Files\Mozilla Firefox\firefox.exe"" ziraatbank.com.tr
PID:3680",IpChannelEvent,TcpIpRecv,2021-10-09 16:24:18.657,5790
C:\Users\jpdz\AppData\Roaming\Mozilla\Firefox\Profiles\uzjxbbj5.default-release\addons.json,"""C:\Program Files\Mozilla Firefox\firefox.exe"" ziraatbank.com.tr
PID:3680",FileEvent,Read,2021-10-09 16:24:13.569,1022
"""C:\Program Files\Mozilla Firefox\firefox.exe"" ziraatbank.com.tr
PID:3680",125.76.247.238,IpChannelEvent,TcpIpConnect,2021-10-09 16:24:19.841,0
125.76.247.238,"""C:\Program Files\Mozilla Firefox\firefox.exe"" ziraatbank.com.tr
PID:3680",IpChannelEvent,TcpIpRecv,2021-10-09 16:24:19.869,2188
"""C:\Program Files\Mozilla Firefox\firefox.exe"" ziraatbank.com.tr
PID:3680",125.76.247.238,IpChannelEvent,TcpIpSend,2021-10-09 16:24:19.869,478
"""C:\Program Files\Mozilla Firefox\firefox.exe"" ziraatbank.com.tr
PID:3680",194.24.224.10,IpChannelEvent,TcpIpConnect,2021-10-09 16:24:23.245,0
"""C:\Program Files\Mozilla Firefox\firefox.exe"" ziraatbank.com.tr
PID:3680",194.24.224.10,IpChannelEvent,TcpIpSend,2021-10-09 16:24:23.327,1335
194.24.224.10,"""C:\Program Files\Mozilla Firefox\firefox.exe"" ziraatbank.com.tr
PID:3680",IpChannelEvent,TcpIpRecv,2021-10-09 16:24:23.527,153813
C:\Users\jpdz\AppData\Local\Mozilla\Firefox\Profiles\uzjxbbj5.default-release\safebrowsing\ads-track-digest256.sbstore,"""C:\Program Files\Mozilla Firefox\firefox.exe"" ziraatbank.com.tr
PID:3680",FileEvent,Read,2021-10-09 16:24:12.173,2019
C:\Program Files\Mozilla Firefox\api-ms-win-crt-filesystem-l1-1-0.dll,"""C:\Program Files\Mozilla Firefox\firefox.exe"" ziraatbank.com.tr
PID:3680",FileEvent,Read,2021-10-09 16:24:09.569,65536
"""C:\Program Files\Mozilla Firefox\firefox.exe"" ziraatbank.com.tr
PID:3680",117.18.237.29,IpChannelEvent,TcpIpConnect,2021-10-09 16:24:18.0,0
"""C:\Program Files\Mozilla Firefox\firefox.exe"" ziraatbank.com.tr
PID:3680",117.18.237.29,IpChannelEvent,TcpIpDisconnect,2021-10-09 16:24:23.677,0
"""C:\Program Files\Mozilla Firefox\firefox.exe"" ziraatbank.com.tr
PID:3680",5.45.205.244,IpChannelEvent,TcpIpConnect,2021-10-09 16:24:31.838,0
"""C:\Program Files\Mozilla Firefox\firefox.exe"" ziraatbank.com.tr
PID:3680",5.45.205.244,IpChannelEvent,TcpIpDisconnect,2021-10-09 16:24:37.134,0
"""C:\Program Files\Mozilla Firefox\firefox.exe"" ziraatbank.com.tr
PID:3680",5.45.205.244,IpChannelEvent,TcpIpConnect,2021-10-09 16:24:31.838,0
"""C:\Program Files\Mozilla Firefox\firefox.exe"" ziraatbank.com.tr
PID:3680",5.45.205.244,IpChannelEvent,TcpIpDisconnect,2021-10-09 16:24:37.131,0
"""C:\Program Files\Mozilla Firefox\firefox.exe"" ziraatbank.com.tr
PID:3680",C:\Users\jpdz\AppData\Roaming\Mozilla\Firefox\Profiles\uzjxbbj5.default-release\storage\permanent\chrome\idb\2918063365piupsah.sqlite-wal,FileEvent,Delete,2021-10-09 16:24:12.532,0
"""C:\Program Files\Mozilla Firefox\firefox.exe"" ziraatbank.com.tr
PID:3680",C:\Users\jpdz\AppData\Roaming\Mozilla\Firefox\Profiles\uzjxbbj5.default-release\storage\permanent\chrome\idb\2918063365piupsah.sqlite-wal,FileEvent,Delete,2021-10-09 16:24:30.848,0
C:\Users\jpdz\AppData\Roaming\Microsoft\Network\Connections\Pbk\_hiddenPbk\rasphone.pbk,"""C:\Program Files\Mozilla Firefox\firefox.exe"" ziraatbank.com.tr
PID:3680",FileEvent,Read,2021-10-09 16:24:09.972,2048
"""C:\Program Files\Mozilla Firefox\firefox.exe"" ziraatbank.com.tr
PID:3680",121.194.10.91,IpChannelEvent,TcpIpConnect,2021-10-09 16:24:17.606,0
121.194.10.91,"""C:\Program Files\Mozilla Firefox\firefox.exe"" ziraatbank.com.tr
PID:3680",IpChannelEvent,TcpIpRecv,2021-10-09 16:24:17.619,647
"""C:\Program Files\Mozilla Firefox\firefox.exe"" ziraatbank.com.tr
PID:3680",121.194.10.91,IpChannelEvent,TcpIpSend,2021-10-09 16:24:17.619,326
C:\Users\jpdz\AppData\Local\Mozilla\Firefox\Profiles\uzjxbbj5.default-release\safebrowsing\social-track-digest256.sbstore,"""C:\Program Files\Mozilla Firefox\firefox.exe"" ziraatbank.com.tr
PID:3680",FileEvent,Read,2021-10-09 16:24:12.174,309
C:\Program Files\Mozilla Firefox\api-ms-win-crt-environment-l1-1-0.dll,"""C:\Program Files\Mozilla Firefox\firefox.exe"" ziraatbank.com.tr
PID:3680",FileEvent,Read,2021-10-09 16:24:09.569,65536
"""C:\Program Files\Mozilla Firefox\firefox.exe"" ziraatbank.com.tr
PID:3680",C:\Users\jpdz\AppData\Roaming\Mozilla\Firefox\Profiles\uzjxbbj5.default-release\datareporting\glean\db\data.safe.bin,FileEvent,Write,2021-10-09 16:24:17.573,46666
C:\Users\jpdz\AppData\Roaming\Mozilla\Firefox\Profiles\uzjxbbj5.default-release\datareporting\glean\db\data.safe.bin,"""C:\Program Files\Mozilla Firefox\firefox.exe"" ziraatbank.com.tr
PID:3680",FileEvent,Read,2021-10-09 16:24:13.576,2579
C:\Users\jpdz\AppData\Roaming\Mozilla\Firefox\Profiles\uzjxbbj5.default-release\storage\permanent\chrome\idb\2918063365piupsah.sqlite,"""C:\Program Files\Mozilla Firefox\firefox.exe"" ziraatbank.com.tr
PID:3680",FileEvent,Read,2021-10-09 16:24:12.531,41160
C:\Users\jpdz\AppData\Roaming\Mozilla\Firefox\profiles.ini,"""C:\Program Files\Mozilla Firefox\firefox.exe"" ziraatbank.com.tr
PID:3680",FileEvent,Read,2021-10-09 16:24:09.628,305
C:\Users\jpdz\AppData\Local\Mozilla\Firefox\Profiles\uzjxbbj5.default-release\safebrowsing\except-flash-digest256.sbstore,"""C:\Program Files\Mozilla Firefox\firefox.exe"" ziraatbank.com.tr
PID:3680",FileEvent,Read,2021-10-09 16:24:12.174,240
C:\Users\jpdz\AppData\Local\Mozilla\Firefox\Profiles\uzjxbbj5.default-release\safebrowsing\except-flash-digest256.vlpset,"""C:\Program Files\Mozilla Firefox\firefox.exe"" ziraatbank.com.tr
PID:3680",FileEvent,Read,2021-10-09 16:24:10.236,101
C:\Users\jpdz\AppData\Local\Mozilla\Firefox\Profiles\uzjxbbj5.default-release\safebrowsing\google4\goog-downloadwhite-proto.metadata,"""C:\Program Files\Mozilla Firefox\firefox.exe"" ziraatbank.com.tr
PID:3680",FileEvent,Read,2021-10-09 16:24:12.175,69
C:\Windows\System32\msacm32.dll,"""C:\Program Files\Mozilla Firefox\firefox.exe"" ziraatbank.com.tr
PID:3680",FileEvent,Read,2021-10-09 16:24:33.342,32768
"""C:\Program Files\Mozilla Firefox\firefox.exe"" ziraatbank.com.tr
PID:3680",C:\Users\jpdz\AppData\Roaming\Mozilla\Firefox\Profiles\uzjxbbj5.default-release\storage\permanent\chrome\idb\3870112724rsegmnoittet-es.sqlite-wal,FileEvent,Delete,2021-10-09 16:24:09.910,0
"""C:\Program Files\Mozilla Firefox\firefox.exe"" ziraatbank.com.tr
PID:3680",C:\Users\jpdz\AppData\Roaming\Mozilla\Firefox\Profiles\uzjxbbj5.default-release\storage\permanent\chrome\idb\3870112724rsegmnoittet-es.sqlite-wal,FileEvent,Delete,2021-10-09 16:24:39.480,0
C:\Users\jpdz\AppData\Roaming\Mozilla\Firefox\Profiles\uzjxbbj5.default-release\storage\permanent\chrome\idb\3870112724rsegmnoittet-es.sqlite-wal,"""C:\Program Files\Mozilla Firefox\firefox.exe"" ziraatbank.com.tr
PID:3680",FileEvent,Read,2021-10-09 16:24:20.330,434176
"""C:\Program Files\Mozilla Firefox\firefox.exe"" ziraatbank.com.tr
PID:3680",C:\Users\jpdz\AppData\Roaming\Mozilla\Firefox\Profiles\uzjxbbj5.default-release\storage\permanent\chrome\idb\3870112724rsegmnoittet-es.sqlite-wal,FileEvent,Write,2021-10-09 16:24:19.755,1022832
"""C:\Program Files\Mozilla Firefox\firefox.exe"" ziraatbank.com.tr
PID:3680",C:\Users\jpdz\AppData\Roaming\Mozilla\Firefox\Profiles\uzjxbbj5.default-release\storage\permanent\chrome\idb\1657114595AmcateirvtiSty.sqlite-shm,FileEvent,Delete,2021-10-09 16:24:10.165,0
C:\Users\jpdz\AppData\Roaming\Mozilla\Firefox\Profiles\uzjxbbj5.default-release\storage\permanent\chrome\idb\1657114595AmcateirvtiSty.sqlite-shm,"""C:\Program Files\Mozilla Firefox\firefox.exe"" ziraatbank.com.tr
PID:3680",FileEvent,Read,2021-10-09 16:24:10.165,65536
"""C:\Program Files\Mozilla Firefox\firefox.exe"" ziraatbank.com.tr
PID:3680",C:\Users\jpdz\AppData\Roaming\Mozilla\Firefox\Profiles\uzjxbbj5.default-release\storage\permanent\chrome\idb\1657114595AmcateirvtiSty.sqlite-shm,FileEvent,Delete,2021-10-09 16:24:32.646,0
C:\Users\jpdz\AppData\Local\Mozilla\Firefox\Profiles\uzjxbbj5.default-release\safebrowsing\social-tracking-protection-facebook-digest256.sbstore,"""C:\Program Files\Mozilla Firefox\firefox.exe"" ziraatbank.com.tr
PID:3680",FileEvent,Read,2021-10-09 16:24:12.174,256
"""C:\Program Files\Mozilla Firefox\firefox.exe"" ziraatbank.com.tr
PID:3680",117.18.237.29,IpChannelEvent,TcpIpConnect,2021-10-09 16:24:12.246,0
"""C:\Program Files\Mozilla Firefox\firefox.exe"" ziraatbank.com.tr
PID:3680",117.18.237.29,IpChannelEvent,TcpIpSend,2021-10-09 16:24:12.617,912
117.18.237.29,"""C:\Program Files\Mozilla Firefox\firefox.exe"" ziraatbank.com.tr
PID:3680",IpChannelEvent,TcpIpRecv,2021-10-09 16:24:12.617,1597
"""C:\Program Files\Mozilla Firefox\firefox.exe"" ziraatbank.com.tr
PID:3680",C:\Users\jpdz\AppData\Roaming\Mozilla\Firefox\Profiles\uzjxbbj5.default-release\addonStartup.json.lz4.tmp,FileEvent,Write,2021-10-09 16:24:17.565,11178
"""C:\Program Files\Mozilla Firefox\firefox.exe"" ziraatbank.com.tr
PID:3680",C:\Users\jpdz\AppData\Local\Mozilla\Firefox\Profiles\uzjxbbj5.default-release\cache2\entries\3B2DB0CC02AD1DD0C4C39368E12A8E60370437C4,FileEvent,Write,2021-10-09 16:24:19.22,49257
C:\Users\jpdz\AppData\Local\Mozilla\Firefox\Profiles\uzjxbbj5.default-release\cache2\entries\3B2DB0CC02AD1DD0C4C39368E12A8E60370437C4,"""C:\Program Files\Mozilla Firefox\firefox.exe"" ziraatbank.com.tr
PID:3680",FileEvent,Read,2021-10-09 16:24:19.21,10113
C:\Users\jpdz\AppData\Roaming\Mozilla\Firefox\Profiles\uzjxbbj5.default-release\gmp-gmpopenh264\1.8.1.1\gmpopenh264.info,"""C:\Program Files\Mozilla Firefox\firefox.exe"" ziraatbank.com.tr
PID:3680",FileEvent,Read,2021-10-09 16:24:10.6,116
C:\Users\jpdz\AppData\Roaming\Mozilla\Firefox\Profiles\uzjxbbj5.default-release\broadcast-listeners.json,"""C:\Program Files\Mozilla Firefox\firefox.exe"" ziraatbank.com.tr
PID:3680",FileEvent,Read,2021-10-09 16:24:12.688,216
"""C:\Program Files\Mozilla Firefox\firefox.exe"" ziraatbank.com.tr
PID:3680",34.107.221.82,IpChannelEvent,TcpIpConnect,2021-10-09 16:24:12.107,0
34.107.221.82,"""C:\Program Files\Mozilla Firefox\firefox.exe"" ziraatbank.com.tr
PID:3680",IpChannelEvent,TcpIpRecv,2021-10-09 16:24:12.172,440
"""C:\Program Files\Mozilla Firefox\firefox.exe"" ziraatbank.com.tr
PID:3680",34.107.221.82,IpChannelEvent,TcpIpSend,2021-10-09 16:24:12.172,670
C:\Program Files\Mozilla Firefox\api-ms-win-crt-string-l1-1-0.dll,"""C:\Program Files\Mozilla Firefox\firefox.exe"" ziraatbank.com.tr
PID:3680",FileEvent,Read,2021-10-09 16:24:09.569,65536
"""C:\Program Files\Mozilla Firefox\firefox.exe"" ziraatbank.com.tr
PID:3680",194.24.224.10,IpChannelEvent,TcpIpConnect,2021-10-09 16:24:23.237,0
"""C:\Program Files\Mozilla Firefox\firefox.exe"" ziraatbank.com.tr
PID:3680",194.24.224.10,IpChannelEvent,TcpIpSend,2021-10-09 16:24:23.327,4588
194.24.224.10,"""C:\Program Files\Mozilla Firefox\firefox.exe"" ziraatbank.com.tr
PID:3680",IpChannelEvent,TcpIpRecv,2021-10-09 16:24:23.499,194795
"""C:\Program Files\Mozilla Firefox\firefox.exe"" ziraatbank.com.tr
PID:3680",115.157.63.19,IpChannelEvent,TcpIpConnect,2021-10-09 16:24:10.279,0
"""C:\Program Files\Mozilla Firefox\firefox.exe"" ziraatbank.com.tr
PID:3680",115.157.63.19,IpChannelEvent,TcpIpSend,2021-10-09 16:24:10.312,517
115.157.63.19,"""C:\Program Files\Mozilla Firefox\firefox.exe"" ziraatbank.com.tr
PID:3680",IpChannelEvent,TcpIpRecv,2021-10-09 16:24:10.312,3462
"""C:\Program Files\Mozilla Firefox\firefox.exe"" ziraatbank.com.tr
PID:3680",115.157.63.19,IpChannelEvent,TcpIpDisconnect,2021-10-09 16:24:17.612,0
115.157.63.19,"""C:\Program Files\Mozilla Firefox\firefox.exe"" ziraatbank.com.tr
PID:3680",IpChannelEvent,TcpIpRecv,2021-10-09 16:24:10.338,311
"""C:\Program Files\Mozilla Firefox\firefox.exe"" ziraatbank.com.tr
PID:3680",115.157.63.19,IpChannelEvent,TcpIpSend,2021-10-09 16:24:10.338,85
C:\Users\jpdz\AppData\Local\Mozilla\Firefox\Profiles\uzjxbbj5.default-release\cache2\entries\58076067EBEB56951E5BA3FCA84F5F2CE2203F7A,"""C:\Program Files\Mozilla Firefox\firefox.exe"" ziraatbank.com.tr
PID:3680",FileEvent,Read,2021-10-09 16:24:12.74,35583
"""C:\Program Files\Mozilla Firefox\firefox.exe"" ziraatbank.com.tr
PID:3680",C:\Users\jpdz\AppData\Local\Mozilla\Firefox\Profiles\uzjxbbj5.default-release\cache2\entries\58076067EBEB56951E5BA3FCA84F5F2CE2203F7A,FileEvent,Write,2021-10-09 16:24:12.83,120347
"""C:\Program Files\Mozilla Firefox\firefox.exe"" ziraatbank.com.tr
PID:3680",C:\Users\jpdz\AppData\Local\Temp\firefox\parent.lock,FileEvent,Delete,2021-10-09 16:24:09.806,0
"""C:\Program Files\Mozilla Firefox\firefox.exe"" ziraatbank.com.tr
PID:3680",C:\Users\jpdz\AppData\Roaming\Mozilla\Firefox\Profiles\uzjxbbj5.default-release\prefs-1.js,FileEvent,Write,2021-10-09 16:24:12.51,202088
"""C:\Program Files\Mozilla Firefox\firefox.exe"" ziraatbank.com.tr
PID:3680",13.227.53.90,IpChannelEvent,TcpIpConnect,2021-10-09 16:24:18.966,0
"""C:\Program Files\Mozilla Firefox\firefox.exe"" ziraatbank.com.tr
PID:3680",13.227.53.90,IpChannelEvent,TcpIpSend,2021-10-09 16:24:19.40,3008
13.227.53.90,"""C:\Program Files\Mozilla Firefox\firefox.exe"" ziraatbank.com.tr
PID:3680",IpChannelEvent,TcpIpRecv,2021-10-09 16:24:19.74,101770
C:\Users\jpdz\AppData\Roaming\Mozilla\Firefox\Profiles\uzjxbbj5.default-release\storage\default\moz-extension+++7b7c287d-b9ee-4c40-99c0-63c5bd847cee^userContextId=4294967295\.metadata-v2,"""C:\Program Files\Mozilla Firefox\firefox.exe"" ziraatbank.com.tr
PID:3680",FileEvent,Read,2021-10-09 16:24:12.697,512
"""C:\Program Files\Mozilla Firefox\firefox.exe"" ziraatbank.com.tr
PID:3680",C:\Users\jpdz\AppData\Roaming\Mozilla\Firefox\Profiles\uzjxbbj5.default-release\storage\default\moz-extension+++0424fd79-b62a-421f-bf32-0d1549ab34f2^userContextId=4294967295\idb\3647222921wleabcEoxlt-eengsairo.sqlite-wal,FileEvent,Delete,2021-10-09 16:24:19.27,0
"""C:\Program Files\Mozilla Firefox\firefox.exe"" ziraatbank.com.tr
PID:3680",C:\Users\jpdz\AppData\Roaming\Mozilla\Firefox\Profiles\uzjxbbj5.default-release\storage\default\moz-extension+++0424fd79-b62a-421f-bf32-0d1549ab34f2^userContextId=4294967295\idb\3647222921wleabcEoxlt-eengsairo.sqlite-wal,FileEvent,Delete,2021-10-09 16:24:32.645,0
C:\Users\jpdz\AppData\Roaming\Mozilla\Firefox\Profiles\uzjxbbj5.default-release\storage\default\moz-extension+++0424fd79-b62a-421f-bf32-0d1549ab34f2^userContextId=4294967295\idb\3647222921wleabcEoxlt-eengsairo.sqlite-wal,"""C:\Program Files\Mozilla Firefox\firefox.exe"" ziraatbank.com.tr
PID:3680",FileEvent,Read,2021-10-09 16:24:22.335,4096
"""C:\Program Files\Mozilla Firefox\firefox.exe"" ziraatbank.com.tr
PID:3680",C:\Users\jpdz\AppData\Roaming\Mozilla\Firefox\Profiles\uzjxbbj5.default-release\storage\default\moz-extension+++0424fd79-b62a-421f-bf32-0d1549ab34f2^userContextId=4294967295\idb\3647222921wleabcEoxlt-eengsairo.sqlite-wal,FileEvent,Write,2021-10-09 16:24:19.353,20560
C:\Users\jpdz\AppData\Roaming\Mozilla\Firefox\Profiles\uzjxbbj5.default-release\shield-preference-experiments.json,"""C:\Program Files\Mozilla Firefox\firefox.exe"" ziraatbank.com.tr
PID:3680",FileEvent,Read,2021-10-09 16:24:10.45,18
C:\Program Files\Mozilla Firefox\gmp-clearkey\0.1\manifest.json,"""C:\Program Files\Mozilla Firefox\firefox.exe"" ziraatbank.com.tr
PID:3680",FileEvent,Read,2021-10-09 16:24:10.6,229
C:\Users\jpdz\AppData\Local\Mozilla\Firefox\Profiles\uzjxbbj5.default-release\safebrowsing\allow-flashallow-digest256.sbstore,"""C:\Program Files\Mozilla Firefox\firefox.exe"" ziraatbank.com.tr
PID:3680",FileEvent,Read,2021-10-09 16:24:12.173,236
C:\Users\jpdz\AppData\Roaming\Mozilla\Firefox\Profiles\uzjxbbj5.default-release\times.json,"""C:\Program Files\Mozilla Firefox\firefox.exe"" ziraatbank.com.tr
PID:3680",FileEvent,Read,2021-10-09 16:24:09.825,50
"""C:\Program Files\Mozilla Firefox\firefox.exe"" ziraatbank.com.tr
PID:3680",C:\Users\jpdz\AppData\Local\Mozilla\Firefox\Profiles\uzjxbbj5.default-release\cache2\doomed\19551,FileEvent,Delete,2021-10-09 16:24:22.567,0
C:\Users\jpdz\AppData\Roaming\Mozilla\Firefox\Profiles\uzjxbbj5.default-release\storage\permanent\chrome\idb\3561288849sdhlie.sqlite,"""C:\Program Files\Mozilla Firefox\firefox.exe"" ziraatbank.com.tr
PID:3680",FileEvent,Read,2021-10-09 16:24:12.146,37064
"""C:\Program Files\Mozilla Firefox\firefox.exe"" ziraatbank.com.tr
PID:3680",5.45.205.244,IpChannelEvent,TcpIpConnect,2021-10-09 16:24:31.327,0
"""C:\Program Files\Mozilla Firefox\firefox.exe"" ziraatbank.com.tr
PID:3680",5.45.205.244,IpChannelEvent,TcpIpDisconnect,2021-10-09 16:24:36.627,0
5.45.205.244,"""C:\Program Files\Mozilla Firefox\firefox.exe"" ziraatbank.com.tr
PID:3680",IpChannelEvent,TcpIpRecv,2021-10-09 16:24:31.626,1747
"""C:\Program Files\Mozilla Firefox\firefox.exe"" ziraatbank.com.tr
PID:3680",5.45.205.244,IpChannelEvent,TcpIpSend,2021-10-09 16:24:31.371,464
"""C:\Program Files\Mozilla Firefox\firefox.exe"" ziraatbank.com.tr
PID:3680",C:\Users\jpdz\AppData\Roaming\Mozilla\Firefox\Profiles\uzjxbbj5.default-release\storage\permanent\chrome\idb\2918063365piupsah.sqlite-shm,FileEvent,Delete,2021-10-09 16:24:12.532,0
"""C:\Program Files\Mozilla Firefox\firefox.exe"" ziraatbank.com.tr
PID:3680",C:\Users\jpdz\AppData\Roaming\Mozilla\Firefox\Profiles\uzjxbbj5.default-release\storage\permanent\chrome\idb\2918063365piupsah.sqlite-shm,FileEvent,Delete,2021-10-09 16:24:30.848,0
C:\Users\jpdz\AppData\Roaming\Mozilla\Firefox\Profiles\uzjxbbj5.default-release\storage\permanent\chrome\idb\2918063365piupsah.sqlite-shm,"""C:\Program Files\Mozilla Firefox\firefox.exe"" ziraatbank.com.tr
PID:3680",FileEvent,Read,2021-10-09 16:24:12.532,65536
C:\Program Files\Mozilla Firefox\defaults\pref\channel-prefs.js,"""C:\Program Files\Mozilla Firefox\firefox.exe"" ziraatbank.com.tr
PID:3680",FileEvent,Read,2021-10-09 16:24:09.634,429
C:\Users\jpdz\AppData\Roaming\Mozilla\Firefox\Profiles\uzjxbbj5.default-release\compatibility.ini,"""C:\Program Files\Mozilla Firefox\firefox.exe"" ziraatbank.com.tr
PID:3680",FileEvent,Read,2021-10-09 16:24:09.629,194
C:\Users\jpdz\AppData\Local\Mozilla\Firefox\Profiles\uzjxbbj5.default-release\cache2\index.tmp,"""C:\Program Files\Mozilla Firefox\firefox.exe"" ziraatbank.com.tr
PID:3680",FileEvent,Read,2021-10-09 16:24:09.761,1439
C:\Users\jpdz\AppData\Roaming\Mozilla\Firefox\Profiles\uzjxbbj5.default-release\storage\permanent\chrome\idb\3870112724rsegmnoittet-es.sqlite,"""C:\Program Files\Mozilla Firefox\firefox.exe"" ziraatbank.com.tr
PID:3680",FileEvent,Read,2021-10-09 16:24:09.908,299208
"""C:\Program Files\Mozilla Firefox\firefox.exe"" ziraatbank.com.tr
PID:3680",C:\Users\jpdz\AppData\Roaming\Mozilla\Firefox\Profiles\uzjxbbj5.default-release\storage\permanent\chrome\idb\3870112724rsegmnoittet-es.sqlite,FileEvent,Write,2021-10-09 16:24:27.627,405504
C:\Users\jpdz\AppData\Roaming\Mozilla\Firefox\Profiles\uzjxbbj5.default-release\storage\permanent\chrome\idb\3870112724rsegmnoittet-es.sqlite,"""C:\Program Files\Mozilla Firefox\firefox.exe"" ziraatbank.com.tr
PID:3680",FileEvent,Read,2021-10-09 16:24:12.61,1064960
C:\Users\jpdz\AppData\Local\Mozilla\Firefox\Profiles\uzjxbbj5.default-release\safebrowsing\except-flashallow-digest256.vlpset,"""C:\Program Files\Mozilla Firefox\firefox.exe"" ziraatbank.com.tr
PID:3680",FileEvent,Read,2021-10-09 16:24:10.236,69
"""C:\Program Files\Mozilla Firefox\firefox.exe"" ziraatbank.com.tr
PID:3680",121.194.10.91,IpChannelEvent,TcpIpConnect,2021-10-09 16:24:12.142,0
121.194.10.91,"""C:\Program Files\Mozilla Firefox\firefox.exe"" ziraatbank.com.tr
PID:3680",IpChannelEvent,TcpIpRecv,2021-10-09 16:24:12.158,648
"""C:\Program Files\Mozilla Firefox\firefox.exe"" ziraatbank.com.tr
PID:3680",121.194.10.91,IpChannelEvent,TcpIpSend,2021-10-09 16:24:12.158,365
"""C:\Program Files\Mozilla Firefox\firefox.exe"" ziraatbank.com.tr
PID:3680",C:\Users\jpdz\AppData\Roaming\Mozilla\Firefox\Profiles\uzjxbbj5.default-release\storage\default\moz-extension+++0424fd79-b62a-421f-bf32-0d1549ab34f2^userContextId=4294967295\.metadata-v2,FileEvent,Write,2021-10-09 16:24:19.24,8
C:\Users\jpdz\AppData\Roaming\Mozilla\Firefox\Profiles\uzjxbbj5.default-release\storage\default\moz-extension+++0424fd79-b62a-421f-bf32-0d1549ab34f2^userContextId=4294967295\.metadata-v2,"""C:\Program Files\Mozilla Firefox\firefox.exe"" ziraatbank.com.tr
PID:3680",FileEvent,Read,2021-10-09 16:24:12.696,512
C:\Users\jpdz\AppData\Local\Mozilla\Firefox\Profiles\uzjxbbj5.default-release\safebrowsing\social-tracking-protection-twitter-digest256.vlpset,"""C:\Program Files\Mozilla Firefox\firefox.exe"" ziraatbank.com.tr
PID:3680",FileEvent,Read,2021-10-09 16:24:10.243,229
"""C:\Program Files\Mozilla Firefox\firefox.exe"" ziraatbank.com.tr
PID:3680",C:\Users\jpdz\AppData\Local\Mozilla\Firefox\Profiles\uzjxbbj5.default-release\cache2\entries\8D5C624087D20CF9D4BB5773E3F643917367F558,FileEvent,Write,2021-10-09 16:24:20.317,88587
"""C:\Program Files\Mozilla Firefox\firefox.exe"" ziraatbank.com.tr
PID:3680",125.220.192.143,IpChannelEvent,TcpIpConnect,2021-10-09 16:24:17.682,0
125.220.192.143,"""C:\Program Files\Mozilla Firefox\firefox.exe"" ziraatbank.com.tr
PID:3680",IpChannelEvent,TcpIpRecv,2021-10-09 16:24:17.712,13866
"""C:\Program Files\Mozilla Firefox\firefox.exe"" ziraatbank.com.tr
PID:3680",125.220.192.143,IpChannelEvent,TcpIpSend,2021-10-09 16:24:17.712,1187
C:\Users\jpdz\AppData\Local\Mozilla\Firefox\Profiles\uzjxbbj5.default-release\activity-stream.discovery_stream.json,"""C:\Program Files\Mozilla Firefox\firefox.exe"" ziraatbank.com.tr
PID:3680",FileEvent,Read,2021-10-09 16:24:10.218,61086
C:\ProgramData\Mozilla\updates\308046B0AF4A39CB\update-config.json,"""C:\Program Files\Mozilla Firefox\firefox.exe"" ziraatbank.com.tr
PID:3680",FileEvent,Read,2021-10-09 16:24:09.832,206
"""C:\Program Files\Mozilla Firefox\firefox.exe"" ziraatbank.com.tr
PID:3680",C:\ProgramData\Mozilla\updates\308046B0AF4A39CB\update-config.json,FileEvent,Write,2021-10-09 16:24:13.842,103
C:\ProgramData\Mozilla\updates\308046B0AF4A39CB\update-config.json,"""C:\Program Files\Mozilla Firefox\firefox.exe"" ziraatbank.com.tr
PID:3680",FileEvent,Read,2021-10-09 16:24:12.778,309
"""C:\Program Files\Mozilla Firefox\firefox.exe"" ziraatbank.com.tr
PID:3680",34.117.237.239,IpChannelEvent,TcpIpConnect,2021-10-09 16:24:12.65,0
"""C:\Program Files\Mozilla Firefox\firefox.exe"" ziraatbank.com.tr
PID:3680",34.117.237.239,IpChannelEvent,TcpIpSend,2021-10-09 16:24:12.122,1088
34.117.237.239,"""C:\Program Files\Mozilla Firefox\firefox.exe"" ziraatbank.com.tr
PID:3680",IpChannelEvent,TcpIpRecv,2021-10-09 16:24:12.122,5382
"""C:\Program Files\Mozilla Firefox\firefox.exe"" ziraatbank.com.tr
PID:3680",13.224.160.20,IpChannelEvent,TcpIpConnect,2021-10-09 16:24:12.206,0
"""C:\Program Files\Mozilla Firefox\firefox.exe"" ziraatbank.com.tr
PID:3680",13.224.160.20,IpChannelEvent,TcpIpSend,2021-10-09 16:24:12.590,1102
13.224.160.20,"""C:\Program Files\Mozilla Firefox\firefox.exe"" ziraatbank.com.tr
PID:3680",IpChannelEvent,TcpIpRecv,2021-10-09 16:24:12.590,9622
C:\Program Files\Mozilla Firefox\firefox.exe,"""C:\Program Files\Mozilla Firefox\firefox.exe"" ziraatbank.com.tr
PID:3680",FileEvent,Read,2021-10-09 16:24:09.682,3088
C:\Program Files\Mozilla Firefox\firefox.exe,"""C:\Program Files\Mozilla Firefox\firefox.exe"" ziraatbank.com.tr
PID:3680",FileEvent,Read,2021-10-09 16:24:12.540,3096
"""C:\Program Files\Mozilla Firefox\firefox.exe"" ziraatbank.com.tr
PID:3680",C:\Users\jpdz\AppData\Local\Mozilla\Firefox\Profiles\uzjxbbj5.default-release\startupCache\urlCache-new.bin,FileEvent,Write,2021-10-09 16:24:22.809,5264
"""C:\Program Files\Mozilla Firefox\firefox.exe"" ziraatbank.com.tr
PID:3680",194.24.224.10,IpChannelEvent,TcpIpConnect,2021-10-09 16:24:23.547,0
"""C:\Program Files\Mozilla Firefox\firefox.exe"" ziraatbank.com.tr
PID:3680",194.24.224.10,IpChannelEvent,TcpIpSend,2021-10-09 16:24:23.578,6342
194.24.224.10,"""C:\Program Files\Mozilla Firefox\firefox.exe"" ziraatbank.com.tr
PID:3680",IpChannelEvent,TcpIpRecv,2021-10-09 16:24:23.822,719065
"""C:\Program Files\Mozilla Firefox\firefox.exe"" ziraatbank.com.tr
PID:3680",C:\Users\jpdz\AppData\Local\Temp\mz_etilqs_fhyPcBB8Cgz8KCy,FileEvent,Write,2021-10-09 16:24:19.754,188596
C:\Windows\system32\spool\drivers\color\sRGB Color Space Profile.icm,"""C:\Program Files\Mozilla Firefox\firefox.exe"" ziraatbank.com.tr
PID:3680",FileEvent,Read,2021-10-09 16:24:09.686,4096
C:\Windows\System32\Speech\Common\sapi.dll,"""C:\Program Files\Mozilla Firefox\firefox.exe"" ziraatbank.com.tr
PID:3680",FileEvent,Read,2021-10-09 16:24:32.914,109568
C:\Users\jpdz\AppData\Local\Mozilla\Firefox\Profiles\uzjxbbj5.default-release\safebrowsing\mozplugin-block-digest256.vlpset,"""C:\Program Files\Mozilla Firefox\firefox.exe"" ziraatbank.com.tr
PID:3680",FileEvent,Read,2021-10-09 16:24:10.242,3045
C:\Users\jpdz\AppData\Roaming\Mozilla\Firefox\Profiles\uzjxbbj5.default-release\storage\permanent\chrome\idb\1657114595AmcateirvtiSty.sqlite,"""C:\Program Files\Mozilla Firefox\firefox.exe"" ziraatbank.com.tr
PID:3680",FileEvent,Read,2021-10-09 16:24:10.164,37064
C:\Users\jpdz\AppData\Roaming\Mozilla\Firefox\Profiles\uzjxbbj5.default-release\storage\permanent\chrome\idb\1657114595AmcateirvtiSty.sqlite,"""C:\Program Files\Mozilla Firefox\firefox.exe"" ziraatbank.com.tr
PID:3680",FileEvent,Read,2021-10-09 16:24:19.7,20580
C:\Windows\Prefetch\FIREFOX.EXE-A606B53C.pf,"""C:\Program Files\Mozilla Firefox\firefox.exe"" ziraatbank.com.tr
PID:3680",FileEvent,Read,2021-10-09 16:24:09.560,61006
C:\Windows\System32\hid.dll,"""C:\Program Files\Mozilla Firefox\firefox.exe"" ziraatbank.com.tr
PID:3680",FileEvent,Read,2021-10-09 16:24:33.405,24576
C:\Users\jpdz\AppData\Roaming\Mozilla\Firefox\Profiles\uzjxbbj5.default-release\sessionCheckpoints.json,"""C:\Program Files\Mozilla Firefox\firefox.exe"" ziraatbank.com.tr
PID:3680",FileEvent,Read,2021-10-09 16:24:09.769,241
C:\Users\jpdz\AppData\Local\Mozilla\Firefox\Profiles\uzjxbbj5.default-release\safebrowsing\base-fingerprinting-track-digest256.sbstore,"""C:\Program Files\Mozilla Firefox\firefox.exe"" ziraatbank.com.tr
PID:3680",FileEvent,Read,2021-10-09 16:24:12.174,359
C:\Users\jpdz\AppData\Local\Mozilla\Firefox\Profiles\uzjxbbj5.default-release\safebrowsing\google4\goog-phish-proto.metadata,"""C:\Program Files\Mozilla Firefox\firefox.exe"" ziraatbank.com.tr
PID:3680",FileEvent,Read,2021-10-09 16:24:12.175,71
"""C:\Program Files\Mozilla Firefox\firefox.exe"" ziraatbank.com.tr
PID:3680",C:\Users\jpdz\AppData\Local\Mozilla\Firefox\Profiles\uzjxbbj5.default-release\cache2\entries\1A39669B6FA2F796206CD071E7BF960A2CD7B636,FileEvent,Write,2021-10-09 16:24:12.159,2875
C:\Users\jpdz\AppData\Roaming\Mozilla\Firefox\Profiles\UZJXBB~1.DEF\key4.db,"""C:\Program Files\Mozilla Firefox\firefox.exe"" ziraatbank.com.tr
PID:3680",FileEvent,Read,2021-10-09 16:24:09.928,131252
C:\Users\jpdz\AppData\Roaming\Mozilla\Firefox\Profiles\UZJXBB~1.DEF\key4.db,"""C:\Program Files\Mozilla Firefox\firefox.exe"" ziraatbank.com.tr
PID:3680",FileEvent,Read,2021-10-09 16:24:12.21,96
"""C:\Program Files\Mozilla Firefox\firefox.exe"" ziraatbank.com.tr
PID:3680",C:\Users\jpdz\AppData\Local\Mozilla\Firefox\Profiles\uzjxbbj5.default-release\cache2\doomed\2438,FileEvent,Delete,2021-10-09 16:24:22.568,0
C:\Users\jpdz\AppData\Roaming\Mozilla\Firefox\Profiles\uzjxbbj5.default-release\extensions.json,"""C:\Program Files\Mozilla Firefox\firefox.exe"" ziraatbank.com.tr
PID:3680",FileEvent,Read,2021-10-09 16:24:10.131,57748
"""C:\Program Files\Mozilla Firefox\firefox.exe"" ziraatbank.com.tr
PID:3680",C:\Users\jpdz\AppData\Roaming\Mozilla\Firefox\Profiles\uzjxbbj5.default-release\storage\permanent\chrome\idb\2823318777ntouromlalnodry--naod.sqlite-wal,FileEvent,Delete,2021-10-09 16:24:12.581,0
"""C:\Program Files\Mozilla Firefox\firefox.exe"" ziraatbank.com.tr
PID:3680",C:\Users\jpdz\AppData\Roaming\Mozilla\Firefox\Profiles\uzjxbbj5.default-release\storage\permanent\chrome\idb\2823318777ntouromlalnodry--naod.sqlite-wal,FileEvent,Delete,2021-10-09 16:24:24.700,0
"""C:\Program Files\Mozilla Firefox\firefox.exe"" ziraatbank.com.tr
PID:3680",C:\Users\jpdz\AppData\Roaming\Mozilla\Firefox\Profiles\uzjxbbj5.default-release\storage\default\moz-extension+++0424fd79-b62a-421f-bf32-0d1549ab34f2^userContextId=4294967295\idb\3647222921wleabcEoxlt-eengsairo.sqlite-shm,FileEvent,Delete,2021-10-09 16:24:19.26,0
"""C:\Program Files\Mozilla Firefox\firefox.exe"" ziraatbank.com.tr
PID:3680",C:\Users\jpdz\AppData\Roaming\Mozilla\Firefox\Profiles\uzjxbbj5.default-release\storage\default\moz-extension+++0424fd79-b62a-421f-bf32-0d1549ab34f2^userContextId=4294967295\idb\3647222921wleabcEoxlt-eengsairo.sqlite-shm,FileEvent,Delete,2021-10-09 16:24:32.645,0
C:\Users\jpdz\AppData\Roaming\Mozilla\Firefox\Profiles\uzjxbbj5.default-release\storage\default\moz-extension+++0424fd79-b62a-421f-bf32-0d1549ab34f2^userContextId=4294967295\idb\3647222921wleabcEoxlt-eengsairo.sqlite-shm,"""C:\Program Files\Mozilla Firefox\firefox.exe"" ziraatbank.com.tr
PID:3680",FileEvent,Read,2021-10-09 16:24:19.25,65536
"""C:\Program Files\Mozilla Firefox\firefox.exe"" ziraatbank.com.tr
PID:3680",C:\Users\jpdz\AppData\Local\Mozilla\Firefox\Profiles\uzjxbbj5.default-release\startupCache\scriptCache-child-new.bin,FileEvent,Write,2021-10-09 16:24:22.836,815930
C:\Users\jpdz\AppData\Local\Mozilla\Firefox\Profiles\uzjxbbj5.default-release\startupCache\scriptCache-child-new.bin,"""C:\Program Files\Mozilla Firefox\firefox.exe"" ziraatbank.com.tr
PID:3680",FileEvent,Read,2021-10-09 16:24:22.836,32768
C:\Users\jpdz\AppData\Roaming\Mozilla\Firefox\Profiles\uzjxbbj5.default-release\cookies.sqlite,"""C:\Program Files\Mozilla Firefox\firefox.exe"" ziraatbank.com.tr
PID:3680",FileEvent,Read,2021-10-09 16:24:09.764,753864
"""C:\Program Files\Mozilla Firefox\firefox.exe"" ziraatbank.com.tr
PID:3680","""C:\Program Files\Mozilla Firefox\firefox.exe"" -contentproc --channel=""3680.0.1427244935\1866194362"" -parentBuildID 20210927210923 -prefsHandle 1016 -prefMapHandle 988 -prefsLen 1 -prefMapSize 252743 -appdir ""C:\Program Files\Mozilla Firefox\browser"" - 3680 ""\\.\pipe\gecko-crash-server-pipe.3680"" 1088 cfb6188 gpu
PID:3356",ProcessEvent,Create,2021-10-09 16:24:09.682,
C:\Users\jpdz\AppData\Local\Mozilla\Firefox\Profiles\uzjxbbj5.default-release\safebrowsing\social-track-digest256.vlpset,"""C:\Program Files\Mozilla Firefox\firefox.exe"" ziraatbank.com.tr
PID:3680",FileEvent,Read,2021-10-09 16:24:10.243,2117
C:\Users\jpdz\AppData\Roaming\Mozilla\Firefox\Profiles\uzjxbbj5.default-release\xulstore.json,"""C:\Program Files\Mozilla Firefox\firefox.exe"" ziraatbank.com.tr
PID:3680",FileEvent,Read,2021-10-09 16:24:09.665,453
"""C:\Program Files\Mozilla Firefox\firefox.exe"" ziraatbank.com.tr
PID:3680",C:\Users\jpdz\AppData\Local\Mozilla\Firefox\Profiles\uzjxbbj5.default-release\cache2\entries\77E88657644ED314FAFF1954B371C3299349CC1E,FileEvent,Write,2021-10-09 16:24:17.559,169
"""C:\Program Files\Mozilla Firefox\firefox.exe"" ziraatbank.com.tr
PID:3680",C:\Users\jpdz\AppData\Local\Mozilla\Firefox\Profiles\uzjxbbj5.default-release\cache2\doomed\22817,FileEvent,Delete,2021-10-09 16:24:22.567,0
C:\Program Files\Mozilla Firefox\dependentlibs.list,"""C:\Program Files\Mozilla Firefox\firefox.exe"" ziraatbank.com.tr
PID:3680",FileEvent,Read,2021-10-09 16:24:09.569,8192
C:\Program Files\Mozilla Firefox\api-ms-win-crt-convert-l1-1-0.dll,"""C:\Program Files\Mozilla Firefox\firefox.exe"" ziraatbank.com.tr
PID:3680",FileEvent,Read,2021-10-09 16:24:09.569,65536
"""C:\Program Files\Mozilla Firefox\firefox.exe"" ziraatbank.com.tr
PID:3680",C:\Users\jpdz\AppData\Roaming\Mozilla\Firefox\Profiles\uzjxbbj5.default-release\storage\permanent\chrome\idb\1657114595AmcateirvtiSty.sqlite-wal,FileEvent,Delete,2021-10-09 16:24:10.165,0
"""C:\Program Files\Mozilla Firefox\firefox.exe"" ziraatbank.com.tr
PID:3680",C:\Users\jpdz\AppData\Roaming\Mozilla\Firefox\Profiles\uzjxbbj5.default-release\storage\permanent\chrome\idb\1657114595AmcateirvtiSty.sqlite-wal,FileEvent,Delete,2021-10-09 16:24:32.646,0
C:\Users\jpdz\AppData\Roaming\Mozilla\Firefox\Profiles\uzjxbbj5.default-release\favicons.sqlite-shm,"""C:\Program Files\Mozilla Firefox\firefox.exe"" ziraatbank.com.tr
PID:3680",FileEvent,Read,2021-10-09 16:24:10.215,32768
C:\Users\jpdz\AppData\Local\Mozilla\Firefox\Profiles\uzjxbbj5.default-release\safebrowsing\google4\goog-unwanted-proto.metadata,"""C:\Program Files\Mozilla Firefox\firefox.exe"" ziraatbank.com.tr
PID:3680",FileEvent,Read,2021-10-09 16:24:12.175,71
"""C:\Program Files\Mozilla Firefox\firefox.exe"" ziraatbank.com.tr
PID:3680",C:\Users\jpdz\AppData\Local\Mozilla\Firefox\Profiles\uzjxbbj5.default-release\cache2\entries\1A8F7591376DA2DAD35E8EC829F2FD5D28983228,FileEvent,Write,2021-10-09 16:24:20.160,31141
"""C:\Program Files\Mozilla Firefox\firefox.exe"" ziraatbank.com.tr
PID:3680",151.139.128.14,IpChannelEvent,TcpIpConnect,2021-10-09 16:24:17.847,0
151.139.128.14,"""C:\Program Files\Mozilla Firefox\firefox.exe"" ziraatbank.com.tr
PID:3680",IpChannelEvent,TcpIpRecv,2021-10-09 16:24:18.67,2114
"""C:\Program Files\Mozilla Firefox\firefox.exe"" ziraatbank.com.tr
PID:3680",151.139.128.14,IpChannelEvent,TcpIpSend,2021-10-09 16:24:18.31,913
C:\Users\jpdz\AppData\Local\Mozilla\Firefox\Profiles\uzjxbbj5.default-release\safebrowsing\except-flashsubdoc-digest256.sbstore,"""C:\Program Files\Mozilla Firefox\firefox.exe"" ziraatbank.com.tr
PID:3680",FileEvent,Read,2021-10-09 16:24:12.174,244
"""C:\Program Files\Mozilla Firefox\firefox.exe"" ziraatbank.com.tr
PID:3680",C:\Users\jpdz\AppData\Local\Mozilla\Firefox\Profiles\uzjxbbj5.default-release\cache2\doomed\3223,FileEvent,Delete,2021-10-09 16:24:17.619,0
"""C:\Program Files\Mozilla Firefox\firefox.exe"" ziraatbank.com.tr
PID:3680",C:\Users\jpdz\AppData\Roaming\Mozilla\Firefox\Profiles\uzjxbbj5.default-release\storage\permanent\chrome\idb\3561288849sdhlie.sqlite-wal,FileEvent,Delete,2021-10-09 16:24:12.531,0
"""C:\Program Files\Mozilla Firefox\firefox.exe"" ziraatbank.com.tr
PID:3680",C:\Users\jpdz\AppData\Roaming\Mozilla\Firefox\Profiles\uzjxbbj5.default-release\storage\permanent\chrome\idb\3561288849sdhlie.sqlite-wal,FileEvent,Delete,2021-10-09 16:24:24.146,0
C:\Users\jpdz\AppData\Local\Mozilla\Firefox\Profiles\uzjxbbj5.default-release\safebrowsing\google4\goog-phish-proto.vlpset,"""C:\Program Files\Mozilla Firefox\firefox.exe"" ziraatbank.com.tr
PID:3680",FileEvent,Read,2021-10-09 16:24:10.241,393216
"""C:\Program Files\Mozilla Firefox\firefox.exe"" ziraatbank.com.tr
PID:3680",C:\Users\jpdz\AppData\Local\Mozilla\Firefox\Profiles\uzjxbbj5.default-release\cache2\entries\E8246BB40873DF388F959075604DEEE43344C56F,FileEvent,Write,2021-10-09 16:24:17.642,50276
C:\Users\jpdz\AppData\Local\Mozilla\Firefox\Profiles\uzjxbbj5.default-release\cache2\entries\E8246BB40873DF388F959075604DEEE43344C56F,"""C:\Program Files\Mozilla Firefox\firefox.exe"" ziraatbank.com.tr
PID:3680",FileEvent,Read,2021-10-09 16:24:17.641,15031
C:\Users\jpdz\AppData\Local\Mozilla\Firefox\Profiles\uzjxbbj5.default-release\safebrowsing\content-track-digest256.sbstore,"""C:\Program Files\Mozilla Firefox\firefox.exe"" ziraatbank.com.tr
PID:3680",FileEvent,Read,2021-10-09 16:24:12.174,734
"""C:\Program Files\Mozilla Firefox\firefox.exe"" ziraatbank.com.tr
PID:3680",C:\Users\jpdz\AppData\Roaming\Mozilla\Firefox\Profiles\uzjxbbj5.default-release\storage\permanent\chrome\idb\3870112724rsegmnoittet-es.sqlite-shm,FileEvent,Delete,2021-10-09 16:24:09.910,0
C:\Users\jpdz\AppData\Roaming\Mozilla\Firefox\Profiles\uzjxbbj5.default-release\storage\permanent\chrome\idb\3870112724rsegmnoittet-es.sqlite-shm,"""C:\Program Files\Mozilla Firefox\firefox.exe"" ziraatbank.com.tr
PID:3680",FileEvent,Read,2021-10-09 16:24:09.909,65536
"""C:\Program Files\Mozilla Firefox\firefox.exe"" ziraatbank.com.tr
PID:3680",C:\Users\jpdz\AppData\Roaming\Mozilla\Firefox\Profiles\uzjxbbj5.default-release\storage\permanent\chrome\idb\3870112724rsegmnoittet-es.sqlite-shm,FileEvent,Delete,2021-10-09 16:24:39.480,0
C:\Program Files\Mozilla Firefox\distribution\distribution.ini,"""C:\Program Files\Mozilla Firefox\firefox.exe"" ziraatbank.com.tr
PID:3680",FileEvent,Read,2021-10-09 16:24:09.665,2952
"""C:\Program Files\Mozilla Firefox\firefox.exe"" ziraatbank.com.tr
PID:3680",C:\Users\jpdz\AppData\Local\Mozilla\Firefox\Profiles\uzjxbbj5.default-release\cache2\entries\BF1CE7C350EFEBF984B23679022188ACC15157ED,FileEvent,Write,2021-10-09 16:24:21.79,29372
"""C:\Program Files\Mozilla Firefox\firefox.exe"" ziraatbank.com.tr
PID:3680",C:\Users\jpdz\AppData\Roaming\Mozilla\Firefox\Profiles\uzjxbbj5.default-release\storage\default\moz-extension+++0c3666b5-67b1-4855-b50d-d5fbfc0d2874^userContextId=4294967295\idb\3647222921wleabcEoxlt-eengsairo.sqlite-shm,FileEvent,Delete,2021-10-09 16:24:19.4,0
"""C:\Program Files\Mozilla Firefox\firefox.exe"" ziraatbank.com.tr
PID:3680",C:\Users\jpdz\AppData\Roaming\Mozilla\Firefox\Profiles\uzjxbbj5.default-release\storage\default\moz-extension+++0c3666b5-67b1-4855-b50d-d5fbfc0d2874^userContextId=4294967295\idb\3647222921wleabcEoxlt-eengsairo.sqlite-shm,FileEvent,Delete,2021-10-09 16:24:32.646,0
C:\Users\jpdz\AppData\Roaming\Mozilla\Firefox\Profiles\uzjxbbj5.default-release\storage\default\moz-extension+++0c3666b5-67b1-4855-b50d-d5fbfc0d2874^userContextId=4294967295\idb\3647222921wleabcEoxlt-eengsairo.sqlite-shm,"""C:\Program Files\Mozilla Firefox\firefox.exe"" ziraatbank.com.tr
PID:3680",FileEvent,Read,2021-10-09 16:24:19.1,65536
C:\Users\jpdz\AppData\Local\Mozilla\Firefox\Profiles\uzjxbbj5.default-release\startupCache\webext.sc.lz4,"""C:\Program Files\Mozilla Firefox\firefox.exe"" ziraatbank.com.tr
PID:3680",FileEvent,Read,2021-10-09 16:24:09.753,131881
C:\Program Files\Mozilla Firefox\nss3.dll,"""C:\Program Files\Mozilla Firefox\firefox.exe"" ziraatbank.com.tr
PID:3680",FileEvent,Read,2021-10-09 16:24:09.569,2031616
C:\Users\jpdz\AppData\Local\Mozilla\Firefox\Profiles\uzjxbbj5.default-release\safebrowsing\content-track-digest256.vlpset,"""C:\Program Files\Mozilla Firefox\firefox.exe"" ziraatbank.com.tr
PID:3680",FileEvent,Read,2021-10-09 16:24:10.236,15525
"""C:\Program Files\Mozilla Firefox\firefox.exe"" ziraatbank.com.tr
PID:3680",C:\Users\jpdz\AppData\Local\Mozilla\Firefox\Profiles\uzjxbbj5.default-release\cache2\doomed\24356,FileEvent,Delete,2021-10-09 16:24:22.568,0
"""C:\Program Files\Mozilla Firefox\firefox.exe"" ziraatbank.com.tr
PID:3680",C:\Users\jpdz\AppData\Roaming\Mozilla\Firefox\Profiles\uzjxbbj5.default-release\favicons.sqlite-wal,FileEvent,Write,2021-10-09 16:24:20.162,434352
C:\Program Files\Mozilla Firefox\xul.dll,"""C:\Program Files\Mozilla Firefox\firefox.exe"" ziraatbank.com.tr
PID:3680",FileEvent,Read,2021-10-09 16:24:09.571,104333312
C:\Windows\Fonts\staticcache.dat,"""C:\Program Files\Mozilla Firefox\firefox.exe"" ziraatbank.com.tr
PID:3680",FileEvent,Read,2021-10-09 16:24:09.880,60
C:\Users\jpdz\AppData\Local\Mozilla\Firefox\Profiles\uzjxbbj5.default-release\safebrowsing\google4\goog-unwanted-proto.vlpset,"""C:\Program Files\Mozilla Firefox\firefox.exe"" ziraatbank.com.tr
PID:3680",FileEvent,Read,2021-10-09 16:24:10.242,53720
"""C:\Program Files\Mozilla Firefox\firefox.exe"" ziraatbank.com.tr
PID:3680",194.24.224.10,IpChannelEvent,TcpIpConnect,2021-10-09 16:24:19.576,0
"""C:\Program Files\Mozilla Firefox\firefox.exe"" ziraatbank.com.tr
PID:3680",194.24.224.10,IpChannelEvent,TcpIpSend,2021-10-09 16:24:19.791,1345
194.24.224.10,"""C:\Program Files\Mozilla Firefox\firefox.exe"" ziraatbank.com.tr
PID:3680",IpChannelEvent,TcpIpRecv,2021-10-09 16:24:19.834,61701
C:\Users\jpdz\AppData\Local\Mozilla\Firefox\Profiles\uzjxbbj5.default-release\startupCache\scriptCache-new.bin,"""C:\Program Files\Mozilla Firefox\firefox.exe"" ziraatbank.com.tr
PID:3680",FileEvent,Read,2021-10-09 16:24:22.824,65536
"""C:\Program Files\Mozilla Firefox\firefox.exe"" ziraatbank.com.tr
PID:3680",C:\Users\jpdz\AppData\Local\Mozilla\Firefox\Profiles\uzjxbbj5.default-release\startupCache\scriptCache-new.bin,FileEvent,Write,2021-10-09 16:24:22.814,9740150
C:\Users\jpdz\AppData\Roaming\Mozilla\Firefox\Profiles\uzjxbbj5.default-release\permissions.sqlite,"""C:\Program Files\Mozilla Firefox\firefox.exe"" ziraatbank.com.tr
PID:3680",FileEvent,Read,2021-10-09 16:24:09.735,65700
"""C:\Program Files\Mozilla Firefox\firefox.exe"" ziraatbank.com.tr
PID:3680",117.18.237.29,IpChannelEvent,TcpIpConnect,2021-10-09 16:24:12.618,0
"""C:\Program Files\Mozilla Firefox\firefox.exe"" ziraatbank.com.tr
PID:3680",117.18.237.29,IpChannelEvent,TcpIpDisconnect,2021-10-09 16:24:18.701,0
"""C:\Program Files\Mozilla Firefox\firefox.exe"" ziraatbank.com.tr
PID:3680",C:\Users\jpdz\AppData\Roaming\Mozilla\Firefox\Profiles\uzjxbbj5.default-release\extensions.json.tmp,FileEvent,Write,2021-10-09 16:24:20.10,57748
"""C:\Program Files\Mozilla Firefox\firefox.exe"" ziraatbank.com.tr
PID:3680",C:\Users\jpdz\AppData\Local\Mozilla\Firefox\Profiles\uzjxbbj5.default-release\cache2\entries\337C208E15EF5373F7C2886BAFA807634FAABA5C,FileEvent,Write,2021-10-09 16:24:19.654,48537
C:\Users\jpdz\AppData\Local\Mozilla\Firefox\Profiles\uzjxbbj5.default-release\safebrowsing\google4\goog-badbinurl-proto.metadata,"""C:\Program Files\Mozilla Firefox\firefox.exe"" ziraatbank.com.tr
PID:3680",FileEvent,Read,2021-10-09 16:24:12.175,71
C:\Users\jpdz\AppData\Local\Mozilla\Firefox\Profiles\uzjxbbj5.default-release\safebrowsing\block-flashsubdoc-digest256.sbstore,"""C:\Program Files\Mozilla Firefox\firefox.exe"" ziraatbank.com.tr
PID:3680",FileEvent,Read,2021-10-09 16:24:12.174,2576
"""C:\Program Files\Mozilla Firefox\firefox.exe"" ziraatbank.com.tr
PID:3680",115.157.63.19,IpChannelEvent,TcpIpConnect,2021-10-09 16:24:10.276,0
"""C:\Program Files\Mozilla Firefox\firefox.exe"" ziraatbank.com.tr
PID:3680",115.157.63.19,IpChannelEvent,TcpIpSend,2021-10-09 16:24:10.304,602
115.157.63.19,"""C:\Program Files\Mozilla Firefox\firefox.exe"" ziraatbank.com.tr
PID:3680",IpChannelEvent,TcpIpRecv,2021-10-09 16:24:10.304,3462
"""C:\Program Files\Mozilla Firefox\firefox.exe"" ziraatbank.com.tr
PID:3680",115.157.63.19,IpChannelEvent,TcpIpDisconnect,2021-10-09 16:24:17.598,0
115.157.63.19,"""C:\Program Files\Mozilla Firefox\firefox.exe"" ziraatbank.com.tr
PID:3680",IpChannelEvent,TcpIpRecv,2021-10-09 16:24:10.329,311
C:\Users\jpdz\AppData\Roaming\Mozilla\Firefox\Profiles\uzjxbbj5.default-release\places.sqlite-shm,"""C:\Program Files\Mozilla Firefox\firefox.exe"" ziraatbank.com.tr
PID:3680",FileEvent,Read,2021-10-09 16:24:10.214,32768
C:\Users\jpdz\AppData\Local\Mozilla\Firefox\Profiles\uzjxbbj5.default-release\safebrowsing\mozplugin-block-digest256.sbstore,"""C:\Program Files\Mozilla Firefox\firefox.exe"" ziraatbank.com.tr
PID:3680",FileEvent,Read,2021-10-09 16:24:12.174,338
"""C:\Program Files\Mozilla Firefox\firefox.exe"" ziraatbank.com.tr
PID:3680",111.206.176.78,IpChannelEvent,TcpIpConnect,2021-10-09 16:24:17.653,0
111.206.176.78,"""C:\Program Files\Mozilla Firefox\firefox.exe"" ziraatbank.com.tr
PID:3680",IpChannelEvent,TcpIpRecv,2021-10-09 16:24:17.662,11211
"""C:\Program Files\Mozilla Firefox\firefox.exe"" ziraatbank.com.tr
PID:3680",111.206.176.78,IpChannelEvent,TcpIpSend,2021-10-09 16:24:17.662,1069
C:\Users\jpdz\AppData\Local\Mozilla\Firefox\Profiles\uzjxbbj5.default-release\safebrowsing\google4\goog-badbinurl-proto.vlpset,"""C:\Program Files\Mozilla Firefox\firefox.exe"" ziraatbank.com.tr
PID:3680",FileEvent,Read,2021-10-09 16:24:10.240,393216
"""C:\Program Files\Mozilla Firefox\firefox.exe"" ziraatbank.com.tr
PID:3680",C:\Users\jpdz\AppData\Roaming\Mozilla\Firefox\Profiles\uzjxbbj5.default-release\datareporting\glean\tmp\55f181b0-206e-4a6b-a102-0ec014e2ee43,FileEvent,Write,2021-10-09 16:24:17.580,1173
"""C:\Program Files\Mozilla Firefox\firefox.exe"" ziraatbank.com.tr
PID:3680",C:\Users\jpdz\AppData\Roaming\Mozilla\Firefox\Profiles\uzjxbbj5.default-release\storage.sqlite-journal,FileEvent,Delete,2021-10-09 16:24:18.985,0
"""C:\Program Files\Mozilla Firefox\firefox.exe"" ziraatbank.com.tr
PID:3680",C:\Users\jpdz\AppData\Roaming\Mozilla\Firefox\Profiles\uzjxbbj5.default-release\storage.sqlite-journal,FileEvent,Write,2021-10-09 16:24:12.697,17492
C:\Users\jpdz\AppData\Roaming\Mozilla\Firefox\Profiles\uzjxbbj5.default-release\storage.sqlite-journal,"""C:\Program Files\Mozilla Firefox\firefox.exe"" ziraatbank.com.tr
PID:3680",FileEvent,Read,2021-10-09 16:24:12.697,8
C:\Users\jpdz\AppData\Local\Mozilla\Firefox\Profiles\uzjxbbj5.default-release\cache2\entries\6D89348819C8881868053197CA0754F36784BF5F,"""C:\Program Files\Mozilla Firefox\firefox.exe"" ziraatbank.com.tr
PID:3680",FileEvent,Read,2021-10-09 16:24:12.18,8378
"""C:\Program Files\Mozilla Firefox\firefox.exe"" ziraatbank.com.tr
PID:3680",C:\Users\jpdz\AppData\Local\Mozilla\Firefox\Profiles\uzjxbbj5.default-release\cache2\entries\6D89348819C8881868053197CA0754F36784BF5F,FileEvent,Write,2021-10-09 16:24:12.62,50214
C:\Users\jpdz\AppData\Roaming\Mozilla\Firefox\Profiles\uzjxbbj5.default-release\storage\permanent\chrome\idb\2823318777ntouromlalnodry--naod.sqlite,"""C:\Program Files\Mozilla Firefox\firefox.exe"" ziraatbank.com.tr
PID:3680",FileEvent,Read,2021-10-09 16:24:12.580,37064
"""C:\Program Files\Mozilla Firefox\firefox.exe"" ziraatbank.com.tr
PID:3680","""C:\Program Files\Mozilla Firefox\firefox.exe"" -contentproc --channel=""3680.1.1642915680\240890699"" -childID 1 -isForBrowser -prefsHandle 2172 -prefMapHandle 2168 -prefsLen 3677 -prefMapSize 252743 -jsInit 596 286204 -parentBuildID 20210927210923 -appdir ""C:\Program Files\Mozilla Firefox\browser"" - 3680 ""\\.\pipe\gecko-crash-server-pipe.3680"" 2184 1d5714f8 tab
PID:932",ProcessEvent,Create,2021-10-09 16:24:09.996,
C:\Program Files\Mozilla Firefox\api-ms-win-crt-runtime-l1-1-0.dll,"""C:\Program Files\Mozilla Firefox\firefox.exe"" ziraatbank.com.tr
PID:3680",FileEvent,Read,2021-10-09 16:24:09.569,65536
C:\Users\jpdz\AppData\Roaming\Mozilla\Firefox\Profiles\uzjxbbj5.default-release\content-prefs.sqlite,"""C:\Program Files\Mozilla Firefox\firefox.exe"" ziraatbank.com.tr
PID:3680",FileEvent,Read,2021-10-09 16:24:22.993,65684
C:\Users\jpdz\AppData\Roaming\Mozilla\Firefox\Profiles\uzjxbbj5.default-release\search.json.mozlz4,"""C:\Program Files\Mozilla Firefox\firefox.exe"" ziraatbank.com.tr
PID:3680",FileEvent,Read,2021-10-09 16:24:09.906,187
"""C:\Program Files\Mozilla Firefox\firefox.exe"" ziraatbank.com.tr
PID:3680",C:\Users\jpdz\AppData\Roaming\Mozilla\Firefox\Profiles\uzjxbbj5.default-release\search.json.mozlz4,FileEvent,Write,2021-10-09 16:24:13.569,187
C:\Users\jpdz\AppData\Local\Mozilla\Firefox\Profiles\uzjxbbj5.default-release\safebrowsing\base-cryptomining-track-digest256.sbstore,"""C:\Program Files\Mozilla Firefox\firefox.exe"" ziraatbank.com.tr
PID:3680",FileEvent,Read,2021-10-09 16:24:12.174,314
C:\Users\jpdz\AppData\Local\Mozilla\Firefox\Profiles\uzjxbbj5.default-release\safebrowsing\social-tracking-protection-linkedin-digest256.sbstore,"""C:\Program Files\Mozilla Firefox\firefox.exe"" ziraatbank.com.tr
PID:3680",FileEvent,Read,2021-10-09 16:24:12.174,244
"""C:\Program Files\Mozilla Firefox\firefox.exe"" ziraatbank.com.tr
PID:3680",13.227.53.90,IpChannelEvent,TcpIpConnect,2021-10-09 16:24:19.389,0
"""C:\Program Files\Mozilla Firefox\firefox.exe"" ziraatbank.com.tr
PID:3680",13.227.53.90,IpChannelEvent,TcpIpDisconnect,2021-10-09 16:24:24.681,0
"""C:\Program Files\Mozilla Firefox\firefox.exe"" ziraatbank.com.tr
PID:3680",13.227.53.90,IpChannelEvent,TcpIpSend,2021-10-09 16:24:19.456,605
13.227.53.90,"""C:\Program Files\Mozilla Firefox\firefox.exe"" ziraatbank.com.tr
PID:3680",IpChannelEvent,TcpIpRecv,2021-10-09 16:24:19.456,3979
C:\Users\jpdz\AppData\Local\Mozilla\Firefox\Profiles\uzjxbbj5.default-release\safebrowsing\block-flash-digest256.sbstore,"""C:\Program Files\Mozilla Firefox\firefox.exe"" ziraatbank.com.tr
PID:3680",FileEvent,Read,2021-10-09 16:24:12.174,451
C:\Users\jpdz\AppData\Roaming\Mozilla\Firefox\Profiles\uzjxbbj5.default-release\datareporting\state.json,"""C:\Program Files\Mozilla Firefox\firefox.exe"" ziraatbank.com.tr
PID:3680",FileEvent,Read,2021-10-09 16:24:12.82,51
"""C:\Program Files\Mozilla Firefox\firefox.exe"" ziraatbank.com.tr
PID:3680",C:\Users\jpdz\AppData\Local\Mozilla\Firefox\Profiles\uzjxbbj5.default-release\cache2\entries\6FDB6DE16E4640A25924A013F87B271672A1F969,FileEvent,Write,2021-10-09 16:24:19.753,30786
C:\Users\jpdz\AppData\Local\Mozilla\Firefox\Profiles\uzjxbbj5.default-release\safebrowsing\base-fingerprinting-track-digest256.vlpset,"""C:\Program Files\Mozilla Firefox\firefox.exe"" ziraatbank.com.tr
PID:3680",FileEvent,Read,2021-10-09 16:24:10.235,3717
C:\Users\jpdz\AppData\Local\Mozilla\Firefox\Profiles\uzjxbbj5.default-release\safebrowsing\social-tracking-protection-twitter-digest256.sbstore,"""C:\Program Files\Mozilla Firefox\firefox.exe"" ziraatbank.com.tr
PID:3680",FileEvent,Read,2021-10-09 16:24:12.174,247
"""C:\Program Files\Mozilla Firefox\firefox.exe"" ziraatbank.com.tr
PID:3680",121.194.1.38,IpChannelEvent,TcpIpConnect,2021-10-09 16:24:17.851,0
121.194.1.38,"""C:\Program Files\Mozilla Firefox\firefox.exe"" ziraatbank.com.tr
PID:3680",IpChannelEvent,TcpIpRecv,2021-10-09 16:24:18.232,1090
"""C:\Program Files\Mozilla Firefox\firefox.exe"" ziraatbank.com.tr
PID:3680",121.194.1.38,IpChannelEvent,TcpIpSend,2021-10-09 16:24:18.31,453
C:\Users\jpdz\AppData\Local\Mozilla\Firefox\Profiles\uzjxbbj5.default-release\safebrowsing\social-tracking-protection-linkedin-digest256.vlpset,"""C:\Program Files\Mozilla Firefox\firefox.exe"" ziraatbank.com.tr
PID:3680",FileEvent,Read,2021-10-09 16:24:10.243,133
"""C:\Program Files\Mozilla Firefox\firefox.exe"" ziraatbank.com.tr
PID:3680",C:\Users\jpdz\AppData\Roaming\Mozilla\Firefox\Profiles\uzjxbbj5.default-release\storage\default\moz-extension+++7b7c287d-b9ee-4c40-99c0-63c5bd847cee^userContextId=4294967295\idb\3647222921wleabcEoxlt-eengsairo.sqlite-wal,FileEvent,Delete,2021-10-09 16:24:18.993,0
"""C:\Program Files\Mozilla Firefox\firefox.exe"" ziraatbank.com.tr
PID:3680",C:\Users\jpdz\AppData\Roaming\Mozilla\Firefox\Profiles\uzjxbbj5.default-release\storage\default\moz-extension+++7b7c287d-b9ee-4c40-99c0-63c5bd847cee^userContextId=4294967295\idb\3647222921wleabcEoxlt-eengsairo.sqlite-wal,FileEvent,Delete,2021-10-09 16:24:30.848,0
"""C:\Program Files\Mozilla Firefox\firefox.exe"" ziraatbank.com.tr
PID:3680",87.250.251.119,IpChannelEvent,TcpIpConnect,2021-10-09 16:24:30.439,0
"""C:\Program Files\Mozilla Firefox\firefox.exe"" ziraatbank.com.tr
PID:3680",87.250.251.119,IpChannelEvent,TcpIpSend,2021-10-09 16:24:30.618,2988
87.250.251.119,"""C:\Program Files\Mozilla Firefox\firefox.exe"" ziraatbank.com.tr
PID:3680",IpChannelEvent,TcpIpRecv,2021-10-09 16:24:30.744,55519
"""C:\Program Files\Mozilla Firefox\firefox.exe"" ziraatbank.com.tr
PID:3680",194.24.224.10,IpChannelEvent,TcpIpConnect,2021-10-09 16:24:20.570,0
"""C:\Program Files\Mozilla Firefox\firefox.exe"" ziraatbank.com.tr
PID:3680",194.24.224.10,IpChannelEvent,TcpIpDisconnect,2021-10-09 16:24:21.942,0
"""C:\Program Files\Mozilla Firefox\firefox.exe"" ziraatbank.com.tr
PID:3680",194.24.224.10,IpChannelEvent,TcpIpSend,2021-10-09 16:24:20.812,517
194.24.224.10,"""C:\Program Files\Mozilla Firefox\firefox.exe"" ziraatbank.com.tr
PID:3680",IpChannelEvent,TcpIpRecv,2021-10-09 16:24:20.841,5636
C:\Users\jpdz\AppData\Local\Mozilla\Firefox\Profiles\uzjxbbj5.default-release\cache2\entries\E863DEE39AB0EF279CE01AF8C128F96010854FC3,"""C:\Program Files\Mozilla Firefox\firefox.exe"" ziraatbank.com.tr
PID:3680",FileEvent,Read,2021-10-09 16:24:13.52,12676
"""C:\Program Files\Mozilla Firefox\firefox.exe"" ziraatbank.com.tr
PID:3680",C:\Users\jpdz\AppData\Local\Mozilla\Firefox\Profiles\uzjxbbj5.default-release\cache2\entries\E863DEE39AB0EF279CE01AF8C128F96010854FC3,FileEvent,Write,2021-10-09 16:24:13.597,76053
C:\Users\jpdz\AppData\Local\Mozilla\Firefox\Profiles\uzjxbbj5.default-release\safebrowsing\mozstd-trackwhite-digest256.vlpset,"""C:\Program Files\Mozilla Firefox\firefox.exe"" ziraatbank.com.tr
PID:3680",FileEvent,Read,2021-10-09 16:24:10.242,655360
C:\Users\jpdz\AppData\Roaming\Mozilla\Firefox\Profiles\uzjxbbj5.default-release\security_state\data.safe.bin,"""C:\Program Files\Mozilla Firefox\firefox.exe"" ziraatbank.com.tr
PID:3680",FileEvent,Read,2021-10-09 16:24:10.334,1222666
C:\Users\jpdz\AppData\Roaming\Mozilla\Firefox\Profiles\uzjxbbj5.default-release\security_state\data.safe.bin,"""C:\Program Files\Mozilla Firefox\firefox.exe"" ziraatbank.com.tr
PID:3680",FileEvent,Read,2021-10-09 16:24:10.334,1
"""C:\Program Files\Mozilla Firefox\firefox.exe"" ziraatbank.com.tr
PID:3680",117.18.237.29,IpChannelEvent,TcpIpConnect,2021-10-09 16:24:12.592,0
"""C:\Program Files\Mozilla Firefox\firefox.exe"" ziraatbank.com.tr
PID:3680",117.18.237.29,IpChannelEvent,TcpIpSend,2021-10-09 16:24:12.660,456
117.18.237.29,"""C:\Program Files\Mozilla Firefox\firefox.exe"" ziraatbank.com.tr
PID:3680",IpChannelEvent,TcpIpRecv,2021-10-09 16:24:12.660,799
"""C:\Program Files\Mozilla Firefox\firefox.exe"" ziraatbank.com.tr
PID:3680",C:\Users\jpdz\AppData\Local\Mozilla\Firefox\Profiles\uzjxbbj5.default-release\cache2\doomed\10014,FileEvent,Delete,2021-10-09 16:24:18.466,0
C:\Users\jpdz\AppData\Roaming\Mozilla\Firefox\Profiles\uzjxbbj5.default-release\handlers.json,"""C:\Program Files\Mozilla Firefox\firefox.exe"" ziraatbank.com.tr
PID:3680",FileEvent,Read,2021-10-09 16:24:12.764,733
"""C:\Program Files\Mozilla Firefox\firefox.exe"" ziraatbank.com.tr
PID:3680",13.227.53.90,IpChannelEvent,TcpIpConnect,2021-10-09 16:24:19.126,0
"""C:\Program Files\Mozilla Firefox\firefox.exe"" ziraatbank.com.tr
PID:3680",13.227.53.90,IpChannelEvent,TcpIpSend,2021-10-09 16:24:19.420,1080
13.227.53.90,"""C:\Program Files\Mozilla Firefox\firefox.exe"" ziraatbank.com.tr
PID:3680",IpChannelEvent,TcpIpRecv,2021-10-09 16:24:19.420,5117
"""C:\Program Files\Mozilla Firefox\firefox.exe"" ziraatbank.com.tr
PID:3680",127.0.0.1,IpChannelEvent,TcpIpAccept,2021-10-09 16:24:09.648,0
127.0.0.1,"""C:\Program Files\Mozilla Firefox\firefox.exe"" ziraatbank.com.tr
PID:3680",IpChannelEvent,TcpIpRecv,2021-10-09 16:24:09.648,47
127.0.0.1,"""C:\Program Files\Mozilla Firefox\firefox.exe"" ziraatbank.com.tr
PID:3680",IpChannelEvent,TcpIpRecv,2021-10-09 16:24:10.338,1245
"""C:\Program Files\Mozilla Firefox\firefox.exe"" ziraatbank.com.tr
PID:3680",C:\Users\jpdz\AppData\Roaming\Mozilla\Firefox\Profiles\uzjxbbj5.default-release\storage\default\moz-extension+++0c3666b5-67b1-4855-b50d-d5fbfc0d2874^userContextId=4294967295\idb\3647222921wleabcEoxlt-eengsairo.sqlite-wal,FileEvent,Delete,2021-10-09 16:24:19.5,0
"""C:\Program Files\Mozilla Firefox\firefox.exe"" ziraatbank.com.tr
PID:3680",C:\Users\jpdz\AppData\Roaming\Mozilla\Firefox\Profiles\uzjxbbj5.default-release\storage\default\moz-extension+++0c3666b5-67b1-4855-b50d-d5fbfc0d2874^userContextId=4294967295\idb\3647222921wleabcEoxlt-eengsairo.sqlite-wal,FileEvent,Delete,2021-10-09 16:24:32.646,0
C:\Users\jpdz\AppData\Roaming\Mozilla\Firefox\Profiles\uzjxbbj5.default-release\storage\default\moz-extension+++0c3666b5-67b1-4855-b50d-d5fbfc0d2874^userContextId=4294967295\idb\3647222921wleabcEoxlt-eengsairo.sqlite-wal,"""C:\Program Files\Mozilla Firefox\firefox.exe"" ziraatbank.com.tr
PID:3680",FileEvent,Read,2021-10-09 16:24:22.407,4096
"""C:\Program Files\Mozilla Firefox\firefox.exe"" ziraatbank.com.tr
PID:3680",C:\Users\jpdz\AppData\Roaming\Mozilla\Firefox\Profiles\uzjxbbj5.default-release\storage\default\moz-extension+++0c3666b5-67b1-4855-b50d-d5fbfc0d2874^userContextId=4294967295\idb\3647222921wleabcEoxlt-eengsairo.sqlite-wal,FileEvent,Write,2021-10-09 16:24:19.744,32872
C:\Users\jpdz\AppData\Local\Mozilla\Firefox\Profiles\uzjxbbj5.default-release\safebrowsing\except-flashallow-digest256.sbstore,"""C:\Program Files\Mozilla Firefox\firefox.exe"" ziraatbank.com.tr
PID:3680",FileEvent,Read,2021-10-09 16:24:12.174,236
"""C:\Program Files\Mozilla Firefox\firefox.exe"" ziraatbank.com.tr
PID:3680",34.107.221.82,IpChannelEvent,TcpIpConnect,2021-10-09 16:24:10.296,0
"""C:\Program Files\Mozilla Firefox\firefox.exe"" ziraatbank.com.tr
PID:3680",34.107.221.82,IpChannelEvent,TcpIpSend,2021-10-09 16:24:10.338,666
34.107.221.82,"""C:\Program Files\Mozilla Firefox\firefox.exe"" ziraatbank.com.tr
PID:3680",IpChannelEvent,TcpIpRecv,2021-10-09 16:24:10.338,604
"""C:\Program Files\Mozilla Firefox\firefox.exe"" ziraatbank.com.tr
PID:3680",194.24.224.10,IpChannelEvent,TcpIpConnect,2021-10-09 16:24:12.388,0
"""C:\Program Files\Mozilla Firefox\firefox.exe"" ziraatbank.com.tr
PID:3680",194.24.224.10,IpChannelEvent,TcpIpSend,2021-10-09 16:24:12.767,1098
194.24.224.10,"""C:\Program Files\Mozilla Firefox\firefox.exe"" ziraatbank.com.tr
PID:3680",IpChannelEvent,TcpIpRecv,2021-10-09 16:24:12.785,5790
C:\Program Files\Mozilla Firefox\api-ms-win-crt-locale-l1-1-0.dll,"""C:\Program Files\Mozilla Firefox\firefox.exe"" ziraatbank.com.tr
PID:3680",FileEvent,Read,2021-10-09 16:24:09.571,65536
C:\Program Files\Mozilla Firefox\mozglue.dll,"""C:\Program Files\Mozilla Firefox\firefox.exe"" ziraatbank.com.tr
PID:3680",FileEvent,Read,2021-10-09 16:24:09.569,589824
"""C:\Program Files\Mozilla Firefox\firefox.exe"" ziraatbank.com.tr
PID:3680",127.0.0.1,IpChannelEvent,TcpIpConnect,2021-10-09 16:24:09.648,0
"""C:\Program Files\Mozilla Firefox\firefox.exe"" ziraatbank.com.tr
PID:3680",127.0.0.1,IpChannelEvent,TcpIpSend,2021-10-09 16:24:09.648,47
"""C:\Program Files\Mozilla Firefox\firefox.exe"" ziraatbank.com.tr
PID:3680",127.0.0.1,IpChannelEvent,TcpIpSend,2021-10-09 16:24:10.338,1244
C:\Users\jpdz\AppData\Local\Mozilla\Firefox\Profiles\uzjxbbj5.default-release\cache2\index,"""C:\Program Files\Mozilla Firefox\firefox.exe"" ziraatbank.com.tr
PID:3680",FileEvent,Read,2021-10-09 16:24:09.761,348
"""C:\Program Files\Mozilla Firefox\firefox.exe"" ziraatbank.com.tr
PID:3680",C:\Users\jpdz\AppData\Local\Mozilla\Firefox\Profiles\uzjxbbj5.default-release\cache2\index,FileEvent,Write,2021-10-09 16:24:09.762,8
"""C:\Program Files\Mozilla Firefox\firefox.exe"" ziraatbank.com.tr
PID:3680",115.157.63.19,IpChannelEvent,TcpIpConnect,2021-10-09 16:24:19.717,0
"""C:\Program Files\Mozilla Firefox\firefox.exe"" ziraatbank.com.tr
PID:3680",115.157.63.19,IpChannelEvent,TcpIpSend,2021-10-09 16:24:19.754,1131
115.157.63.19,"""C:\Program Files\Mozilla Firefox\firefox.exe"" ziraatbank.com.tr
PID:3680",IpChannelEvent,TcpIpRecv,2021-10-09 16:24:19.754,4161
C:\Program Files\Mozilla Firefox\api-ms-win-crt-math-l1-1-0.dll,"""C:\Program Files\Mozilla Firefox\firefox.exe"" ziraatbank.com.tr
PID:3680",FileEvent,Read,2021-10-09 16:24:09.569,65536
"""C:\Program Files\Mozilla Firefox\firefox.exe"" ziraatbank.com.tr
PID:3680",39.107.233.151,IpChannelEvent,TcpIpConnect,2021-10-09 16:24:17.615,0
"""C:\Program Files\Mozilla Firefox\firefox.exe"" ziraatbank.com.tr
PID:3680",39.107.233.151,IpChannelEvent,TcpIpSend,2021-10-09 16:24:17.621,532
39.107.233.151,"""C:\Program Files\Mozilla Firefox\firefox.exe"" ziraatbank.com.tr
PID:3680",IpChannelEvent,TcpIpRecv,2021-10-09 16:24:17.621,382
"""C:\Program Files\Mozilla Firefox\firefox.exe"" ziraatbank.com.tr
PID:3680","""C:\Program Files\Mozilla Firefox\firefox.exe"" -contentproc --channel=""3680.6.332033814\1485921153"" -childID 3 -isForBrowser -prefsHandle 3548 -prefMapHandle 3556 -prefsLen 9770 -prefMapSize 252743 -jsInit 596 286204 -parentBuildID 20210927210923 -appdir ""C:\Program Files\Mozilla Firefox\browser"" - 3680 ""\\.\pipe\gecko-crash-server-pipe.3680"" 3572 1f7b6f78 tab
PID:3512",ProcessEvent,Create,2021-10-09 16:24:13.572,
C:\Program Files\Mozilla Firefox\api-ms-win-crt-stdio-l1-1-0.dll,"""C:\Program Files\Mozilla Firefox\firefox.exe"" ziraatbank.com.tr
PID:3680",FileEvent,Read,2021-10-09 16:24:09.569,65536
C:\Users\jpdz\AppData\Roaming\Mozilla\Firefox\Profiles\profiles.log,"""C:\Program Files\Mozilla Firefox\firefox.exe"" ziraatbank.com.tr
PID:3680",FileEvent,Read,2021-10-09 16:24:14.926,16384
"""C:\Program Files\Mozilla Firefox\firefox.exe"" ziraatbank.com.tr
PID:3680",C:\Users\jpdz\AppData\Local\Temp\firefox,FileEvent,Delete,2021-10-09 16:24:09.806,0
"""C:\Program Files\Mozilla Firefox\firefox.exe"" ziraatbank.com.tr
PID:3680",117.18.237.29,IpChannelEvent,TcpIpConnect,2021-10-09 16:24:17.995,0
"""C:\Program Files\Mozilla Firefox\firefox.exe"" ziraatbank.com.tr
PID:3680",117.18.237.29,IpChannelEvent,TcpIpSend,2021-10-09 16:24:18.31,456
117.18.237.29,"""C:\Program Files\Mozilla Firefox\firefox.exe"" ziraatbank.com.tr
PID:3680",IpChannelEvent,TcpIpRecv,2021-10-09 16:24:18.108,799
C:\Program Files\Mozilla Firefox\api-ms-win-crt-utility-l1-1-0.dll,"""C:\Program Files\Mozilla Firefox\firefox.exe"" ziraatbank.com.tr
PID:3680",FileEvent,Read,2021-10-09 16:24:09.569,65536
"""C:\Program Files\Mozilla Firefox\firefox.exe"" ziraatbank.com.tr
PID:3680",103.254.188.158,IpChannelEvent,TcpIpConnect,2021-10-09 16:24:17.601,0
103.254.188.158,"""C:\Program Files\Mozilla Firefox\firefox.exe"" ziraatbank.com.tr
PID:3680",IpChannelEvent,TcpIpRecv,2021-10-09 16:24:17.610,5471
"""C:\Program Files\Mozilla Firefox\firefox.exe"" ziraatbank.com.tr
PID:3680",103.254.188.158,IpChannelEvent,TcpIpSend,2021-10-09 16:24:17.610,1077
"""C:\Program Files\Mozilla Firefox\firefox.exe"" ziraatbank.com.tr
PID:3680","""C:\Program Files\Mozilla Firefox\firefox.exe"" -contentproc --channel=""3680.3.249969215\525322737"" -childID 2 -isForBrowser -prefsHandle 2120 -prefMapHandle 2368 -prefsLen 9000 -prefMapSize 252743 -jsInit 596 286204 -parentBuildID 20210927210923 -appdir ""C:\Program Files\Mozilla Firefox\browser"" - 3680 ""\\.\pipe\gecko-crash-server-pipe.3680"" 2360 1f7bf648 tab
PID:936",ProcessEvent,Create,2021-10-09 16:24:10.179,
"""C:\Program Files\Mozilla Firefox\firefox.exe"" ziraatbank.com.tr
PID:3680",5.45.205.244,IpChannelEvent,TcpIpConnect,2021-10-09 16:24:31.323,0
"""C:\Program Files\Mozilla Firefox\firefox.exe"" ziraatbank.com.tr
PID:3680",5.45.205.244,IpChannelEvent,TcpIpDisconnect,2021-10-09 16:24:36.615,0
"""C:\Program Files\Mozilla Firefox\firefox.exe"" ziraatbank.com.tr
PID:3680",5.45.205.244,IpChannelEvent,TcpIpSend,2021-10-09 16:24:31.371,464
5.45.205.244,"""C:\Program Files\Mozilla Firefox\firefox.exe"" ziraatbank.com.tr
PID:3680",IpChannelEvent,TcpIpRecv,2021-10-09 16:24:31.618,1747
"""C:\Program Files\Mozilla Firefox\firefox.exe"" ziraatbank.com.tr
PID:3680",194.24.224.10,IpChannelEvent,TcpIpConnect,2021-10-09 16:24:23.245,0
"""C:\Program Files\Mozilla Firefox\firefox.exe"" ziraatbank.com.tr
PID:3680",194.24.224.10,IpChannelEvent,TcpIpSend,2021-10-09 16:24:23.327,4600
194.24.224.10,"""C:\Program Files\Mozilla Firefox\firefox.exe"" ziraatbank.com.tr
PID:3680",IpChannelEvent,TcpIpRecv,2021-10-09 16:24:23.515,123339
"""C:\Program Files\Mozilla Firefox\firefox.exe"" ziraatbank.com.tr
PID:3680",C:\Users\jpdz\AppData\Local\Mozilla\Firefox\Profiles\uzjxbbj5.default-release\cache2\entries\AA346AF935D143397FDFDE29BBD827D2131C4398,FileEvent,Write,2021-10-09 16:24:17.558,169
"""C:\Program Files\Mozilla Firefox\firefox.exe"" ziraatbank.com.tr
PID:3680",C:\Users\jpdz\AppData\Roaming\Mozilla\Firefox\Profiles\uzjxbbj5.default-release\cookies.sqlite-wal,FileEvent,Delete,2021-10-09 16:24:09.765,0
C:\Users\jpdz\AppData\Roaming\Mozilla\Firefox\Profiles\UZJXBB~1.DEF\pkcs11.txt,"""C:\Program Files\Mozilla Firefox\firefox.exe"" ziraatbank.com.tr
PID:3680",FileEvent,Read,2021-10-09 16:24:09.927,8192
C:\Program Files\Mozilla Firefox\lgpllibs.dll,"""C:\Program Files\Mozilla Firefox\firefox.exe"" ziraatbank.com.tr
PID:3680",FileEvent,Read,2021-10-09 16:24:09.571,65536
C:\Users\jpdz\AppData\Roaming\Mozilla\Firefox\Profiles\uzjxbbj5.default-release\addonStartup.json.lz4,"""C:\Program Files\Mozilla Firefox\firefox.exe"" ziraatbank.com.tr
PID:3680",FileEvent,Read,2021-10-09 16:24:09.665,5706
C:\Users\jpdz\AppData\Local\Mozilla\Firefox\Profiles\uzjxbbj5.default-release\safebrowsing\block-flash-digest256.vlpset,"""C:\Program Files\Mozilla Firefox\firefox.exe"" ziraatbank.com.tr
PID:3680",FileEvent,Read,2021-10-09 16:24:10.235,6661
C:\Users\jpdz\AppData\Local\Mozilla\Firefox\Profiles\uzjxbbj5.default-release\safebrowsing\except-flashsubdoc-digest256.vlpset,"""C:\Program Files\Mozilla Firefox\firefox.exe"" ziraatbank.com.tr
PID:3680",FileEvent,Read,2021-10-09 16:24:10.236,133
"""C:\Program Files\Mozilla Firefox\firefox.exe"" ziraatbank.com.tr
PID:3680",C:\Users\jpdz\AppData\Roaming\Mozilla\Firefox\Profiles\uzjxbbj5.default-release\datareporting\glean\tmp\49a7192a-726d-4a7b-9c37-91706ee60bf7,FileEvent,Write,2021-10-09 16:24:17.576,4416
C:\Windows\system32\zh-CN\xinput9_1_0.dll.mui,"""C:\Program Files\Mozilla Firefox\firefox.exe"" ziraatbank.com.tr
PID:3680",FileEvent,Read,2021-10-09 16:24:33.500,4096
"""C:\Program Files\Mozilla Firefox\firefox.exe"" ziraatbank.com.tr
PID:3680",C:\Users\jpdz\AppData\Local\Mozilla\Firefox\Profiles\uzjxbbj5.default-release\cache2\entries\BEEAF9180B0A032DEE75D356EF60C8A42A21E761,FileEvent,Write,2021-10-09 16:24:12.81,52807
C:\Users\jpdz\AppData\Local\Mozilla\Firefox\Profiles\uzjxbbj5.default-release\cache2\entries\BEEAF9180B0A032DEE75D356EF60C8A42A21E761,"""C:\Program Files\Mozilla Firefox\firefox.exe"" ziraatbank.com.tr
PID:3680",FileEvent,Read,2021-10-09 16:24:12.72,9135
C:\Windows\system32\ExplorerFrame.dll,"""C:\Program Files\Mozilla Firefox\firefox.exe"" ziraatbank.com.tr
PID:3680",FileEvent,Read,2021-10-09 16:24:09.652,1507328
"""C:\Program Files\Mozilla Firefox\firefox.exe"" ziraatbank.com.tr
PID:3680",C:\Users\jpdz\AppData\Local\Mozilla\Firefox\Profiles\uzjxbbj5.default-release\cache2\doomed\29515,FileEvent,Delete,2021-10-09 16:24:09.762,0
"""C:\Program Files\Mozilla Firefox\firefox.exe"" ziraatbank.com.tr
PID:3680",194.24.224.10,IpChannelEvent,TcpIpConnect,2021-10-09 16:24:12.794,0
"""C:\Program Files\Mozilla Firefox\firefox.exe"" ziraatbank.com.tr
PID:3680",194.24.224.10,IpChannelEvent,TcpIpDisconnect,2021-10-09 16:24:18.868,0
"""C:\Program Files\Mozilla Firefox\firefox.exe"" ziraatbank.com.tr
PID:3680",194.24.224.10,IpChannelEvent,TcpIpSend,2021-10-09 16:24:13.768,621
194.24.224.10,"""C:\Program Files\Mozilla Firefox\firefox.exe"" ziraatbank.com.tr
PID:3680",IpChannelEvent,TcpIpRecv,2021-10-09 16:24:13.851,5636
"""C:\Program Files\Mozilla Firefox\firefox.exe"" ziraatbank.com.tr
PID:3680",59.47.225.251,IpChannelEvent,TcpIpConnect,2021-10-09 16:24:19.776,0
59.47.225.251,"""C:\Program Files\Mozilla Firefox\firefox.exe"" ziraatbank.com.tr
PID:3680",IpChannelEvent,TcpIpRecv,2021-10-09 16:24:19.810,6010
"""C:\Program Files\Mozilla Firefox\firefox.exe"" ziraatbank.com.tr
PID:3680",59.47.225.251,IpChannelEvent,TcpIpSend,2021-10-09 16:24:19.791,1090
"""C:\Program Files\Mozilla Firefox\firefox.exe"" ziraatbank.com.tr
PID:3680",C:\Users\jpdz\AppData\Local\Mozilla\Firefox\Profiles\uzjxbbj5.default-release\cache2\entries\5377032E25AFE6347A5B026442883D598C65C930,FileEvent,Write,2021-10-09 16:24:18.50,17434
"""C:\Program Files\Mozilla Firefox\firefox.exe"" ziraatbank.com.tr
PID:3680",C:\Users\jpdz\AppData\Local\Mozilla\Firefox\Profiles\uzjxbbj5.default-release\cache2\entries\AFC00A876EDDC334218BCEFC2A62F85E70EB2427,FileEvent,Write,2021-10-09 16:24:20.706,34781
C:\Users\jpdz\AppData\Local\Mozilla\Firefox\Profiles\uzjxbbj5.default-release\safebrowsing\google4\goog-downloadwhite-proto.vlpset,"""C:\Program Files\Mozilla Firefox\firefox.exe"" ziraatbank.com.tr
PID:3680",FileEvent,Read,2021-10-09 16:24:10.240,34085
C:\Users\jpdz\AppData\Roaming\Mozilla\Firefox\Profiles\uzjxbbj5.default-release\serviceworker.txt,"""C:\Program Files\Mozilla Firefox\firefox.exe"" ziraatbank.com.tr
PID:3680",FileEvent,Read,2021-10-09 16:24:09.766,8192
C:\Users\jpdz\AppData\Local\Mozilla\Firefox\Profiles\uzjxbbj5.default-release\settings\main\ms-language-packs\asrouter.ftl,"""C:\Program Files\Mozilla Firefox\firefox.exe"" ziraatbank.com.tr
PID:3680",FileEvent,Read,2021-10-09 16:24:19.533,49957
"""C:\Program Files\Mozilla Firefox\firefox.exe"" ziraatbank.com.tr
PID:3680",35.244.247.133,IpChannelEvent,TcpIpConnect,2021-10-09 16:24:17.668,0
"""C:\Program Files\Mozilla Firefox\firefox.exe"" ziraatbank.com.tr
PID:3680",35.244.247.133,IpChannelEvent,TcpIpDisconnect,2021-10-09 16:24:17.809,0
"""C:\Program Files\Mozilla Firefox\firefox.exe"" ziraatbank.com.tr
PID:3680",35.244.247.133,IpChannelEvent,TcpIpSend,2021-10-09 16:24:17.730,792
35.244.247.133,"""C:\Program Files\Mozilla Firefox\firefox.exe"" ziraatbank.com.tr
PID:3680",IpChannelEvent,TcpIpRecv,2021-10-09 16:24:17.730,4009
C:\Users\jpdz\AppData\Local\Mozilla\Firefox\Profiles\uzjxbbj5.default-release\safebrowsing\google4\goog-malware-proto.vlpset,"""C:\Program Files\Mozilla Firefox\firefox.exe"" ziraatbank.com.tr
PID:3680",FileEvent,Read,2021-10-09 16:24:10.241,393216
"""C:\Program Files\Mozilla Firefox\firefox.exe"" ziraatbank.com.tr
PID:3680",C:\Users\jpdz\AppData\Roaming\Mozilla\Firefox\Profiles\uzjxbbj5.default-release\storage\default\moz-extension+++0c3666b5-67b1-4855-b50d-d5fbfc0d2874^userContextId=4294967295\idb\3647222921wleabcEoxlt-eengsairo.sqlite,FileEvent,Write,2021-10-09 16:24:22.407,8192
C:\Users\jpdz\AppData\Roaming\Mozilla\Firefox\Profiles\uzjxbbj5.default-release\storage\default\moz-extension+++0c3666b5-67b1-4855-b50d-d5fbfc0d2874^userContextId=4294967295\idb\3647222921wleabcEoxlt-eengsairo.sqlite,"""C:\Program Files\Mozilla Firefox\firefox.exe"" ziraatbank.com.tr
PID:3680",FileEvent,Read,2021-10-09 16:24:18.998,37064
"""C:\Program Files\Mozilla Firefox\firefox.exe"" ziraatbank.com.tr
PID:3680",52.37.141.62,IpChannelEvent,TcpIpConnect,2021-10-09 16:24:12.820,0
"""C:\Program Files\Mozilla Firefox\firefox.exe"" ziraatbank.com.tr
PID:3680",52.37.141.62,IpChannelEvent,TcpIpDisconnect,2021-10-09 16:24:18.393,0
"""C:\Program Files\Mozilla Firefox\firefox.exe"" ziraatbank.com.tr
PID:3680",52.37.141.62,IpChannelEvent,TcpIpSend,2021-10-09 16:24:13.768,1972
52.37.141.62,"""C:\Program Files\Mozilla Firefox\firefox.exe"" ziraatbank.com.tr
PID:3680",IpChannelEvent,TcpIpRecv,2021-10-09 16:24:13.817,3716
C:\Program Files\Mozilla Firefox\api-ms-win-crt-heap-l1-1-0.dll,"""C:\Program Files\Mozilla Firefox\firefox.exe"" ziraatbank.com.tr
PID:3680",FileEvent,Read,2021-10-09 16:24:09.569,65536
C:\Windows\Prefetch\FIREFOX.EXE-A606B53C.pf,"""C:\Program Files\Mozilla Firefox\firefox.exe"" -contentproc --channel=""3680.5.2074018233\1142704398"" -parentBuildID 20210927210923 -prefsHandle 3084 -prefMapHandle 3048 -prefsLen 9071 -prefMapSize 252743 -appdir ""C:\Program Files\Mozilla Firefox\browser"" - 3680 ""\\.\pipe\gecko-crash-server-pipe.3680"" 3096 cfb5b48 rdd
PID:2368",FileEvent,Read,2021-10-09 16:24:12.558,61006
C:\Program Files\Mozilla Firefox\dependentlibs.list,"""C:\Program Files\Mozilla Firefox\firefox.exe"" -contentproc --channel=""3680.5.2074018233\1142704398"" -parentBuildID 20210927210923 -prefsHandle 3084 -prefMapHandle 3048 -prefsLen 9071 -prefMapSize 252743 -appdir ""C:\Program Files\Mozilla Firefox\browser"" - 3680 ""\\.\pipe\gecko-crash-server-pipe.3680"" 3096 cfb5b48 rdd
PID:2368",FileEvent,Read,2021-10-09 16:24:12.676,8192
C:\Windows\Prefetch\FIREFOX.EXE-A606B53C.pf,"""C:\Program Files\Mozilla Firefox\firefox.exe"" -contentproc --channel=""3680.10.156501129\1122172986"" -parentBuildID 20210927210923 -prefsHandle 7792 -prefMapHandle 2596 -prefsLen 14575 -prefMapSize 252743 -appdir ""C:\Program Files\Mozilla Firefox\browser"" - 3680 ""\\.\pipe\gecko-crash-server-pipe.3680"" 3340 266fd0f8 socket
PID:3120",FileEvent,Read,2021-10-09 16:24:34.83,91086
C:\Program Files\Mozilla Firefox\dependentlibs.list,"""C:\Program Files\Mozilla Firefox\firefox.exe"" -contentproc --channel=""3680.10.156501129\1122172986"" -parentBuildID 20210927210923 -prefsHandle 7792 -prefMapHandle 2596 -prefsLen 14575 -prefMapSize 252743 -appdir ""C:\Program Files\Mozilla Firefox\browser"" - 3680 ""\\.\pipe\gecko-crash-server-pipe.3680"" 3340 266fd0f8 socket
PID:3120",FileEvent,Read,2021-10-09 16:24:34.99,8192
"""C:\Program Files\Mozilla Firefox\firefox.exe"" -contentproc --channel=""3680.10.156501129\1122172986"" -parentBuildID 20210927210923 -prefsHandle 7792 -prefMapHandle 2596 -prefsLen 14575 -prefMapSize 252743 -appdir ""C:\Program Files\Mozilla Firefox\browser"" - 3680 ""\\.\pipe\gecko-crash-server-pipe.3680"" 3340 266fd0f8 socket
PID:3120",127.0.0.1,IpChannelEvent,TcpIpConnect,2021-10-09 16:24:34.117,0
"""C:\Program Files\Mozilla Firefox\firefox.exe"" -contentproc --channel=""3680.10.156501129\1122172986"" -parentBuildID 20210927210923 -prefsHandle 7792 -prefMapHandle 2596 -prefsLen 14575 -prefMapSize 252743 -appdir ""C:\Program Files\Mozilla Firefox\browser"" - 3680 ""\\.\pipe\gecko-crash-server-pipe.3680"" 3340 266fd0f8 socket
PID:3120",127.0.0.1,IpChannelEvent,TcpIpSend,2021-10-09 16:24:34.117,25
"""C:\Program Files\Mozilla Firefox\firefox.exe"" -contentproc --channel=""3680.10.156501129\1122172986"" -parentBuildID 20210927210923 -prefsHandle 7792 -prefMapHandle 2596 -prefsLen 14575 -prefMapSize 252743 -appdir ""C:\Program Files\Mozilla Firefox\browser"" - 3680 ""\\.\pipe\gecko-crash-server-pipe.3680"" 3340 266fd0f8 socket
PID:3120",127.0.0.1,IpChannelEvent,TcpIpAccept,2021-10-09 16:24:34.117,0
127.0.0.1,"""C:\Program Files\Mozilla Firefox\firefox.exe"" -contentproc --channel=""3680.10.156501129\1122172986"" -parentBuildID 20210927210923 -prefsHandle 7792 -prefMapHandle 2596 -prefsLen 14575 -prefMapSize 252743 -appdir ""C:\Program Files\Mozilla Firefox\browser"" - 3680 ""\\.\pipe\gecko-crash-server-pipe.3680"" 3340 266fd0f8 socket
PID:3120",IpChannelEvent,TcpIpRecv,2021-10-09 16:24:34.117,25
C:\Windows\Prefetch\FIREFOX.EXE-A606B53C.pf,"""C:\Program Files\Mozilla Firefox\firefox.exe"" -contentproc --channel=""3680.0.1427244935\1866194362"" -parentBuildID 20210927210923 -prefsHandle 1016 -prefMapHandle 988 -prefsLen 1 -prefMapSize 252743 -appdir ""C:\Program Files\Mozilla Firefox\browser"" - 3680 ""\\.\pipe\gecko-crash-server-pipe.3680"" 1088 cfb6188 gpu
PID:3356",FileEvent,Read,2021-10-09 16:24:09.692,61006
C:\Program Files\Mozilla Firefox\dependentlibs.list,"""C:\Program Files\Mozilla Firefox\firefox.exe"" -contentproc --channel=""3680.0.1427244935\1866194362"" -parentBuildID 20210927210923 -prefsHandle 1016 -prefMapHandle 988 -prefsLen 1 -prefMapSize 252743 -appdir ""C:\Program Files\Mozilla Firefox\browser"" - 3680 ""\\.\pipe\gecko-crash-server-pipe.3680"" 1088 cfb6188 gpu
PID:3356",FileEvent,Read,2021-10-09 16:24:09.697,8192
"""C:\Program Files\Mozilla Firefox\firefox.exe"" -contentproc --channel=""3680.1.1642915680\240890699"" -childID 1 -isForBrowser -prefsHandle 2172 -prefMapHandle 2168 -prefsLen 3677 -prefMapSize 252743 -jsInit 596 286204 -parentBuildID 20210927210923 -appdir ""C:\Program Files\Mozilla Firefox\browser"" - 3680 ""\\.\pipe\gecko-crash-server-pipe.3680"" 2184 1d5714f8 tab
PID:932",127.0.0.1,IpChannelEvent,TcpIpConnect,2021-10-09 16:24:10.70,0
"""C:\Program Files\Mozilla Firefox\firefox.exe"" -contentproc --channel=""3680.1.1642915680\240890699"" -childID 1 -isForBrowser -prefsHandle 2172 -prefMapHandle 2168 -prefsLen 3677 -prefMapSize 252743 -jsInit 596 286204 -parentBuildID 20210927210923 -appdir ""C:\Program Files\Mozilla Firefox\browser"" - 3680 ""\\.\pipe\gecko-crash-server-pipe.3680"" 2184 1d5714f8 tab
PID:932",127.0.0.1,IpChannelEvent,TcpIpSend,2021-10-09 16:24:10.70,2
"""C:\Program Files\Mozilla Firefox\firefox.exe"" -contentproc --channel=""3680.1.1642915680\240890699"" -childID 1 -isForBrowser -prefsHandle 2172 -prefMapHandle 2168 -prefsLen 3677 -prefMapSize 252743 -jsInit 596 286204 -parentBuildID 20210927210923 -appdir ""C:\Program Files\Mozilla Firefox\browser"" - 3680 ""\\.\pipe\gecko-crash-server-pipe.3680"" 2184 1d5714f8 tab
PID:932",127.0.0.1,IpChannelEvent,TcpIpSend,2021-10-09 16:24:22.923,864
C:\Windows\Prefetch\FIREFOX.EXE-A606B53C.pf,"""C:\Program Files\Mozilla Firefox\firefox.exe"" -contentproc --channel=""3680.1.1642915680\240890699"" -childID 1 -isForBrowser -prefsHandle 2172 -prefMapHandle 2168 -prefsLen 3677 -prefMapSize 252743 -jsInit 596 286204 -parentBuildID 20210927210923 -appdir ""C:\Program Files\Mozilla Firefox\browser"" - 3680 ""\\.\pipe\gecko-crash-server-pipe.3680"" 2184 1d5714f8 tab
PID:932",FileEvent,Read,2021-10-09 16:24:10.2,61006
C:\Program Files\Mozilla Firefox\dependentlibs.list,"""C:\Program Files\Mozilla Firefox\firefox.exe"" -contentproc --channel=""3680.1.1642915680\240890699"" -childID 1 -isForBrowser -prefsHandle 2172 -prefMapHandle 2168 -prefsLen 3677 -prefMapSize 252743 -jsInit 596 286204 -parentBuildID 20210927210923 -appdir ""C:\Program Files\Mozilla Firefox\browser"" - 3680 ""\\.\pipe\gecko-crash-server-pipe.3680"" 2184 1d5714f8 tab
PID:932",FileEvent,Read,2021-10-09 16:24:10.22,8192
"""C:\Program Files\Mozilla Firefox\firefox.exe"" -contentproc --channel=""3680.1.1642915680\240890699"" -childID 1 -isForBrowser -prefsHandle 2172 -prefMapHandle 2168 -prefsLen 3677 -prefMapSize 252743 -jsInit 596 286204 -parentBuildID 20210927210923 -appdir ""C:\Program Files\Mozilla Firefox\browser"" - 3680 ""\\.\pipe\gecko-crash-server-pipe.3680"" 2184 1d5714f8 tab
PID:932",127.0.0.1,IpChannelEvent,TcpIpAccept,2021-10-09 16:24:10.70,0
127.0.0.1,"""C:\Program Files\Mozilla Firefox\firefox.exe"" -contentproc --channel=""3680.1.1642915680\240890699"" -childID 1 -isForBrowser -prefsHandle 2172 -prefMapHandle 2168 -prefsLen 3677 -prefMapSize 252743 -jsInit 596 286204 -parentBuildID 20210927210923 -appdir ""C:\Program Files\Mozilla Firefox\browser"" - 3680 ""\\.\pipe\gecko-crash-server-pipe.3680"" 2184 1d5714f8 tab
PID:932",IpChannelEvent,TcpIpRecv,2021-10-09 16:24:10.70,2
127.0.0.1,"""C:\Program Files\Mozilla Firefox\firefox.exe"" -contentproc --channel=""3680.1.1642915680\240890699"" -childID 1 -isForBrowser -prefsHandle 2172 -prefMapHandle 2168 -prefsLen 3677 -prefMapSize 252743 -jsInit 596 286204 -parentBuildID 20210927210923 -appdir ""C:\Program Files\Mozilla Firefox\browser"" - 3680 ""\\.\pipe\gecko-crash-server-pipe.3680"" 2184 1d5714f8 tab
PID:932",IpChannelEvent,TcpIpRecv,2021-10-09 16:24:22.923,864
C:\Windows\Prefetch\FIREFOX.EXE-A606B53C.pf,"""C:\Program Files\Mozilla Firefox\firefox.exe"" -contentproc --channel=""3680.6.332033814\1485921153"" -childID 3 -isForBrowser -prefsHandle 3548 -prefMapHandle 3556 -prefsLen 9770 -prefMapSize 252743 -jsInit 596 286204 -parentBuildID 20210927210923 -appdir ""C:\Program Files\Mozilla Firefox\browser"" - 3680 ""\\.\pipe\gecko-crash-server-pipe.3680"" 3572 1f7b6f78 tab
PID:3512",FileEvent,Read,2021-10-09 16:24:13.600,61006
C:\Program Files\Mozilla Firefox\dependentlibs.list,"""C:\Program Files\Mozilla Firefox\firefox.exe"" -contentproc --channel=""3680.6.332033814\1485921153"" -childID 3 -isForBrowser -prefsHandle 3548 -prefMapHandle 3556 -prefsLen 9770 -prefMapSize 252743 -jsInit 596 286204 -parentBuildID 20210927210923 -appdir ""C:\Program Files\Mozilla Firefox\browser"" - 3680 ""\\.\pipe\gecko-crash-server-pipe.3680"" 3572 1f7b6f78 tab
PID:3512",FileEvent,Read,2021-10-09 16:24:13.612,8192
"""C:\Program Files\Mozilla Firefox\firefox.exe"" -contentproc --channel=""3680.6.332033814\1485921153"" -childID 3 -isForBrowser -prefsHandle 3548 -prefMapHandle 3556 -prefsLen 9770 -prefMapSize 252743 -jsInit 596 286204 -parentBuildID 20210927210923 -appdir ""C:\Program Files\Mozilla Firefox\browser"" - 3680 ""\\.\pipe\gecko-crash-server-pipe.3680"" 3572 1f7b6f78 tab
PID:3512",127.0.0.1,IpChannelEvent,TcpIpConnect,2021-10-09 16:24:13.629,0
"""C:\Program Files\Mozilla Firefox\firefox.exe"" -contentproc --channel=""3680.6.332033814\1485921153"" -childID 3 -isForBrowser -prefsHandle 3548 -prefMapHandle 3556 -prefsLen 9770 -prefMapSize 252743 -jsInit 596 286204 -parentBuildID 20210927210923 -appdir ""C:\Program Files\Mozilla Firefox\browser"" - 3680 ""\\.\pipe\gecko-crash-server-pipe.3680"" 3572 1f7b6f78 tab
PID:3512",127.0.0.1,IpChannelEvent,TcpIpSend,2021-10-09 16:24:13.629,2
"""C:\Program Files\Mozilla Firefox\firefox.exe"" -contentproc --channel=""3680.6.332033814\1485921153"" -childID 3 -isForBrowser -prefsHandle 3548 -prefMapHandle 3556 -prefsLen 9770 -prefMapSize 252743 -jsInit 596 286204 -parentBuildID 20210927210923 -appdir ""C:\Program Files\Mozilla Firefox\browser"" - 3680 ""\\.\pipe\gecko-crash-server-pipe.3680"" 3572 1f7b6f78 tab
PID:3512",127.0.0.1,IpChannelEvent,TcpIpAccept,2021-10-09 16:24:13.629,0
127.0.0.1,"""C:\Program Files\Mozilla Firefox\firefox.exe"" -contentproc --channel=""3680.6.332033814\1485921153"" -childID 3 -isForBrowser -prefsHandle 3548 -prefMapHandle 3556 -prefsLen 9770 -prefMapSize 252743 -jsInit 596 286204 -parentBuildID 20210927210923 -appdir ""C:\Program Files\Mozilla Firefox\browser"" - 3680 ""\\.\pipe\gecko-crash-server-pipe.3680"" 3572 1f7b6f78 tab
PID:3512",IpChannelEvent,TcpIpRecv,2021-10-09 16:24:13.629,2
"""C:\Program Files\Mozilla Firefox\firefox.exe"" -contentproc --channel=""3680.3.249969215\525322737"" -childID 2 -isForBrowser -prefsHandle 2120 -prefMapHandle 2368 -prefsLen 9000 -prefMapSize 252743 -jsInit 596 286204 -parentBuildID 20210927210923 -appdir ""C:\Program Files\Mozilla Firefox\browser"" - 3680 ""\\.\pipe\gecko-crash-server-pipe.3680"" 2360 1f7bf648 tab
PID:936",127.0.0.1,IpChannelEvent,TcpIpConnect,2021-10-09 16:24:10.283,0
"""C:\Program Files\Mozilla Firefox\firefox.exe"" -contentproc --channel=""3680.3.249969215\525322737"" -childID 2 -isForBrowser -prefsHandle 2120 -prefMapHandle 2368 -prefsLen 9000 -prefMapSize 252743 -jsInit 596 286204 -parentBuildID 20210927210923 -appdir ""C:\Program Files\Mozilla Firefox\browser"" - 3680 ""\\.\pipe\gecko-crash-server-pipe.3680"" 2360 1f7bf648 tab
PID:936",127.0.0.1,IpChannelEvent,TcpIpSend,2021-10-09 16:24:10.283,2
"""C:\Program Files\Mozilla Firefox\firefox.exe"" -contentproc --channel=""3680.3.249969215\525322737"" -childID 2 -isForBrowser -prefsHandle 2120 -prefMapHandle 2368 -prefsLen 9000 -prefMapSize 252743 -jsInit 596 286204 -parentBuildID 20210927210923 -appdir ""C:\Program Files\Mozilla Firefox\browser"" - 3680 ""\\.\pipe\gecko-crash-server-pipe.3680"" 2360 1f7bf648 tab
PID:936",127.0.0.1,IpChannelEvent,TcpIpSend,2021-10-09 16:24:12.820,43
"""C:\Program Files\Mozilla Firefox\firefox.exe"" -contentproc --channel=""3680.3.249969215\525322737"" -childID 2 -isForBrowser -prefsHandle 2120 -prefMapHandle 2368 -prefsLen 9000 -prefMapSize 252743 -jsInit 596 286204 -parentBuildID 20210927210923 -appdir ""C:\Program Files\Mozilla Firefox\browser"" - 3680 ""\\.\pipe\gecko-crash-server-pipe.3680"" 2360 1f7bf648 tab
PID:936",127.0.0.1,IpChannelEvent,TcpIpAccept,2021-10-09 16:24:10.283,0
127.0.0.1,"""C:\Program Files\Mozilla Firefox\firefox.exe"" -contentproc --channel=""3680.3.249969215\525322737"" -childID 2 -isForBrowser -prefsHandle 2120 -prefMapHandle 2368 -prefsLen 9000 -prefMapSize 252743 -jsInit 596 286204 -parentBuildID 20210927210923 -appdir ""C:\Program Files\Mozilla Firefox\browser"" - 3680 ""\\.\pipe\gecko-crash-server-pipe.3680"" 2360 1f7bf648 tab
PID:936",IpChannelEvent,TcpIpRecv,2021-10-09 16:24:10.283,2
127.0.0.1,"""C:\Program Files\Mozilla Firefox\firefox.exe"" -contentproc --channel=""3680.3.249969215\525322737"" -childID 2 -isForBrowser -prefsHandle 2120 -prefMapHandle 2368 -prefsLen 9000 -prefMapSize 252743 -jsInit 596 286204 -parentBuildID 20210927210923 -appdir ""C:\Program Files\Mozilla Firefox\browser"" - 3680 ""\\.\pipe\gecko-crash-server-pipe.3680"" 2360 1f7bf648 tab
PID:936",IpChannelEvent,TcpIpRecv,2021-10-09 16:24:12.820,43
C:\Windows\Prefetch\FIREFOX.EXE-A606B53C.pf,"""C:\Program Files\Mozilla Firefox\firefox.exe"" -contentproc --channel=""3680.3.249969215\525322737"" -childID 2 -isForBrowser -prefsHandle 2120 -prefMapHandle 2368 -prefsLen 9000 -prefMapSize 252743 -jsInit 596 286204 -parentBuildID 20210927210923 -appdir ""C:\Program Files\Mozilla Firefox\browser"" - 3680 ""\\.\pipe\gecko-crash-server-pipe.3680"" 2360 1f7bf648 tab
PID:936",FileEvent,Read,2021-10-09 16:24:10.247,61006
C:\Program Files\Mozilla Firefox\dependentlibs.list,"""C:\Program Files\Mozilla Firefox\firefox.exe"" -contentproc --channel=""3680.3.249969215\525322737"" -childID 2 -isForBrowser -prefsHandle 2120 -prefMapHandle 2368 -prefsLen 9000 -prefMapSize 252743 -jsInit 596 286204 -parentBuildID 20210927210923 -appdir ""C:\Program Files\Mozilla Firefox\browser"" - 3680 ""\\.\pipe\gecko-crash-server-pipe.3680"" 2360 1f7bf648 tab
PID:936",FileEvent,Read,2021-10-09 16:24:10.260,8192
C:\Users\jpdz\AppData\Local\Temp\mozilla-temp-files\mozilla-temp-41,"""C:\Program Files\Mozilla Firefox\firefox.exe"" -contentproc --channel=""3680.3.249969215\525322737"" -childID 2 -isForBrowser -prefsHandle 2120 -prefMapHandle 2368 -prefsLen 9000 -prefMapSize 252743 -jsInit 596 286204 -parentBuildID 20210927210923 -appdir ""C:\Program Files\Mozilla Firefox\browser"" - 3680 ""\\.\pipe\gecko-crash-server-pipe.3680"" 2360 1f7bf648 tab
PID:936",FileEvent,Read,2021-10-09 16:24:12.809,14814
"""C:\Program Files\Mozilla Firefox\firefox.exe"" -contentproc --channel=""3680.3.249969215\525322737"" -childID 2 -isForBrowser -prefsHandle 2120 -prefMapHandle 2368 -prefsLen 9000 -prefMapSize 252743 -jsInit 596 286204 -parentBuildID 20210927210923 -appdir ""C:\Program Files\Mozilla Firefox\browser"" - 3680 ""\\.\pipe\gecko-crash-server-pipe.3680"" 2360 1f7bf648 tab
PID:936",C:\Users\jpdz\AppData\Local\Temp\mozilla-temp-files\mozilla-temp-41,FileEvent,Write,2021-10-09 16:24:12.564,98304
