start,end,eventtype,operationtype,time,ref.size
"""C:\Program Files\Mozilla Firefox\firefox.exe"" rmol.id
PID:3516",C:\Users\jpdz\AppData\Local\Mozilla\Firefox\Profiles\uzjxbbj5.default-release\safebrowsing-updating\social-tracking-protection-twitter-digest256.vlpset,FileEvent,Delete,2021-10-09 16:24:32.264,0
"""C:\Program Files\Mozilla Firefox\firefox.exe"" rmol.id
PID:3516",C:\Users\jpdz\AppData\Local\Mozilla\Firefox\Profiles\uzjxbbj5.default-release\safebrowsing-updating\social-tracking-protection-twitter-digest256.vlpset,FileEvent,Write,2021-10-09 16:24:20.891,229
C:\Users\jpdz\AppData\Local\Mozilla\Firefox\Profiles\uzjxbbj5.default-release\safebrowsing-updating\social-tracking-protection-twitter-digest256.vlpset,"""C:\Program Files\Mozilla Firefox\firefox.exe"" rmol.id
PID:3516",FileEvent,Read,2021-10-09 16:24:20.891,32997
"""C:\Program Files\Mozilla Firefox\firefox.exe"" rmol.id
PID:3516",C:\Users\jpdz\AppData\Local\Mozilla\Firefox\Profiles\uzjxbbj5.default-release\safebrowsing-updating\mozstd-trackwhite-digest256.vlpset,FileEvent,Delete,2021-10-09 16:24:32.262,0
"""C:\Program Files\Mozilla Firefox\firefox.exe"" rmol.id
PID:3516",C:\Users\jpdz\AppData\Local\Mozilla\Firefox\Profiles\uzjxbbj5.default-release\safebrowsing-updating\mozstd-trackwhite-digest256.vlpset,FileEvent,Write,2021-10-09 16:24:20.886,309221
C:\Program Files\Mozilla Firefox\api-ms-win-crt-multibyte-l1-1-0.dll,"""C:\Program Files\Mozilla Firefox\firefox.exe"" rmol.id
PID:3516",FileEvent,Read,2021-10-09 16:24:09.550,65536
C:\Users\jpdz\AppData\Local\Mozilla\Firefox\Profiles\uzjxbbj5.default-release\safebrowsing\social-tracking-protection-facebook-digest256.vlpset,"""C:\Program Files\Mozilla Firefox\firefox.exe"" rmol.id
PID:3516",FileEvent,Read,2021-10-09 16:24:13.54,906
C:\Users\jpdz\AppData\Local\Mozilla\Firefox\Profiles\uzjxbbj5.default-release\safebrowsing\google4\goog-malware-proto.metadata,"""C:\Program Files\Mozilla Firefox\firefox.exe"" rmol.id
PID:3516",FileEvent,Read,2021-10-09 16:24:13.183,142
C:\Users\jpdz\AppData\Roaming\Mozilla\Firefox\Profiles\uzjxbbj5.default-release\storage\default\moz-extension+++0c3666b5-67b1-4855-b50d-d5fbfc0d2874^userContextId=4294967295\.metadata-v2,"""C:\Program Files\Mozilla Firefox\firefox.exe"" rmol.id
PID:3516",FileEvent,Read,2021-10-09 16:24:17.399,512
"""C:\Program Files\Mozilla Firefox\firefox.exe"" rmol.id
PID:3516",C:\Users\jpdz\AppData\Local\Mozilla\Firefox\Profiles\uzjxbbj5.default-release\cache2\doomed\13412,FileEvent,Delete,2021-10-09 16:24:09.732,0
"""C:\Program Files\Mozilla Firefox\firefox.exe"" rmol.id
PID:3516",C:\Users\jpdz\AppData\Local\Mozilla\Firefox\Profiles\uzjxbbj5.default-release\safebrowsing-updating\google4\goog-malware-proto.vlpset,FileEvent,Delete,2021-10-09 16:24:32.257,0
"""C:\Program Files\Mozilla Firefox\firefox.exe"" rmol.id
PID:3516",C:\Users\jpdz\AppData\Local\Mozilla\Firefox\Profiles\uzjxbbj5.default-release\safebrowsing-updating\google4\goog-malware-proto.vlpset,FileEvent,Write,2021-10-09 16:24:20.882,131104
"""C:\Program Files\Mozilla Firefox\firefox.exe"" rmol.id
PID:3516",C:\Users\jpdz\AppData\Local\Mozilla\Firefox\Profiles\uzjxbbj5.default-release\cache2\entries\18E64FFFE781C861CC00B838EF65D0E2B543E535,FileEvent,Write,2021-10-09 16:24:17.379,169
C:\Users\jpdz\AppData\Local\Mozilla\Firefox\Profiles\uzjxbbj5.default-release\safebrowsing\google-trackwhite-digest256.sbstore,"""C:\Program Files\Mozilla Firefox\firefox.exe"" rmol.id
PID:3516",FileEvent,Read,2021-10-09 16:24:13.182,92718
C:\Users\jpdz\AppData\Roaming\Mozilla\Firefox\Profiles\uzjxbbj5.default-release\extension-settings.json,"""C:\Program Files\Mozilla Firefox\firefox.exe"" rmol.id
PID:3516",FileEvent,Read,2021-10-09 16:24:09.890,284
C:\Users\jpdz\AppData\Roaming\Mozilla\Firefox\Profiles\uzjxbbj5.default-release\storage\permanent\chrome\idb\1451318868ntouromlalnodry--epcr.sqlite,"""C:\Program Files\Mozilla Firefox\firefox.exe"" rmol.id
PID:3516",FileEvent,Read,2021-10-09 16:24:09.895,37064
C:\Users\jpdz\AppData\Local\Mozilla\Firefox\Profiles\uzjxbbj5.default-release\safebrowsing\google-trackwhite-digest256.vlpset,"""C:\Program Files\Mozilla Firefox\firefox.exe"" rmol.id
PID:3516",FileEvent,Read,2021-10-09 16:24:13.47,4587520
C:\Users\jpdz\AppData\Roaming\Microsoft\Internet Explorer\Quick Launch\User Pinned\TaskBar\Firefox.lnk,"""C:\Program Files\Mozilla Firefox\firefox.exe"" rmol.id
PID:3516",FileEvent,Read,2021-10-09 16:24:13.211,4096
C:\Program Files\desktop.ini,"""C:\Program Files\Mozilla Firefox\firefox.exe"" rmol.id
PID:3516",FileEvent,Read,2021-10-09 16:24:13.214,176
"""C:\Program Files\Mozilla Firefox\firefox.exe"" rmol.id
PID:3516",C:\Users\jpdz\AppData\Roaming\Mozilla\Firefox\Profiles\uzjxbbj5.default-release\storage\default\moz-extension+++0424fd79-b62a-421f-bf32-0d1549ab34f2^userContextId=4294967295\idb\3647222921wleabcEoxlt-eengsairo.sqlite,FileEvent,Write,2021-10-09 16:24:22.511,8192
C:\Users\jpdz\AppData\Roaming\Mozilla\Firefox\Profiles\uzjxbbj5.default-release\storage\default\moz-extension+++0424fd79-b62a-421f-bf32-0d1549ab34f2^userContextId=4294967295\idb\3647222921wleabcEoxlt-eengsairo.sqlite,"""C:\Program Files\Mozilla Firefox\firefox.exe"" rmol.id
PID:3516",FileEvent,Read,2021-10-09 16:24:20.176,37064
"""C:\Program Files\Mozilla Firefox\firefox.exe"" rmol.id
PID:3516",C:\Users\jpdz\AppData\Local\Mozilla\Firefox\Profiles\uzjxbbj5.default-release\safebrowsing-updating\base-fingerprinting-track-digest256-1.sbstore,FileEvent,Write,2021-10-09 16:24:22.225,4456
"""C:\Program Files\Mozilla Firefox\firefox.exe"" rmol.id
PID:3516",13.225.93.97,IpChannelEvent,TcpIpConnect,2021-10-09 16:24:17.498,0
"""C:\Program Files\Mozilla Firefox\firefox.exe"" rmol.id
PID:3516",13.225.93.97,IpChannelEvent,TcpIpSend,2021-10-09 16:24:17.538,1080
13.225.93.97,"""C:\Program Files\Mozilla Firefox\firefox.exe"" rmol.id
PID:3516",IpChannelEvent,TcpIpRecv,2021-10-09 16:24:17.538,5116
"""C:\Program Files\Mozilla Firefox\firefox.exe"" rmol.id
PID:3516",C:\Users\jpdz\AppData\Local\Mozilla\Firefox\Profiles\uzjxbbj5.default-release\safebrowsing-updating\base-cryptomining-track-digest256.vlpset,FileEvent,Delete,2021-10-09 16:24:32.247,0
C:\Users\jpdz\AppData\Local\Mozilla\Firefox\Profiles\uzjxbbj5.default-release\safebrowsing-updating\base-cryptomining-track-digest256.vlpset,"""C:\Program Files\Mozilla Firefox\firefox.exe"" rmol.id
PID:3516",FileEvent,Read,2021-10-09 16:24:20.891,2277
"""C:\Program Files\Mozilla Firefox\firefox.exe"" rmol.id
PID:3516",C:\Users\jpdz\AppData\Local\Mozilla\Firefox\Profiles\uzjxbbj5.default-release\safebrowsing-updating\base-cryptomining-track-digest256.vlpset,FileEvent,Write,2021-10-09 16:24:20.417,2277
"""C:\Program Files\Mozilla Firefox\firefox.exe"" rmol.id
PID:3516",C:\Users\jpdz\AppData\Local\Mozilla\Firefox\Profiles\uzjxbbj5.default-release\safebrowsing-updating\google4\goog-badbinurl-proto.vlpset,FileEvent,Delete,2021-10-09 16:24:32.255,0
"""C:\Program Files\Mozilla Firefox\firefox.exe"" rmol.id
PID:3516",C:\Users\jpdz\AppData\Local\Mozilla\Firefox\Profiles\uzjxbbj5.default-release\safebrowsing-updating\google4\goog-badbinurl-proto.vlpset,FileEvent,Write,2021-10-09 16:24:20.661,131104
"""C:\Program Files\Mozilla Firefox\firefox.exe"" rmol.id
PID:3516",C:\Users\jpdz\AppData\Local\Mozilla\Firefox\Profiles\uzjxbbj5.default-release\cache2\doomed\31490,FileEvent,Delete,2021-10-09 16:24:22.441,0
"""C:\Program Files\Mozilla Firefox\firefox.exe"" rmol.id
PID:3516",C:\Users\jpdz\AppData\Roaming\Mozilla\Firefox\Profiles\uzjxbbj5.default-release\storage\default\moz-extension+++7b7c287d-b9ee-4c40-99c0-63c5bd847cee^userContextId=4294967295\idb\3647222921wleabcEoxlt-eengsairo.sqlite-shm,FileEvent,Delete,2021-10-09 16:24:20.173,0
"""C:\Program Files\Mozilla Firefox\firefox.exe"" rmol.id
PID:3516",C:\Users\jpdz\AppData\Roaming\Mozilla\Firefox\Profiles\uzjxbbj5.default-release\storage\default\moz-extension+++7b7c287d-b9ee-4c40-99c0-63c5bd847cee^userContextId=4294967295\idb\3647222921wleabcEoxlt-eengsairo.sqlite-shm,FileEvent,Delete,2021-10-09 16:24:32.175,0
C:\Users\jpdz\AppData\Roaming\Mozilla\Firefox\Profiles\uzjxbbj5.default-release\storage\default\moz-extension+++7b7c287d-b9ee-4c40-99c0-63c5bd847cee^userContextId=4294967295\idb\3647222921wleabcEoxlt-eengsairo.sqlite-shm,"""C:\Program Files\Mozilla Firefox\firefox.exe"" rmol.id
PID:3516",FileEvent,Read,2021-10-09 16:24:20.172,65536
C:\Users\jpdz\AppData\Local\Mozilla\Firefox\Profiles\uzjxbbj5.default-release\safebrowsing\base-cryptomining-track-digest256.vlpset,"""C:\Program Files\Mozilla Firefox\firefox.exe"" rmol.id
PID:3516",FileEvent,Read,2021-10-09 16:24:13.46,4554
"""C:\Program Files\Mozilla Firefox\firefox.exe"" rmol.id
PID:3516",C:\Users\jpdz\AppData\Roaming\Mozilla\Firefox\Profiles\uzjxbbj5.default-release\datareporting\glean\tmp\af4df19a-a3b9-4ff7-9dbe-6225dfd8c22e,FileEvent,Write,2021-10-09 16:24:17.415,4416
C:\Users\jpdz\AppData\Roaming\Mozilla\Firefox\Profiles\uzjxbbj5.default-release\storage\permanent\chrome\.metadata-v2,"""C:\Program Files\Mozilla Firefox\firefox.exe"" rmol.id
PID:3516",FileEvent,Read,2021-10-09 16:24:09.891,512
C:\Users\jpdz\AppData\Local\Mozilla\Firefox\Profiles\uzjxbbj5.default-release\safebrowsing\analytics-track-digest256.sbstore,"""C:\Program Files\Mozilla Firefox\firefox.exe"" rmol.id
PID:3516",FileEvent,Read,2021-10-09 16:24:13.181,1118
"""C:\Program Files\Mozilla Firefox\firefox.exe"" rmol.id
PID:3516",104.26.7.32,IpChannelEvent,TcpIpConnect,2021-10-09 16:24:18.120,0
104.26.7.32,"""C:\Program Files\Mozilla Firefox\firefox.exe"" rmol.id
PID:3516",IpChannelEvent,TcpIpRecv,2021-10-09 16:24:18.531,3108
"""C:\Program Files\Mozilla Firefox\firefox.exe"" rmol.id
PID:3516",104.26.7.32,IpChannelEvent,TcpIpSend,2021-10-09 16:24:18.151,1151
"""C:\Program Files\Mozilla Firefox\firefox.exe"" rmol.id
PID:3516",C:\Users\jpdz\AppData\Roaming\Mozilla\Firefox\Profiles\uzjxbbj5.default-release\storage\permanent\chrome\idb\2823318777ntouromlalnodry--naod.sqlite-shm,FileEvent,Delete,2021-10-09 16:24:17.398,0
"""C:\Program Files\Mozilla Firefox\firefox.exe"" rmol.id
PID:3516",C:\Users\jpdz\AppData\Roaming\Mozilla\Firefox\Profiles\uzjxbbj5.default-release\storage\permanent\chrome\idb\2823318777ntouromlalnodry--naod.sqlite-shm,FileEvent,Delete,2021-10-09 16:24:29.426,0
C:\Users\jpdz\AppData\Roaming\Mozilla\Firefox\Profiles\uzjxbbj5.default-release\storage\permanent\chrome\idb\2823318777ntouromlalnodry--naod.sqlite-shm,"""C:\Program Files\Mozilla Firefox\firefox.exe"" rmol.id
PID:3516",FileEvent,Read,2021-10-09 16:24:17.397,65536
C:\Users\jpdz\AppData\Roaming\Mozilla\Firefox\Profiles\uzjxbbj5.default-release\storage\ls-archive.sqlite,"""C:\Program Files\Mozilla Firefox\firefox.exe"" rmol.id
PID:3516",FileEvent,Read,2021-10-09 16:24:09.891,65684
C:\Users\jpdz\AppData\Local\Mozilla\Firefox\Profiles\uzjxbbj5.default-release\safebrowsing-updating\social-tracking-protection-twitter-digest256-1.vlpset,"""C:\Program Files\Mozilla Firefox\firefox.exe"" rmol.id
PID:3516",FileEvent,Read,2021-10-09 16:24:32.100,32768
"""C:\Program Files\Mozilla Firefox\firefox.exe"" rmol.id
PID:3516",C:\Users\jpdz\AppData\Local\Mozilla\Firefox\Profiles\uzjxbbj5.default-release\safebrowsing-updating\social-tracking-protection-twitter-digest256-1.vlpset,FileEvent,Write,2021-10-09 16:24:32.100,4357
"""C:\Program Files\Mozilla Firefox\firefox.exe"" rmol.id
PID:3516",34.107.221.82,IpChannelEvent,TcpIpConnect,2021-10-09 16:24:13.273,0
34.107.221.82,"""C:\Program Files\Mozilla Firefox\firefox.exe"" rmol.id
PID:3516",IpChannelEvent,TcpIpRecv,2021-10-09 16:24:13.313,604
"""C:\Program Files\Mozilla Firefox\firefox.exe"" rmol.id
PID:3516",34.107.221.82,IpChannelEvent,TcpIpSend,2021-10-09 16:24:13.313,666
"""C:\Program Files\Mozilla Firefox\firefox.exe"" rmol.id
PID:3516",C:\Users\jpdz\AppData\Roaming\Mozilla\Firefox\Profiles\uzjxbbj5.default-release\places.sqlite-wal,FileEvent,Write,2021-10-09 16:24:10.79,4128
"""C:\Program Files\Mozilla Firefox\firefox.exe"" rmol.id
PID:3516",C:\Users\jpdz\AppData\Roaming\Mozilla\Firefox\Profiles\uzjxbbj5.default-release\places.sqlite-wal,FileEvent,Write,2021-10-09 16:24:12.931,1835920
C:\Users\jpdz\AppData\Roaming\Mozilla\Firefox\Profiles\uzjxbbj5.default-release\places.sqlite-wal,"""C:\Program Files\Mozilla Firefox\firefox.exe"" rmol.id
PID:3516",FileEvent,Read,2021-10-09 16:24:20.276,327680
C:\Users\jpdz\AppData\Local\Mozilla\Firefox\Profiles\uzjxbbj5.default-release\safebrowsing\ads-track-digest256.vlpset,"""C:\Program Files\Mozilla Firefox\firefox.exe"" rmol.id
PID:3516",FileEvent,Read,2021-10-09 16:24:13.46,111754
C:\Users\jpdz\AppData\Local\Mozilla\Firefox\Profiles\uzjxbbj5.default-release\safebrowsing\analytics-track-digest256.vlpset,"""C:\Program Files\Mozilla Firefox\firefox.exe"" rmol.id
PID:3516",FileEvent,Read,2021-10-09 16:24:13.46,20042
C:\Users\jpdz\AppData\Roaming\Mozilla\Firefox\Profiles\uzjxbbj5.default-release\prefs.js,"""C:\Program Files\Mozilla Firefox\firefox.exe"" rmol.id
PID:3516",FileEvent,Read,2021-10-09 16:24:09.630,20224
"""C:\Program Files\Mozilla Firefox\firefox.exe"" rmol.id
PID:3516",125.220.192.143,IpChannelEvent,TcpIpConnect,2021-10-09 16:24:18.544,0
125.220.192.143,"""C:\Program Files\Mozilla Firefox\firefox.exe"" rmol.id
PID:3516",IpChannelEvent,TcpIpRecv,2021-10-09 16:24:18.573,14281
"""C:\Program Files\Mozilla Firefox\firefox.exe"" rmol.id
PID:3516",125.220.192.143,IpChannelEvent,TcpIpSend,2021-10-09 16:24:18.573,1187
"""C:\Program Files\Mozilla Firefox\firefox.exe"" rmol.id
PID:3516",C:\Users\jpdz\AppData\Local\Mozilla\Firefox\Profiles\uzjxbbj5.default-release\safebrowsing-updating\social-tracking-protection-twitter-digest256-1.sbstore,FileEvent,Write,2021-10-09 16:24:32.18,4344
"""C:\Program Files\Mozilla Firefox\firefox.exe"" rmol.id
PID:3516",C:\Users\jpdz\AppData\Roaming\Mozilla\Firefox\Profiles\uzjxbbj5.default-release\sessionCheckpoints.json.tmp,FileEvent,Write,2021-10-09 16:24:09.779,53
"""C:\Program Files\Mozilla Firefox\firefox.exe"" rmol.id
PID:3516",C:\Users\jpdz\AppData\Roaming\Mozilla\Firefox\Profiles\uzjxbbj5.default-release\sessionCheckpoints.json.tmp,FileEvent,Write,2021-10-09 16:24:13.62,90
"""C:\Program Files\Mozilla Firefox\firefox.exe"" rmol.id
PID:3516",C:\Users\jpdz\AppData\Local\Mozilla\Firefox\Profiles\uzjxbbj5.default-release\safebrowsing-updating\analytics-track-digest256.vlpset,FileEvent,Delete,2021-10-09 16:24:32.245,0
"""C:\Program Files\Mozilla Firefox\firefox.exe"" rmol.id
PID:3516",C:\Users\jpdz\AppData\Local\Mozilla\Firefox\Profiles\uzjxbbj5.default-release\safebrowsing-updating\analytics-track-digest256.vlpset,FileEvent,Write,2021-10-09 16:24:20.415,10021
C:\Users\jpdz\AppData\Local\Mozilla\Firefox\Profiles\uzjxbbj5.default-release\safebrowsing\allow-flashallow-digest256.vlpset,"""C:\Program Files\Mozilla Firefox\firefox.exe"" rmol.id
PID:3516",FileEvent,Read,2021-10-09 16:24:13.46,138
"""C:\Program Files\Mozilla Firefox\firefox.exe"" rmol.id
PID:3516",C:\Users\jpdz\AppData\Roaming\Mozilla\Firefox\Profiles\uzjxbbj5.default-release\cookies.sqlite-shm,FileEvent,Delete,2021-10-09 16:24:09.737,0
C:\Users\jpdz\AppData\Roaming\Mozilla\Firefox\Profiles\uzjxbbj5.default-release\cookies.sqlite-shm,"""C:\Program Files\Mozilla Firefox\firefox.exe"" rmol.id
PID:3516",FileEvent,Read,2021-10-09 16:24:09.736,65536
"""C:\Program Files\Mozilla Firefox\firefox.exe"" rmol.id
PID:3516",35.244.247.133,IpChannelEvent,TcpIpConnect,2021-10-09 16:24:17.634,0
"""C:\Program Files\Mozilla Firefox\firefox.exe"" rmol.id
PID:3516",35.244.247.133,IpChannelEvent,TcpIpDisconnect,2021-10-09 16:24:17.733,0
35.244.247.133,"""C:\Program Files\Mozilla Firefox\firefox.exe"" rmol.id
PID:3516",IpChannelEvent,TcpIpRecv,2021-10-09 16:24:17.689,3733
"""C:\Program Files\Mozilla Firefox\firefox.exe"" rmol.id
PID:3516",35.244.247.133,IpChannelEvent,TcpIpSend,2021-10-09 16:24:17.647,529
C:\Users\jpdz\AppData\Roaming\Mozilla\Firefox\Profiles\UZJXBB~1.DEF\cert9.db,"""C:\Program Files\Mozilla Firefox\firefox.exe"" rmol.id
PID:3516",FileEvent,Read,2021-10-09 16:24:09.924,131652
C:\Users\jpdz\AppData\Roaming\Mozilla\Firefox\Profiles\UZJXBB~1.DEF\cert9.db,"""C:\Program Files\Mozilla Firefox\firefox.exe"" rmol.id
PID:3516",FileEvent,Read,2021-10-09 16:24:13.92,38000
C:\Users\jpdz\AppData\Roaming\Mozilla\Firefox\Profiles\uzjxbbj5.default-release\places.sqlite,"""C:\Program Files\Mozilla Firefox\firefox.exe"" rmol.id
PID:3516",FileEvent,Read,2021-10-09 16:24:10.74,196708
C:\Users\jpdz\AppData\Roaming\Mozilla\Firefox\Profiles\uzjxbbj5.default-release\places.sqlite,"""C:\Program Files\Mozilla Firefox\firefox.exe"" rmol.id
PID:3516",FileEvent,Read,2021-10-09 16:24:12.952,950472
"""C:\Program Files\Mozilla Firefox\firefox.exe"" rmol.id
PID:3516",C:\Users\jpdz\AppData\Roaming\Mozilla\Firefox\Profiles\uzjxbbj5.default-release\storage\permanent\chrome\idb\1451318868ntouromlalnodry--epcr.sqlite-wal,FileEvent,Delete,2021-10-09 16:24:09.896,0
"""C:\Program Files\Mozilla Firefox\firefox.exe"" rmol.id
PID:3516",C:\Users\jpdz\AppData\Roaming\Mozilla\Firefox\Profiles\uzjxbbj5.default-release\storage\permanent\chrome\idb\1451318868ntouromlalnodry--epcr.sqlite-wal,FileEvent,Delete,2021-10-09 16:24:25.223,0
"""C:\Program Files\Mozilla Firefox\firefox.exe"" rmol.id
PID:3516",C:\Users\jpdz\AppData\Local\Mozilla\Firefox\Profiles\uzjxbbj5.default-release\safebrowsing-updating\block-flash-digest256.sbstore,FileEvent,Delete,2021-10-09 16:24:32.248,0
C:\Users\jpdz\AppData\Local\Mozilla\Firefox\Profiles\uzjxbbj5.default-release\safebrowsing-updating\block-flash-digest256.sbstore,"""C:\Program Files\Mozilla Firefox\firefox.exe"" rmol.id
PID:3516",FileEvent,Read,2021-10-09 16:24:20.421,32768
"""C:\Program Files\Mozilla Firefox\firefox.exe"" rmol.id
PID:3516",C:\Users\jpdz\AppData\Local\Mozilla\Firefox\Profiles\uzjxbbj5.default-release\safebrowsing-updating\block-flash-digest256.sbstore,FileEvent,Write,2021-10-09 16:24:20.421,451
"""C:\Program Files\Mozilla Firefox\firefox.exe"" rmol.id
PID:3516",C:\Users\jpdz\AppData\Local\Mozilla\Firefox\Profiles\uzjxbbj5.default-release\safebrowsing-updating\content-track-digest256-1.sbstore,FileEvent,Write,2021-10-09 16:24:23.6,735
C:\Users\jpdz\AppData\Roaming\Mozilla\Firefox\Profiles\uzjxbbj5.default-release\containers.json,"""C:\Program Files\Mozilla Firefox\firefox.exe"" rmol.id
PID:3516",FileEvent,Read,2021-10-09 16:24:13.177,939
"""C:\Program Files\Mozilla Firefox\firefox.exe"" rmol.id
PID:3516","""C:\Program Files\Mozilla Firefox\firefox.exe"" -contentproc --channel=""3516.1.314837147\1532116865"" -childID 1 -isForBrowser -prefsHandle 1684 -prefMapHandle 1696 -prefsLen 3677 -prefMapSize 252743 -jsInit 604 286204 -parentBuildID 20210927210923 -appdir ""C:\Program Files\Mozilla Firefox\browser"" - 3516 ""\\.\pipe\gecko-crash-server-pipe.3516"" 2024 1627b798 tab
PID:1356",ProcessEvent,Create,2021-10-09 16:24:09.984,
"""C:\Program Files\Mozilla Firefox\firefox.exe"" rmol.id
PID:3516",C:\Users\jpdz\AppData\Local\Mozilla\Firefox\Profiles\uzjxbbj5.default-release\safebrowsing-updating\social-tracking-protection-linkedin-digest256-1.sbstore,FileEvent,Write,2021-10-09 16:24:31.598,4344
"""C:\Program Files\Mozilla Firefox\firefox.exe"" rmol.id
PID:3516",C:\Users\jpdz\AppData\Local\Mozilla\Firefox\Profiles\uzjxbbj5.default-release\cache2\entries\57B37B24A38376F9641C889A63FEB7B81BE11A65,FileEvent,Write,2021-10-09 16:24:17.380,27410
"""C:\Program Files\Mozilla Firefox\firefox.exe"" rmol.id
PID:3516","""C:\Program Files\Mozilla Firefox\firefox.exe"" -contentproc --channel=""3516.3.1601828603\382046697"" -childID 2 -isForBrowser -prefsHandle 2584 -prefMapHandle 2580 -prefsLen 9000 -prefMapSize 252743 -jsInit 604 286204 -parentBuildID 20210927210923 -appdir ""C:\Program Files\Mozilla Firefox\browser"" - 3516 ""\\.\pipe\gecko-crash-server-pipe.3516"" 2596 18754b88 tab
PID:3568",ProcessEvent,Create,2021-10-09 16:24:13.144,
"""C:\Program Files\Mozilla Firefox\firefox.exe"" rmol.id
PID:3516",C:\ProgramData\Mozilla\updates\308046B0AF4A39CB\update.test,FileEvent,Delete,2021-10-09 16:24:17.446,0
"""C:\Program Files\Mozilla Firefox\firefox.exe"" rmol.id
PID:3516",C:\Users\jpdz\AppData\Local\Mozilla\Firefox\Profiles\uzjxbbj5.default-release\safebrowsing-updating\base-fingerprinting-track-digest256-1.vlpset,FileEvent,Write,2021-10-09 16:24:22.848,7845
"""C:\Program Files\Mozilla Firefox\firefox.exe"" rmol.id
PID:3516",C:\Users\jpdz\AppData\Roaming\Mozilla\Firefox\Profiles\uzjxbbj5.default-release\broadcast-listeners.json.tmp,FileEvent,Write,2021-10-09 16:24:22.708,216
"""C:\Program Files\Mozilla Firefox\firefox.exe"" rmol.id
PID:3516",C:\Users\jpdz\AppData\Roaming\Mozilla\Firefox\Profiles\uzjxbbj5.default-release\datareporting\glean\tmp\744b0dc7-7be7-4a61-af08-1fca93ae4ad2,FileEvent,Write,2021-10-09 16:24:17.420,1173
"""C:\Program Files\Mozilla Firefox\firefox.exe"" rmol.id
PID:3516",111.206.176.78,IpChannelEvent,TcpIpConnect,2021-10-09 16:24:17.838,0
"""C:\Program Files\Mozilla Firefox\firefox.exe"" rmol.id
PID:3516",111.206.176.78,IpChannelEvent,TcpIpSend,2021-10-09 16:24:17.846,1069
111.206.176.78,"""C:\Program Files\Mozilla Firefox\firefox.exe"" rmol.id
PID:3516",IpChannelEvent,TcpIpRecv,2021-10-09 16:24:17.846,11186
"""C:\Program Files\Mozilla Firefox\firefox.exe"" rmol.id
PID:3516",C:\Users\jpdz\AppData\Local\Mozilla\Firefox\Profiles\uzjxbbj5.default-release\safebrowsing-updating\google4\goog-phish-proto.metadata,FileEvent,Delete,2021-10-09 16:24:32.257,0
C:\Users\jpdz\AppData\Local\Mozilla\Firefox\Profiles\uzjxbbj5.default-release\safebrowsing-updating\google4\goog-phish-proto.metadata,"""C:\Program Files\Mozilla Firefox\firefox.exe"" rmol.id
PID:3516",FileEvent,Read,2021-10-09 16:24:20.882,32768
"""C:\Program Files\Mozilla Firefox\firefox.exe"" rmol.id
PID:3516",C:\Users\jpdz\AppData\Local\Mozilla\Firefox\Profiles\uzjxbbj5.default-release\safebrowsing-updating\google4\goog-phish-proto.metadata,FileEvent,Write,2021-10-09 16:24:20.882,71
"""C:\Program Files\Mozilla Firefox\firefox.exe"" rmol.id
PID:3516",C:\Users\jpdz\AppData\Roaming\Mozilla\Firefox\Profiles\uzjxbbj5.default-release\storage\permanent\chrome\idb\1451318868ntouromlalnodry--epcr.sqlite-shm,FileEvent,Delete,2021-10-09 16:24:09.896,0
C:\Users\jpdz\AppData\Roaming\Mozilla\Firefox\Profiles\uzjxbbj5.default-release\storage\permanent\chrome\idb\1451318868ntouromlalnodry--epcr.sqlite-shm,"""C:\Program Files\Mozilla Firefox\firefox.exe"" rmol.id
PID:3516",FileEvent,Read,2021-10-09 16:24:09.895,65536
"""C:\Program Files\Mozilla Firefox\firefox.exe"" rmol.id
PID:3516",C:\Users\jpdz\AppData\Roaming\Mozilla\Firefox\Profiles\uzjxbbj5.default-release\storage\permanent\chrome\idb\1451318868ntouromlalnodry--epcr.sqlite-shm,FileEvent,Delete,2021-10-09 16:24:25.223,0
C:\Users\jpdz\AppData\Roaming\Mozilla\Firefox\Profiles\uzjxbbj5.default-release\favicons.sqlite,"""C:\Program Files\Mozilla Firefox\firefox.exe"" rmol.id
PID:3516",FileEvent,Read,2021-10-09 16:24:10.76,98404
C:\Users\jpdz\AppData\Roaming\Mozilla\Firefox\Profiles\uzjxbbj5.default-release\favicons.sqlite,"""C:\Program Files\Mozilla Firefox\firefox.exe"" rmol.id
PID:3516",FileEvent,Read,2021-10-09 16:24:12.954,491720
C:\Program Files\Mozilla Firefox\api-ms-win-crt-time-l1-1-0.dll,"""C:\Program Files\Mozilla Firefox\firefox.exe"" rmol.id
PID:3516",FileEvent,Read,2021-10-09 16:24:09.550,65536
C:\Users\jpdz\AppData\Local\Mozilla\Firefox\Profiles\uzjxbbj5.default-release\safebrowsing\mozstd-trackwhite-digest256.sbstore,"""C:\Program Files\Mozilla Firefox\firefox.exe"" rmol.id
PID:3516",FileEvent,Read,2021-10-09 16:24:13.182,19938
"""C:\Program Files\Mozilla Firefox\firefox.exe"" rmol.id
PID:3516",C:\Users\jpdz\AppData\Local\Mozilla\Firefox\Profiles\uzjxbbj5.default-release\safebrowsing-updating\content-track-digest256-1.vlpset,FileEvent,Write,2021-10-09 16:24:24.291,31941
C:\Users\jpdz\AppData\Roaming\Mozilla\Firefox\Crash Reports\InstallTime20210927210923,"""C:\Program Files\Mozilla Firefox\firefox.exe"" rmol.id
PID:3516",FileEvent,Read,2021-10-09 16:24:09.618,10
"""C:\Program Files\Mozilla Firefox\firefox.exe"" rmol.id
PID:3516",C:\Users\jpdz\AppData\Roaming\Mozilla\Firefox\Profiles\uzjxbbj5.default-release\datareporting\glean\pending_pings\744b0dc7-7be7-4a61-af08-1fca93ae4ad2,FileEvent,Delete,2021-10-09 16:24:18.180,0
C:\Users\jpdz\AppData\Roaming\Mozilla\Firefox\Profiles\uzjxbbj5.default-release\datareporting\glean\pending_pings\744b0dc7-7be7-4a61-af08-1fca93ae4ad2,"""C:\Program Files\Mozilla Firefox\firefox.exe"" rmol.id
PID:3516",FileEvent,Read,2021-10-09 16:24:17.420,49152
"""C:\Program Files\Mozilla Firefox\firefox.exe"" rmol.id
PID:3516",104.26.7.32,IpChannelEvent,TcpIpConnect,2021-10-09 16:24:17.900,0
"""C:\Program Files\Mozilla Firefox\firefox.exe"" rmol.id
PID:3516",104.26.7.32,IpChannelEvent,TcpIpDisconnect,2021-10-09 16:24:18.828,0
104.26.7.32,"""C:\Program Files\Mozilla Firefox\firefox.exe"" rmol.id
PID:3516",IpChannelEvent,TcpIpRecv,2021-10-09 16:24:18.77,5258
"""C:\Program Files\Mozilla Firefox\firefox.exe"" rmol.id
PID:3516",104.26.7.32,IpChannelEvent,TcpIpSend,2021-10-09 16:24:18.77,1068
C:\Users\jpdz\AppData\Local\Mozilla\Firefox\Profiles\uzjxbbj5.default-release\safebrowsing\block-flashsubdoc-digest256.vlpset,"""C:\Program Files\Mozilla Firefox\firefox.exe"" rmol.id
PID:3516",FileEvent,Read,2021-10-09 16:24:13.47,335557
"""C:\Program Files\Mozilla Firefox\firefox.exe"" rmol.id
PID:3516",104.26.7.32,IpChannelEvent,TcpIpConnect,2021-10-09 16:24:18.132,0
"""C:\Program Files\Mozilla Firefox\firefox.exe"" rmol.id
PID:3516",104.26.7.32,IpChannelEvent,TcpIpSend,2021-10-09 16:24:18.338,633
104.26.7.32,"""C:\Program Files\Mozilla Firefox\firefox.exe"" rmol.id
PID:3516",IpChannelEvent,TcpIpRecv,2021-10-09 16:24:18.338,11942
C:\Users\jpdz\AppData\Roaming\Mozilla\Firefox\Profiles\uzjxbbj5.default-release\storage.sqlite,"""C:\Program Files\Mozilla Firefox\firefox.exe"" rmol.id
PID:3516",FileEvent,Read,2021-10-09 16:24:09.891,2180
"""C:\Program Files\Mozilla Firefox\firefox.exe"" rmol.id
PID:3516",C:\Users\jpdz\AppData\Roaming\Mozilla\Firefox\Profiles\uzjxbbj5.default-release\storage.sqlite,FileEvent,Write,2021-10-09 16:24:19.859,4096
C:\Users\jpdz\AppData\Roaming\Mozilla\Firefox\Profiles\uzjxbbj5.default-release\storage.sqlite,"""C:\Program Files\Mozilla Firefox\firefox.exe"" rmol.id
PID:3516",FileEvent,Read,2021-10-09 16:24:17.399,3120
C:\Users\jpdz\AppData\Roaming\Mozilla\Firefox\Profiles\uzjxbbj5.default-release\storage\default\moz-extension+++7b7c287d-b9ee-4c40-99c0-63c5bd847cee^userContextId=4294967295\idb\3647222921wleabcEoxlt-eengsairo.sqlite,"""C:\Program Files\Mozilla Firefox\firefox.exe"" rmol.id
PID:3516",FileEvent,Read,2021-10-09 16:24:20.171,37064
"""C:\Program Files\Mozilla Firefox\firefox.exe"" rmol.id
PID:3516",C:\Users\jpdz\AppData\Local\Mozilla\Firefox\Profiles\uzjxbbj5.default-release\cache2\entries\4AA019B57351EB5CDEB05D963E50FA01EE0CA19E,FileEvent,Write,2021-10-09 16:24:18.177,17434
"""C:\Program Files\Mozilla Firefox\firefox.exe"" rmol.id
PID:3516",121.194.10.91,IpChannelEvent,TcpIpConnect,2021-10-09 16:24:13.287,0
"""C:\Program Files\Mozilla Firefox\firefox.exe"" rmol.id
PID:3516",121.194.10.91,IpChannelEvent,TcpIpSend,2021-10-09 16:24:13.292,365
121.194.10.91,"""C:\Program Files\Mozilla Firefox\firefox.exe"" rmol.id
PID:3516",IpChannelEvent,TcpIpRecv,2021-10-09 16:24:13.292,647
"""C:\Program Files\Mozilla Firefox\firefox.exe"" rmol.id
PID:3516",C:\Users\jpdz\AppData\Local\Mozilla\Firefox\Profiles\uzjxbbj5.default-release\activity-stream.discovery_stream.json.tmp,FileEvent,Write,2021-10-09 16:24:17.831,185064
"""C:\Program Files\Mozilla Firefox\firefox.exe"" rmol.id
PID:3516",C:\Users\jpdz\AppData\Local\Mozilla\Firefox\Profiles\uzjxbbj5.default-release\cache2\doomed\16980,FileEvent,Delete,2021-10-09 16:24:22.442,0
"""C:\Program Files\Mozilla Firefox\firefox.exe"" rmol.id
PID:3516",C:\Users\jpdz\AppData\Local\Mozilla\Firefox\Profiles\uzjxbbj5.default-release\cache2\entries\FF23BF4B93229C5C9EA9B293CDBE59777B2E547C,FileEvent,Write,2021-10-09 16:24:20.435,31881
"""C:\Program Files\Mozilla Firefox\firefox.exe"" rmol.id
PID:3516",C:\Users\jpdz\AppData\Roaming\Mozilla\Firefox\Profiles\uzjxbbj5.default-release\storage\permanent\chrome\idb\3561288849sdhlie.sqlite-shm,FileEvent,Delete,2021-10-09 16:24:13.208,0
"""C:\Program Files\Mozilla Firefox\firefox.exe"" rmol.id
PID:3516",C:\Users\jpdz\AppData\Roaming\Mozilla\Firefox\Profiles\uzjxbbj5.default-release\storage\permanent\chrome\idb\3561288849sdhlie.sqlite-shm,FileEvent,Delete,2021-10-09 16:24:25.224,0
C:\Users\jpdz\AppData\Roaming\Mozilla\Firefox\Profiles\uzjxbbj5.default-release\storage\permanent\chrome\idb\3561288849sdhlie.sqlite-shm,"""C:\Program Files\Mozilla Firefox\firefox.exe"" rmol.id
PID:3516",FileEvent,Read,2021-10-09 16:24:13.207,65536
C:\Users\jpdz\AppData\Roaming\Mozilla\Firefox\Profiles\uzjxbbj5.default-release\gmp-widevinecdm\4.10.2209.1\manifest.json,"""C:\Program Files\Mozilla Firefox\firefox.exe"" rmol.id
PID:3516",FileEvent,Read,2021-10-09 16:24:09.994,373
"""C:\Program Files\Mozilla Firefox\firefox.exe"" rmol.id
PID:3516",C:\Users\jpdz\AppData\Roaming\Mozilla\Firefox\Profiles\uzjxbbj5.default-release\extension-settings.json.tmp,FileEvent,Write,2021-10-09 16:24:17.340,284
"""C:\Program Files\Mozilla Firefox\firefox.exe"" rmol.id
PID:3516",C:\Users\jpdz\AppData\Local\Mozilla\Firefox\Profiles\uzjxbbj5.default-release\cache2\entries\03FD69F5258BFFF8DEB1AEDFF1A547B59F3F752D,FileEvent,Write,2021-10-09 16:24:17.432,2082
C:\Users\jpdz\AppData\Roaming\Mozilla\Firefox\Profiles\uzjxbbj5.default-release\SiteSecurityServiceState.txt,"""C:\Program Files\Mozilla Firefox\firefox.exe"" rmol.id
PID:3516",FileEvent,Read,2021-10-09 16:24:09.926,433
"""C:\Program Files\Mozilla Firefox\firefox.exe"" rmol.id
PID:3516",13.225.93.10,IpChannelEvent,TcpIpConnect,2021-10-09 16:24:13.255,0
"""C:\Program Files\Mozilla Firefox\firefox.exe"" rmol.id
PID:3516",13.225.93.10,IpChannelEvent,TcpIpSend,2021-10-09 16:24:13.295,1219
13.225.93.10,"""C:\Program Files\Mozilla Firefox\firefox.exe"" rmol.id
PID:3516",IpChannelEvent,TcpIpRecv,2021-10-09 16:24:13.295,15339
C:\Users\jpdz\AppData\Roaming\Mozilla\Firefox\Profiles\uzjxbbj5.default-release\addons.json,"""C:\Program Files\Mozilla Firefox\firefox.exe"" rmol.id
PID:3516",FileEvent,Read,2021-10-09 16:24:17.387,1022
C:\Users\jpdz\AppData\Local\Mozilla\Firefox\Profiles\uzjxbbj5.default-release\safebrowsing\ads-track-digest256.sbstore,"""C:\Program Files\Mozilla Firefox\firefox.exe"" rmol.id
PID:3516",FileEvent,Read,2021-10-09 16:24:13.181,4038
C:\Program Files\Mozilla Firefox\api-ms-win-crt-filesystem-l1-1-0.dll,"""C:\Program Files\Mozilla Firefox\firefox.exe"" rmol.id
PID:3516",FileEvent,Read,2021-10-09 16:24:09.549,65536
"""C:\Program Files\Mozilla Firefox\firefox.exe"" rmol.id
PID:3516",C:\Users\jpdz\AppData\Roaming\Mozilla\Firefox\Profiles\uzjxbbj5.default-release\storage\permanent\chrome\idb\2918063365piupsah.sqlite-wal,FileEvent,Delete,2021-10-09 16:24:13.210,0
"""C:\Program Files\Mozilla Firefox\firefox.exe"" rmol.id
PID:3516",C:\Users\jpdz\AppData\Roaming\Mozilla\Firefox\Profiles\uzjxbbj5.default-release\storage\permanent\chrome\idb\2918063365piupsah.sqlite-wal,FileEvent,Delete,2021-10-09 16:24:30.144,0
C:\Users\jpdz\AppData\Roaming\Microsoft\Network\Connections\Pbk\_hiddenPbk\rasphone.pbk,"""C:\Program Files\Mozilla Firefox\firefox.exe"" rmol.id
PID:3516",FileEvent,Read,2021-10-09 16:24:09.959,2048
"""C:\Program Files\Mozilla Firefox\firefox.exe"" rmol.id
PID:3516",121.194.1.37,IpChannelEvent,TcpIpConnect,2021-10-09 16:24:17.635,0
121.194.1.37,"""C:\Program Files\Mozilla Firefox\firefox.exe"" rmol.id
PID:3516",IpChannelEvent,TcpIpRecv,2021-10-09 16:24:17.639,1091
"""C:\Program Files\Mozilla Firefox\firefox.exe"" rmol.id
PID:3516",121.194.1.37,IpChannelEvent,TcpIpSend,2021-10-09 16:24:17.639,453
C:\Users\jpdz\AppData\Local\Mozilla\Firefox\Profiles\uzjxbbj5.default-release\safebrowsing\social-track-digest256.sbstore,"""C:\Program Files\Mozilla Firefox\firefox.exe"" rmol.id
PID:3516",FileEvent,Read,2021-10-09 16:24:13.182,618
"""C:\Program Files\Mozilla Firefox\firefox.exe"" rmol.id
PID:3516",C:\Users\jpdz\AppData\Local\Mozilla\Firefox\Profiles\uzjxbbj5.default-release\safebrowsing-updating\google-trackwhite-digest256.sbstore,FileEvent,Delete,2021-10-09 16:24:32.254,0
C:\Users\jpdz\AppData\Local\Mozilla\Firefox\Profiles\uzjxbbj5.default-release\safebrowsing-updating\google-trackwhite-digest256.sbstore,"""C:\Program Files\Mozilla Firefox\firefox.exe"" rmol.id
PID:3516",FileEvent,Read,2021-10-09 16:24:25.80,46359
"""C:\Program Files\Mozilla Firefox\firefox.exe"" rmol.id
PID:3516",C:\Users\jpdz\AppData\Local\Mozilla\Firefox\Profiles\uzjxbbj5.default-release\safebrowsing-updating\google-trackwhite-digest256.sbstore,FileEvent,Write,2021-10-09 16:24:20.655,46359
C:\Program Files\Mozilla Firefox\api-ms-win-crt-environment-l1-1-0.dll,"""C:\Program Files\Mozilla Firefox\firefox.exe"" rmol.id
PID:3516",FileEvent,Read,2021-10-09 16:24:09.549,65536
C:\Users\jpdz\AppData\Roaming\Mozilla\Firefox\Profiles\uzjxbbj5.default-release\datareporting\glean\db\data.safe.bin,"""C:\Program Files\Mozilla Firefox\firefox.exe"" rmol.id
PID:3516",FileEvent,Read,2021-10-09 16:24:17.411,2579
"""C:\Program Files\Mozilla Firefox\firefox.exe"" rmol.id
PID:3516",C:\Users\jpdz\AppData\Roaming\Mozilla\Firefox\Profiles\uzjxbbj5.default-release\datareporting\glean\db\data.safe.bin,FileEvent,Write,2021-10-09 16:24:17.411,46693
C:\Users\jpdz\AppData\Roaming\Mozilla\Firefox\Profiles\uzjxbbj5.default-release\storage\permanent\chrome\idb\2918063365piupsah.sqlite,"""C:\Program Files\Mozilla Firefox\firefox.exe"" rmol.id
PID:3516",FileEvent,Read,2021-10-09 16:24:13.209,41160
"""C:\Program Files\Mozilla Firefox\firefox.exe"" rmol.id
PID:3516",C:\Users\jpdz\AppData\Local\Mozilla\Firefox\Profiles\uzjxbbj5.default-release\safebrowsing-updating\analytics-track-digest256.sbstore,FileEvent,Delete,2021-10-09 16:24:32.244,0
"""C:\Program Files\Mozilla Firefox\firefox.exe"" rmol.id
PID:3516",C:\Users\jpdz\AppData\Local\Mozilla\Firefox\Profiles\uzjxbbj5.default-release\safebrowsing-updating\analytics-track-digest256.sbstore,FileEvent,Write,2021-10-09 16:24:20.415,559
"""C:\Program Files\Mozilla Firefox\firefox.exe"" rmol.id
PID:3516",104.26.6.32,IpChannelEvent,TcpIpConnect,2021-10-09 16:24:18.120,0
"""C:\Program Files\Mozilla Firefox\firefox.exe"" rmol.id
PID:3516",104.26.6.32,IpChannelEvent,TcpIpDisconnect,2021-10-09 16:24:19.86,0
104.26.6.32,"""C:\Program Files\Mozilla Firefox\firefox.exe"" rmol.id
PID:3516",IpChannelEvent,TcpIpRecv,2021-10-09 16:24:18.303,5239
"""C:\Program Files\Mozilla Firefox\firefox.exe"" rmol.id
PID:3516",104.26.6.32,IpChannelEvent,TcpIpSend,2021-10-09 16:24:18.151,1068
C:\Users\jpdz\AppData\Roaming\Mozilla\Firefox\profiles.ini,"""C:\Program Files\Mozilla Firefox\firefox.exe"" rmol.id
PID:3516",FileEvent,Read,2021-10-09 16:24:09.619,305
C:\Users\jpdz\AppData\Local\Mozilla\Firefox\Profiles\uzjxbbj5.default-release\safebrowsing\except-flash-digest256.sbstore,"""C:\Program Files\Mozilla Firefox\firefox.exe"" rmol.id
PID:3516",FileEvent,Read,2021-10-09 16:24:13.182,480
C:\Users\jpdz\AppData\Local\Mozilla\Firefox\Profiles\uzjxbbj5.default-release\safebrowsing\except-flash-digest256.vlpset,"""C:\Program Files\Mozilla Firefox\firefox.exe"" rmol.id
PID:3516",FileEvent,Read,2021-10-09 16:24:13.47,202
"""C:\Program Files\Mozilla Firefox\firefox.exe"" rmol.id
PID:3516",C:\Users\jpdz\AppData\Local\Mozilla\Firefox\Profiles\uzjxbbj5.default-release\cache2\entries\1CFC4CCAC9427D69B33262944F85D84479ABA9C7,FileEvent,Write,2021-10-09 16:24:13.293,2871
"""C:\Program Files\Mozilla Firefox\firefox.exe"" rmol.id
PID:3516",13.225.93.97,IpChannelEvent,TcpIpConnect,2021-10-09 16:24:18.700,0
"""C:\Program Files\Mozilla Firefox\firefox.exe"" rmol.id
PID:3516",13.225.93.97,IpChannelEvent,TcpIpSend,2021-10-09 16:24:18.737,3008
13.225.93.97,"""C:\Program Files\Mozilla Firefox\firefox.exe"" rmol.id
PID:3516",IpChannelEvent,TcpIpRecv,2021-10-09 16:24:18.737,96406
"""C:\Program Files\Mozilla Firefox\firefox.exe"" rmol.id
PID:3516",C:\Users\jpdz\AppData\Roaming\Mozilla\Firefox\Profiles\uzjxbbj5.default-release\datareporting\glean\pending_pings\af4df19a-a3b9-4ff7-9dbe-6225dfd8c22e,FileEvent,Delete,2021-10-09 16:24:17.941,0
C:\Users\jpdz\AppData\Roaming\Mozilla\Firefox\Profiles\uzjxbbj5.default-release\datareporting\glean\pending_pings\af4df19a-a3b9-4ff7-9dbe-6225dfd8c22e,"""C:\Program Files\Mozilla Firefox\firefox.exe"" rmol.id
PID:3516",FileEvent,Read,2021-10-09 16:24:17.415,49152
C:\Users\jpdz\AppData\Local\Mozilla\Firefox\Profiles\uzjxbbj5.default-release\safebrowsing\google4\goog-downloadwhite-proto.metadata,"""C:\Program Files\Mozilla Firefox\firefox.exe"" rmol.id
PID:3516",FileEvent,Read,2021-10-09 16:24:13.183,138
"""C:\Program Files\Mozilla Firefox\firefox.exe"" rmol.id
PID:3516",13.225.93.62,IpChannelEvent,TcpIpConnect,2021-10-09 16:24:20.189,0
"""C:\Program Files\Mozilla Firefox\firefox.exe"" rmol.id
PID:3516",13.225.93.62,IpChannelEvent,TcpIpDisconnect,2021-10-09 16:24:20.284,0
"""C:\Program Files\Mozilla Firefox\firefox.exe"" rmol.id
PID:3516",13.225.93.62,IpChannelEvent,TcpIpSend,2021-10-09 16:24:20.230,1087
13.225.93.62,"""C:\Program Files\Mozilla Firefox\firefox.exe"" rmol.id
PID:3516",IpChannelEvent,TcpIpRecv,2021-10-09 16:24:20.230,4490
"""C:\Program Files\Mozilla Firefox\firefox.exe"" rmol.id
PID:3516",C:\Users\jpdz\AppData\Roaming\Mozilla\Firefox\Profiles\uzjxbbj5.default-release\storage\permanent\chrome\idb\3870112724rsegmnoittet-es.sqlite-wal,FileEvent,Delete,2021-10-09 16:24:09.894,0
C:\Users\jpdz\AppData\Roaming\Mozilla\Firefox\Profiles\uzjxbbj5.default-release\storage\permanent\chrome\idb\3870112724rsegmnoittet-es.sqlite-wal,"""C:\Program Files\Mozilla Firefox\firefox.exe"" rmol.id
PID:3516",FileEvent,Read,2021-10-09 16:24:20.184,425984
"""C:\Program Files\Mozilla Firefox\firefox.exe"" rmol.id
PID:3516",C:\Users\jpdz\AppData\Roaming\Mozilla\Firefox\Profiles\uzjxbbj5.default-release\storage\permanent\chrome\idb\3870112724rsegmnoittet-es.sqlite-wal,FileEvent,Write,2021-10-09 16:24:19.72,1002304
"""C:\Program Files\Mozilla Firefox\firefox.exe"" rmol.id
PID:3516",C:\Users\jpdz\AppData\Roaming\Mozilla\Firefox\Profiles\uzjxbbj5.default-release\storage\permanent\chrome\idb\1657114595AmcateirvtiSty.sqlite-shm,FileEvent,Delete,2021-10-09 16:24:13.112,0
"""C:\Program Files\Mozilla Firefox\firefox.exe"" rmol.id
PID:3516",C:\Users\jpdz\AppData\Roaming\Mozilla\Firefox\Profiles\uzjxbbj5.default-release\storage\permanent\chrome\idb\1657114595AmcateirvtiSty.sqlite-shm,FileEvent,Delete,2021-10-09 16:24:32.757,0
C:\Users\jpdz\AppData\Roaming\Mozilla\Firefox\Profiles\uzjxbbj5.default-release\storage\permanent\chrome\idb\1657114595AmcateirvtiSty.sqlite-shm,"""C:\Program Files\Mozilla Firefox\firefox.exe"" rmol.id
PID:3516",FileEvent,Read,2021-10-09 16:24:13.111,65536
C:\Users\jpdz\AppData\Local\Mozilla\Firefox\Profiles\uzjxbbj5.default-release\safebrowsing\social-tracking-protection-facebook-digest256.sbstore,"""C:\Program Files\Mozilla Firefox\firefox.exe"" rmol.id
PID:3516",FileEvent,Read,2021-10-09 16:24:13.182,512
"""C:\Program Files\Mozilla Firefox\firefox.exe"" rmol.id
PID:3516",C:\Users\jpdz\AppData\Roaming\Mozilla\Firefox\Profiles\uzjxbbj5.default-release\addonStartup.json.lz4.tmp,FileEvent,Write,2021-10-09 16:24:17.388,11178
"""C:\Program Files\Mozilla Firefox\firefox.exe"" rmol.id
PID:3516",104.18.1.239,IpChannelEvent,TcpIpConnect,2021-10-09 16:24:18.167,0
104.18.1.239,"""C:\Program Files\Mozilla Firefox\firefox.exe"" rmol.id
PID:3516",IpChannelEvent,TcpIpRecv,2021-10-09 16:24:18.343,8649
"""C:\Program Files\Mozilla Firefox\firefox.exe"" rmol.id
PID:3516",104.18.1.239,IpChannelEvent,TcpIpSend,2021-10-09 16:24:18.343,1048
C:\Users\jpdz\AppData\Local\Mozilla\Firefox\Profiles\uzjxbbj5.default-release\cache2\entries\3B2DB0CC02AD1DD0C4C39368E12A8E60370437C4,"""C:\Program Files\Mozilla Firefox\firefox.exe"" rmol.id
PID:3516",FileEvent,Read,2021-10-09 16:24:17.455,10113
"""C:\Program Files\Mozilla Firefox\firefox.exe"" rmol.id
PID:3516",C:\Users\jpdz\AppData\Local\Mozilla\Firefox\Profiles\uzjxbbj5.default-release\cache2\entries\3B2DB0CC02AD1DD0C4C39368E12A8E60370437C4,FileEvent,Write,2021-10-09 16:24:17.456,49251
C:\Users\jpdz\AppData\Roaming\Mozilla\Firefox\Profiles\uzjxbbj5.default-release\gmp-gmpopenh264\1.8.1.1\gmpopenh264.info,"""C:\Program Files\Mozilla Firefox\firefox.exe"" rmol.id
PID:3516",FileEvent,Read,2021-10-09 16:24:09.994,116
"""C:\Program Files\Mozilla Firefox\firefox.exe"" rmol.id
PID:3516",C:\Users\jpdz\AppData\Local\Mozilla\Firefox\Profiles\uzjxbbj5.default-release\cache2\doomed\26564,FileEvent,Delete,2021-10-09 16:24:18.171,0
C:\Users\jpdz\AppData\Roaming\Mozilla\Firefox\Profiles\uzjxbbj5.default-release\broadcast-listeners.json,"""C:\Program Files\Mozilla Firefox\firefox.exe"" rmol.id
PID:3516",FileEvent,Read,2021-10-09 16:24:17.387,216
"""C:\Program Files\Mozilla Firefox\firefox.exe"" rmol.id
PID:3516",C:\Users\jpdz\AppData\Local\Mozilla\Firefox\Profiles\uzjxbbj5.default-release\safebrowsing-updating\google4\goog-badbinurl-proto.metadata,FileEvent,Delete,2021-10-09 16:24:32.255,0
C:\Users\jpdz\AppData\Local\Mozilla\Firefox\Profiles\uzjxbbj5.default-release\safebrowsing-updating\google4\goog-badbinurl-proto.metadata,"""C:\Program Files\Mozilla Firefox\firefox.exe"" rmol.id
PID:3516",FileEvent,Read,2021-10-09 16:24:20.660,32768
"""C:\Program Files\Mozilla Firefox\firefox.exe"" rmol.id
PID:3516",C:\Users\jpdz\AppData\Local\Mozilla\Firefox\Profiles\uzjxbbj5.default-release\safebrowsing-updating\google4\goog-badbinurl-proto.metadata,FileEvent,Write,2021-10-09 16:24:20.660,71
C:\Program Files\Mozilla Firefox\api-ms-win-crt-string-l1-1-0.dll,"""C:\Program Files\Mozilla Firefox\firefox.exe"" rmol.id
PID:3516",FileEvent,Read,2021-10-09 16:24:09.549,65536
"""C:\Program Files\Mozilla Firefox\firefox.exe"" rmol.id
PID:3516",C:\Users\jpdz\AppData\Local\Mozilla\Firefox\Profiles\uzjxbbj5.default-release\safebrowsing-updating\except-flash-digest256.sbstore,FileEvent,Delete,2021-10-09 16:24:32.251,0
C:\Users\jpdz\AppData\Local\Mozilla\Firefox\Profiles\uzjxbbj5.default-release\safebrowsing-updating\except-flash-digest256.sbstore,"""C:\Program Files\Mozilla Firefox\firefox.exe"" rmol.id
PID:3516",FileEvent,Read,2021-10-09 16:24:20.646,32768
"""C:\Program Files\Mozilla Firefox\firefox.exe"" rmol.id
PID:3516",C:\Users\jpdz\AppData\Local\Mozilla\Firefox\Profiles\uzjxbbj5.default-release\safebrowsing-updating\except-flash-digest256.sbstore,FileEvent,Write,2021-10-09 16:24:20.646,240
"""C:\Program Files\Mozilla Firefox\firefox.exe"" rmol.id
PID:3516",115.157.63.19,IpChannelEvent,TcpIpConnect,2021-10-09 16:24:10.141,0
115.157.63.19,"""C:\Program Files\Mozilla Firefox\firefox.exe"" rmol.id
PID:3516",IpChannelEvent,TcpIpRecv,2021-10-09 16:24:10.169,3773
"""C:\Program Files\Mozilla Firefox\firefox.exe"" rmol.id
PID:3516",115.157.63.19,IpChannelEvent,TcpIpSend,2021-10-09 16:24:10.169,602
"""C:\Program Files\Mozilla Firefox\firefox.exe"" rmol.id
PID:3516",115.157.63.19,IpChannelEvent,TcpIpDisconnect,2021-10-09 16:24:17.410,0
"""C:\Program Files\Mozilla Firefox\firefox.exe"" rmol.id
PID:3516",C:\Users\jpdz\AppData\Local\Mozilla\Firefox\Profiles\uzjxbbj5.default-release\cache2\entries\36334BAFD5A521112D1E99660609533838382A65,FileEvent,Write,2021-10-09 16:24:19.12,48531
C:\Users\jpdz\AppData\Local\Mozilla\Firefox\Profiles\uzjxbbj5.default-release\cache2\entries\58076067EBEB56951E5BA3FCA84F5F2CE2203F7A,"""C:\Program Files\Mozilla Firefox\firefox.exe"" rmol.id
PID:3516",FileEvent,Read,2021-10-09 16:24:13.92,30235
"""C:\Program Files\Mozilla Firefox\firefox.exe"" rmol.id
PID:3516",C:\Users\jpdz\AppData\Local\Mozilla\Firefox\Profiles\uzjxbbj5.default-release\cache2\entries\58076067EBEB56951E5BA3FCA84F5F2CE2203F7A,FileEvent,Write,2021-10-09 16:24:13.107,102637
"""C:\Program Files\Mozilla Firefox\firefox.exe"" rmol.id
PID:3516",C:\Users\jpdz\AppData\Local\Temp\firefox\parent.lock,FileEvent,Delete,2021-10-09 16:24:09.780,0
"""C:\Program Files\Mozilla Firefox\firefox.exe"" rmol.id
PID:3516",C:\Users\jpdz\AppData\Roaming\Mozilla\Firefox\Profiles\uzjxbbj5.default-release\prefs-1.js,FileEvent,Write,2021-10-09 16:24:13.70,226272
"""C:\Program Files\Mozilla Firefox\firefox.exe"" rmol.id
PID:3516",C:\Users\jpdz\AppData\Local\Mozilla\Firefox\Profiles\uzjxbbj5.default-release\safebrowsing-updating\social-track-digest256-1.vlpset,FileEvent,Write,2021-10-09 16:24:30.433,6245
"""C:\Program Files\Mozilla Firefox\firefox.exe"" rmol.id
PID:3516",C:\Users\jpdz\AppData\Local\Mozilla\Firefox\Profiles\uzjxbbj5.default-release\safebrowsing-updating\social-tracking-protection-facebook-digest256.vlpset,FileEvent,Delete,2021-10-09 16:24:32.263,0
"""C:\Program Files\Mozilla Firefox\firefox.exe"" rmol.id
PID:3516",C:\Users\jpdz\AppData\Local\Mozilla\Firefox\Profiles\uzjxbbj5.default-release\safebrowsing-updating\social-tracking-protection-facebook-digest256.vlpset,FileEvent,Write,2021-10-09 16:24:20.889,453
C:\Users\jpdz\AppData\Local\Mozilla\Firefox\Profiles\uzjxbbj5.default-release\safebrowsing-updating\social-tracking-protection-facebook-digest256.vlpset,"""C:\Program Files\Mozilla Firefox\firefox.exe"" rmol.id
PID:3516",FileEvent,Read,2021-10-09 16:24:20.889,33221
"""C:\Program Files\Mozilla Firefox\firefox.exe"" rmol.id
PID:3516",C:\Users\jpdz\AppData\Local\Mozilla\Firefox\Profiles\uzjxbbj5.default-release\safebrowsing-updating\base-fingerprinting-track-digest256.sbstore,FileEvent,Delete,2021-10-09 16:24:32.247,0
C:\Users\jpdz\AppData\Local\Mozilla\Firefox\Profiles\uzjxbbj5.default-release\safebrowsing-updating\base-fingerprinting-track-digest256.sbstore,"""C:\Program Files\Mozilla Firefox\firefox.exe"" rmol.id
PID:3516",FileEvent,Read,2021-10-09 16:24:20.419,33127
"""C:\Program Files\Mozilla Firefox\firefox.exe"" rmol.id
PID:3516",C:\Users\jpdz\AppData\Local\Mozilla\Firefox\Profiles\uzjxbbj5.default-release\safebrowsing-updating\base-fingerprinting-track-digest256.sbstore,FileEvent,Write,2021-10-09 16:24:20.419,359
C:\Users\jpdz\AppData\Roaming\Mozilla\Firefox\Profiles\uzjxbbj5.default-release\storage\default\moz-extension+++7b7c287d-b9ee-4c40-99c0-63c5bd847cee^userContextId=4294967295\.metadata-v2,"""C:\Program Files\Mozilla Firefox\firefox.exe"" rmol.id
PID:3516",FileEvent,Read,2021-10-09 16:24:17.400,512
"""C:\Program Files\Mozilla Firefox\firefox.exe"" rmol.id
PID:3516",C:\Users\jpdz\AppData\Roaming\Mozilla\Firefox\Profiles\uzjxbbj5.default-release\storage\default\moz-extension+++0424fd79-b62a-421f-bf32-0d1549ab34f2^userContextId=4294967295\idb\3647222921wleabcEoxlt-eengsairo.sqlite-wal,FileEvent,Delete,2021-10-09 16:24:20.177,0
"""C:\Program Files\Mozilla Firefox\firefox.exe"" rmol.id
PID:3516",C:\Users\jpdz\AppData\Roaming\Mozilla\Firefox\Profiles\uzjxbbj5.default-release\storage\default\moz-extension+++0424fd79-b62a-421f-bf32-0d1549ab34f2^userContextId=4294967295\idb\3647222921wleabcEoxlt-eengsairo.sqlite-wal,FileEvent,Delete,2021-10-09 16:24:32.177,0
C:\Users\jpdz\AppData\Roaming\Mozilla\Firefox\Profiles\uzjxbbj5.default-release\storage\default\moz-extension+++0424fd79-b62a-421f-bf32-0d1549ab34f2^userContextId=4294967295\idb\3647222921wleabcEoxlt-eengsairo.sqlite-wal,"""C:\Program Files\Mozilla Firefox\firefox.exe"" rmol.id
PID:3516",FileEvent,Read,2021-10-09 16:24:22.511,4096
"""C:\Program Files\Mozilla Firefox\firefox.exe"" rmol.id
PID:3516",C:\Users\jpdz\AppData\Roaming\Mozilla\Firefox\Profiles\uzjxbbj5.default-release\storage\default\moz-extension+++0424fd79-b62a-421f-bf32-0d1549ab34f2^userContextId=4294967295\idb\3647222921wleabcEoxlt-eengsairo.sqlite-wal,FileEvent,Write,2021-10-09 16:24:20.206,20560
C:\Users\jpdz\AppData\Roaming\Mozilla\Firefox\Profiles\uzjxbbj5.default-release\shield-preference-experiments.json,"""C:\Program Files\Mozilla Firefox\firefox.exe"" rmol.id
PID:3516",FileEvent,Read,2021-10-09 16:24:10.33,18
C:\Program Files\Mozilla Firefox\gmp-clearkey\0.1\manifest.json,"""C:\Program Files\Mozilla Firefox\firefox.exe"" rmol.id
PID:3516",FileEvent,Read,2021-10-09 16:24:09.994,229
C:\Users\jpdz\AppData\Local\Mozilla\Firefox\Profiles\uzjxbbj5.default-release\safebrowsing\allow-flashallow-digest256.sbstore,"""C:\Program Files\Mozilla Firefox\firefox.exe"" rmol.id
PID:3516",FileEvent,Read,2021-10-09 16:24:13.181,472
"""C:\Program Files\Mozilla Firefox\firefox.exe"" rmol.id
PID:3516",13.225.93.62,IpChannelEvent,TcpIpConnect,2021-10-09 16:24:20.317,0
"""C:\Program Files\Mozilla Firefox\firefox.exe"" rmol.id
PID:3516",13.225.93.62,IpChannelEvent,TcpIpDisconnect,2021-10-09 16:24:20.407,0
"""C:\Program Files\Mozilla Firefox\firefox.exe"" rmol.id
PID:3516",13.225.93.62,IpChannelEvent,TcpIpSend,2021-10-09 16:24:20.365,1086
13.225.93.62,"""C:\Program Files\Mozilla Firefox\firefox.exe"" rmol.id
PID:3516",IpChannelEvent,TcpIpRecv,2021-10-09 16:24:20.365,4586
"""C:\Program Files\Mozilla Firefox\firefox.exe"" rmol.id
PID:3516",C:\Users\jpdz\AppData\Local\Mozilla\Firefox\Profiles\uzjxbbj5.default-release\cache2\entries\CC72003314B566616149D2EF47E1FE19BC5AD5F3,FileEvent,Write,2021-10-09 16:24:20.167,87369
C:\Users\jpdz\AppData\Roaming\Mozilla\Firefox\Profiles\uzjxbbj5.default-release\times.json,"""C:\Program Files\Mozilla Firefox\firefox.exe"" rmol.id
PID:3516",FileEvent,Read,2021-10-09 16:24:09.805,50
C:\Users\jpdz\AppData\Roaming\Mozilla\Firefox\Profiles\uzjxbbj5.default-release\storage\permanent\chrome\idb\3561288849sdhlie.sqlite,"""C:\Program Files\Mozilla Firefox\firefox.exe"" rmol.id
PID:3516",FileEvent,Read,2021-10-09 16:24:13.200,37064
"""C:\Program Files\Mozilla Firefox\firefox.exe"" rmol.id
PID:3516",117.18.237.29,IpChannelEvent,TcpIpConnect,2021-10-09 16:24:17.479,0
"""C:\Program Files\Mozilla Firefox\firefox.exe"" rmol.id
PID:3516",117.18.237.29,IpChannelEvent,TcpIpDisconnect,2021-10-09 16:24:22.650,0
"""C:\Program Files\Mozilla Firefox\firefox.exe"" rmol.id
PID:3516",C:\Users\jpdz\AppData\Roaming\Mozilla\Firefox\Profiles\uzjxbbj5.default-release\storage\permanent\chrome\idb\2918063365piupsah.sqlite-shm,FileEvent,Delete,2021-10-09 16:24:13.210,0
"""C:\Program Files\Mozilla Firefox\firefox.exe"" rmol.id
PID:3516",C:\Users\jpdz\AppData\Roaming\Mozilla\Firefox\Profiles\uzjxbbj5.default-release\storage\permanent\chrome\idb\2918063365piupsah.sqlite-shm,FileEvent,Delete,2021-10-09 16:24:30.144,0
C:\Users\jpdz\AppData\Roaming\Mozilla\Firefox\Profiles\uzjxbbj5.default-release\storage\permanent\chrome\idb\2918063365piupsah.sqlite-shm,"""C:\Program Files\Mozilla Firefox\firefox.exe"" rmol.id
PID:3516",FileEvent,Read,2021-10-09 16:24:13.209,65536
"""C:\Program Files\Mozilla Firefox\firefox.exe"" rmol.id
PID:3516",13.225.93.62,IpChannelEvent,TcpIpConnect,2021-10-09 16:24:19.152,0
"""C:\Program Files\Mozilla Firefox\firefox.exe"" rmol.id
PID:3516",13.225.93.62,IpChannelEvent,TcpIpDisconnect,2021-10-09 16:24:19.441,0
"""C:\Program Files\Mozilla Firefox\firefox.exe"" rmol.id
PID:3516",13.225.93.62,IpChannelEvent,TcpIpSend,2021-10-09 16:24:19.194,1069
13.225.93.62,"""C:\Program Files\Mozilla Firefox\firefox.exe"" rmol.id
PID:3516",IpChannelEvent,TcpIpRecv,2021-10-09 16:24:19.194,1506460
"""C:\Program Files\Mozilla Firefox\firefox.exe"" rmol.id
PID:3516",103.254.188.158,IpChannelEvent,TcpIpConnect,2021-10-09 16:24:17.421,0
"""C:\Program Files\Mozilla Firefox\firefox.exe"" rmol.id
PID:3516",103.254.188.158,IpChannelEvent,TcpIpSend,2021-10-09 16:24:17.429,1077
103.254.188.158,"""C:\Program Files\Mozilla Firefox\firefox.exe"" rmol.id
PID:3516",IpChannelEvent,TcpIpRecv,2021-10-09 16:24:17.429,5471
C:\Program Files\Mozilla Firefox\defaults\pref\channel-prefs.js,"""C:\Program Files\Mozilla Firefox\firefox.exe"" rmol.id
PID:3516",FileEvent,Read,2021-10-09 16:24:09.624,429
C:\Users\jpdz\AppData\Roaming\Mozilla\Firefox\Profiles\uzjxbbj5.default-release\compatibility.ini,"""C:\Program Files\Mozilla Firefox\firefox.exe"" rmol.id
PID:3516",FileEvent,Read,2021-10-09 16:24:09.619,194
C:\Users\jpdz\AppData\Local\Mozilla\Firefox\Profiles\uzjxbbj5.default-release\cache2\index.tmp,"""C:\Program Files\Mozilla Firefox\firefox.exe"" rmol.id
PID:3516",FileEvent,Read,2021-10-09 16:24:09.731,1439
"""C:\Program Files\Mozilla Firefox\firefox.exe"" rmol.id
PID:3516",C:\Users\jpdz\AppData\Local\Mozilla\Firefox\Profiles\uzjxbbj5.default-release\safebrowsing-updating\google4\goog-malware-proto.metadata,FileEvent,Delete,2021-10-09 16:24:32.257,0
C:\Users\jpdz\AppData\Local\Mozilla\Firefox\Profiles\uzjxbbj5.default-release\safebrowsing-updating\google4\goog-malware-proto.metadata,"""C:\Program Files\Mozilla Firefox\firefox.exe"" rmol.id
PID:3516",FileEvent,Read,2021-10-09 16:24:20.882,32768
"""C:\Program Files\Mozilla Firefox\firefox.exe"" rmol.id
PID:3516",C:\Users\jpdz\AppData\Local\Mozilla\Firefox\Profiles\uzjxbbj5.default-release\safebrowsing-updating\google4\goog-malware-proto.metadata,FileEvent,Write,2021-10-09 16:24:20.881,71
C:\Users\jpdz\AppData\Roaming\Mozilla\Firefox\Profiles\uzjxbbj5.default-release\storage\permanent\chrome\idb\3870112724rsegmnoittet-es.sqlite,"""C:\Program Files\Mozilla Firefox\firefox.exe"" rmol.id
PID:3516",FileEvent,Read,2021-10-09 16:24:09.893,286920
C:\Users\jpdz\AppData\Roaming\Mozilla\Firefox\Profiles\uzjxbbj5.default-release\storage\permanent\chrome\idb\3870112724rsegmnoittet-es.sqlite,"""C:\Program Files\Mozilla Firefox\firefox.exe"" rmol.id
PID:3516",FileEvent,Read,2021-10-09 16:24:13.105,1073152
"""C:\Program Files\Mozilla Firefox\firefox.exe"" rmol.id
PID:3516",C:\Users\jpdz\AppData\Roaming\Mozilla\Firefox\Profiles\uzjxbbj5.default-release\storage\permanent\chrome\idb\3870112724rsegmnoittet-es.sqlite,FileEvent,Write,2021-10-09 16:24:24.853,397312
C:\Users\jpdz\AppData\Local\Mozilla\Firefox\Profiles\uzjxbbj5.default-release\safebrowsing\except-flashallow-digest256.vlpset,"""C:\Program Files\Mozilla Firefox\firefox.exe"" rmol.id
PID:3516",FileEvent,Read,2021-10-09 16:24:13.47,138
"""C:\Program Files\Mozilla Firefox\firefox.exe"" rmol.id
PID:3516",C:\Users\jpdz\AppData\Local\Mozilla\Firefox\Profiles\uzjxbbj5.default-release\safebrowsing-updating\google4,FileEvent,Delete,2021-10-09 16:24:32.259,0
C:\Users\jpdz\AppData\Roaming\Mozilla\Firefox\Profiles\uzjxbbj5.default-release\storage\default\moz-extension+++0424fd79-b62a-421f-bf32-0d1549ab34f2^userContextId=4294967295\.metadata-v2,"""C:\Program Files\Mozilla Firefox\firefox.exe"" rmol.id
PID:3516",FileEvent,Read,2021-10-09 16:24:17.400,512
"""C:\Program Files\Mozilla Firefox\firefox.exe"" rmol.id
PID:3516",C:\Users\jpdz\AppData\Roaming\Mozilla\Firefox\Profiles\uzjxbbj5.default-release\storage\default\moz-extension+++0424fd79-b62a-421f-bf32-0d1549ab34f2^userContextId=4294967295\.metadata-v2,FileEvent,Write,2021-10-09 16:24:20.175,8
C:\Users\jpdz\AppData\Local\Mozilla\Firefox\Profiles\uzjxbbj5.default-release\safebrowsing\social-tracking-protection-twitter-digest256.vlpset,"""C:\Program Files\Mozilla Firefox\firefox.exe"" rmol.id
PID:3516",FileEvent,Read,2021-10-09 16:24:13.54,458
"""C:\Program Files\Mozilla Firefox\firefox.exe"" rmol.id
PID:3516",C:\Users\jpdz\AppData\Local\Mozilla\Firefox\Profiles\uzjxbbj5.default-release\safebrowsing-updating\except-flashsubdoc-digest256.sbstore,FileEvent,Delete,2021-10-09 16:24:32.253,0
"""C:\Program Files\Mozilla Firefox\firefox.exe"" rmol.id
PID:3516",C:\Users\jpdz\AppData\Local\Mozilla\Firefox\Profiles\uzjxbbj5.default-release\safebrowsing-updating\except-flashsubdoc-digest256.sbstore,FileEvent,Write,2021-10-09 16:24:20.650,244
C:\Users\jpdz\AppData\Local\Mozilla\Firefox\Profiles\uzjxbbj5.default-release\safebrowsing-updating\except-flashsubdoc-digest256.sbstore,"""C:\Program Files\Mozilla Firefox\firefox.exe"" rmol.id
PID:3516",FileEvent,Read,2021-10-09 16:24:20.650,32768
C:\Users\jpdz\AppData\Local\Mozilla\Firefox\Profiles\uzjxbbj5.default-release\activity-stream.discovery_stream.json,"""C:\Program Files\Mozilla Firefox\firefox.exe"" rmol.id
PID:3516",FileEvent,Read,2021-10-09 16:24:13.123,61086
"""C:\Program Files\Mozilla Firefox\firefox.exe"" rmol.id
PID:3516",C:\Users\jpdz\AppData\Local\Mozilla\Firefox\Profiles\uzjxbbj5.default-release\cache2\doomed\20582,FileEvent,Delete,2021-10-09 16:24:17.829,0
"""C:\Program Files\Mozilla Firefox\firefox.exe"" rmol.id
PID:3516",117.18.237.29,IpChannelEvent,TcpIpConnect,2021-10-09 16:24:13.269,0
"""C:\Program Files\Mozilla Firefox\firefox.exe"" rmol.id
PID:3516",117.18.237.29,IpChannelEvent,TcpIpSend,2021-10-09 16:24:13.308,2736
117.18.237.29,"""C:\Program Files\Mozilla Firefox\firefox.exe"" rmol.id
PID:3516",IpChannelEvent,TcpIpRecv,2021-10-09 16:24:13.308,4792
"""C:\Program Files\Mozilla Firefox\firefox.exe"" rmol.id
PID:3516",C:\Users\jpdz\AppData\Local\Mozilla\Firefox\Profiles\uzjxbbj5.default-release\safebrowsing-updating\google4\goog-phish-proto.vlpset,FileEvent,Delete,2021-10-09 16:24:32.258,0
"""C:\Program Files\Mozilla Firefox\firefox.exe"" rmol.id
PID:3516",C:\Users\jpdz\AppData\Local\Mozilla\Firefox\Profiles\uzjxbbj5.default-release\safebrowsing-updating\google4\goog-phish-proto.vlpset,FileEvent,Write,2021-10-09 16:24:20.883,131104
"""C:\Program Files\Mozilla Firefox\firefox.exe"" rmol.id
PID:3516",C:\Users\jpdz\AppData\Local\Mozilla\Firefox\Profiles\uzjxbbj5.default-release\safebrowsing-updating\social-track-digest256.vlpset,FileEvent,Delete,2021-10-09 16:24:32.262,0
"""C:\Program Files\Mozilla Firefox\firefox.exe"" rmol.id
PID:3516",C:\Users\jpdz\AppData\Local\Mozilla\Firefox\Profiles\uzjxbbj5.default-release\safebrowsing-updating\social-track-digest256.vlpset,FileEvent,Write,2021-10-09 16:24:20.887,2117
C:\Users\jpdz\AppData\Local\Mozilla\Firefox\Profiles\uzjxbbj5.default-release\safebrowsing-updating\social-track-digest256.vlpset,"""C:\Program Files\Mozilla Firefox\firefox.exe"" rmol.id
PID:3516",FileEvent,Read,2021-10-09 16:24:28.561,2117
C:\ProgramData\Mozilla\updates\308046B0AF4A39CB\update-config.json,"""C:\Program Files\Mozilla Firefox\firefox.exe"" rmol.id
PID:3516",FileEvent,Read,2021-10-09 16:24:09.812,206
C:\ProgramData\Mozilla\updates\308046B0AF4A39CB\update-config.json,"""C:\Program Files\Mozilla Firefox\firefox.exe"" rmol.id
PID:3516",FileEvent,Read,2021-10-09 16:24:13.295,309
"""C:\Program Files\Mozilla Firefox\firefox.exe"" rmol.id
PID:3516",C:\ProgramData\Mozilla\updates\308046B0AF4A39CB\update-config.json,FileEvent,Write,2021-10-09 16:24:17.353,103
"""C:\Program Files\Mozilla Firefox\firefox.exe"" rmol.id
PID:3516",104.26.7.32,IpChannelEvent,TcpIpConnect,2021-10-09 16:24:18.111,0
"""C:\Program Files\Mozilla Firefox\firefox.exe"" rmol.id
PID:3516",104.26.7.32,IpChannelEvent,TcpIpDisconnect,2021-10-09 16:24:18.293,0
104.26.7.32,"""C:\Program Files\Mozilla Firefox\firefox.exe"" rmol.id
PID:3516",IpChannelEvent,TcpIpRecv,2021-10-09 16:24:18.292,2400
"""C:\Program Files\Mozilla Firefox\firefox.exe"" rmol.id
PID:3516",104.26.7.32,IpChannelEvent,TcpIpSend,2021-10-09 16:24:18.151,327
"""C:\Program Files\Mozilla Firefox\firefox.exe"" rmol.id
PID:3516",C:\Users\jpdz\AppData\Local\Mozilla\Firefox\Profiles\uzjxbbj5.default-release\safebrowsing-updating\social-tracking-protection-twitter-digest256.sbstore,FileEvent,Delete,2021-10-09 16:24:32.264,0
C:\Users\jpdz\AppData\Local\Mozilla\Firefox\Profiles\uzjxbbj5.default-release\safebrowsing-updating\social-tracking-protection-twitter-digest256.sbstore,"""C:\Program Files\Mozilla Firefox\firefox.exe"" rmol.id
PID:3516",FileEvent,Read,2021-10-09 16:24:20.890,33015
"""C:\Program Files\Mozilla Firefox\firefox.exe"" rmol.id
PID:3516",C:\Users\jpdz\AppData\Local\Mozilla\Firefox\Profiles\uzjxbbj5.default-release\safebrowsing-updating\social-tracking-protection-twitter-digest256.sbstore,FileEvent,Write,2021-10-09 16:24:20.890,247
"""C:\Program Files\Mozilla Firefox\firefox.exe"" rmol.id
PID:3516",121.194.10.78,IpChannelEvent,TcpIpConnect,2021-10-09 16:24:20.369,0
"""C:\Program Files\Mozilla Firefox\firefox.exe"" rmol.id
PID:3516",121.194.10.78,IpChannelEvent,TcpIpSend,2021-10-09 16:24:20.374,478
121.194.10.78,"""C:\Program Files\Mozilla Firefox\firefox.exe"" rmol.id
PID:3516",IpChannelEvent,TcpIpRecv,2021-10-09 16:24:20.374,2189
C:\Program Files\Mozilla Firefox\firefox.exe,"""C:\Program Files\Mozilla Firefox\firefox.exe"" rmol.id
PID:3516",FileEvent,Read,2021-10-09 16:24:09.672,2056
C:\Program Files\Mozilla Firefox\firefox.exe,"""C:\Program Files\Mozilla Firefox\firefox.exe"" rmol.id
PID:3516",FileEvent,Read,2021-10-09 16:24:13.144,3096
"""C:\Program Files\Mozilla Firefox\firefox.exe"" rmol.id
PID:3516",C:\Users\jpdz\AppData\Local\Mozilla\Firefox\Profiles\uzjxbbj5.default-release\startupCache\urlCache-new.bin,FileEvent,Write,2021-10-09 16:24:23.302,5264
"""C:\Program Files\Mozilla Firefox\firefox.exe"" rmol.id
PID:3516",C:\Users\jpdz\AppData\Local\Mozilla\Firefox\Profiles\uzjxbbj5.default-release\cache2\entries\951217180AA2956E5717B662D248C80E8231EAE6,FileEvent,Write,2021-10-09 16:24:20.386,27241
"""C:\Program Files\Mozilla Firefox\firefox.exe"" rmol.id
PID:3516",104.26.7.32,IpChannelEvent,TcpIpConnect,2021-10-09 16:24:17.896,0
"""C:\Program Files\Mozilla Firefox\firefox.exe"" rmol.id
PID:3516",104.26.7.32,IpChannelEvent,TcpIpDisconnect,2021-10-09 16:24:18.80,0
"""C:\Program Files\Mozilla Firefox\firefox.exe"" rmol.id
PID:3516",104.26.7.32,IpChannelEvent,TcpIpSend,2021-10-09 16:24:17.900,327
104.26.7.32,"""C:\Program Files\Mozilla Firefox\firefox.exe"" rmol.id
PID:3516",IpChannelEvent,TcpIpRecv,2021-10-09 16:24:18.79,2401
"""C:\Program Files\Mozilla Firefox\firefox.exe"" rmol.id
PID:3516",C:\Users\jpdz\AppData\Local\Mozilla\Firefox\Profiles\uzjxbbj5.default-release\cache2\entries\EAC42F9DCDE2CD263837AE5029087908297E98D8,FileEvent,Write,2021-10-09 16:24:17.931,17432
C:\Windows\system32\spool\drivers\color\sRGB Color Space Profile.icm,"""C:\Program Files\Mozilla Firefox\firefox.exe"" rmol.id
PID:3516",FileEvent,Read,2021-10-09 16:24:09.677,4096
C:\Users\jpdz\AppData\Local\Mozilla\Firefox\Profiles\uzjxbbj5.default-release\safebrowsing\mozplugin-block-digest256.vlpset,"""C:\Program Files\Mozilla Firefox\firefox.exe"" rmol.id
PID:3516",FileEvent,Read,2021-10-09 16:24:13.53,6090
C:\Users\jpdz\AppData\Roaming\Mozilla\Firefox\Profiles\uzjxbbj5.default-release\storage\permanent\chrome\idb\1657114595AmcateirvtiSty.sqlite,"""C:\Program Files\Mozilla Firefox\firefox.exe"" rmol.id
PID:3516",FileEvent,Read,2021-10-09 16:24:13.110,57644
"""C:\Program Files\Mozilla Firefox\firefox.exe"" rmol.id
PID:3516",C:\Users\jpdz\AppData\Local\Mozilla\Firefox\Profiles\uzjxbbj5.default-release\safebrowsing-updating\mozplugin-block-digest256.vlpset,FileEvent,Delete,2021-10-09 16:24:32.261,0
"""C:\Program Files\Mozilla Firefox\firefox.exe"" rmol.id
PID:3516",C:\Users\jpdz\AppData\Local\Mozilla\Firefox\Profiles\uzjxbbj5.default-release\safebrowsing-updating\mozplugin-block-digest256.vlpset,FileEvent,Write,2021-10-09 16:24:20.885,3045
C:\Windows\Prefetch\FIREFOX.EXE-A606B53C.pf,"""C:\Program Files\Mozilla Firefox\firefox.exe"" rmol.id
PID:3516",FileEvent,Read,2021-10-09 16:24:09.538,61006
C:\Users\jpdz\AppData\Roaming\Mozilla\Firefox\Profiles\uzjxbbj5.default-release\sessionCheckpoints.json,"""C:\Program Files\Mozilla Firefox\firefox.exe"" rmol.id
PID:3516",FileEvent,Read,2021-10-09 16:24:09.779,241
C:\Users\jpdz\AppData\Local\Mozilla\Firefox\Profiles\uzjxbbj5.default-release\safebrowsing-updating\social-tracking-protection-facebook-digest256-1.vlpset,"""C:\Program Files\Mozilla Firefox\firefox.exe"" rmol.id
PID:3516",FileEvent,Read,2021-10-09 16:24:30.898,32768
"""C:\Program Files\Mozilla Firefox\firefox.exe"" rmol.id
PID:3516",C:\Users\jpdz\AppData\Local\Mozilla\Firefox\Profiles\uzjxbbj5.default-release\safebrowsing-updating\social-tracking-protection-facebook-digest256-1.vlpset,FileEvent,Write,2021-10-09 16:24:30.898,4581
C:\Users\jpdz\AppData\Local\Mozilla\Firefox\Profiles\uzjxbbj5.default-release\safebrowsing\base-fingerprinting-track-digest256.sbstore,"""C:\Program Files\Mozilla Firefox\firefox.exe"" rmol.id
PID:3516",FileEvent,Read,2021-10-09 16:24:13.182,718
"""C:\Program Files\Mozilla Firefox\firefox.exe"" rmol.id
PID:3516",13.225.93.62,IpChannelEvent,TcpIpConnect,2021-10-09 16:24:19.9,0
"""C:\Program Files\Mozilla Firefox\firefox.exe"" rmol.id
PID:3516",13.225.93.62,IpChannelEvent,TcpIpDisconnect,2021-10-09 16:24:19.114,0
"""C:\Program Files\Mozilla Firefox\firefox.exe"" rmol.id
PID:3516",13.225.93.62,IpChannelEvent,TcpIpSend,2021-10-09 16:24:19.49,1065
13.225.93.62,"""C:\Program Files\Mozilla Firefox\firefox.exe"" rmol.id
PID:3516",IpChannelEvent,TcpIpRecv,2021-10-09 16:24:19.49,19886
C:\Users\jpdz\AppData\Local\Mozilla\Firefox\Profiles\uzjxbbj5.default-release\safebrowsing\google4\goog-phish-proto.metadata,"""C:\Program Files\Mozilla Firefox\firefox.exe"" rmol.id
PID:3516",FileEvent,Read,2021-10-09 16:24:13.183,142
C:\Users\jpdz\AppData\Roaming\Mozilla\Firefox\Profiles\UZJXBB~1.DEF\key4.db,"""C:\Program Files\Mozilla Firefox\firefox.exe"" rmol.id
PID:3516",FileEvent,Read,2021-10-09 16:24:09.925,131252
C:\Users\jpdz\AppData\Roaming\Mozilla\Firefox\Profiles\UZJXBB~1.DEF\key4.db,"""C:\Program Files\Mozilla Firefox\firefox.exe"" rmol.id
PID:3516",FileEvent,Read,2021-10-09 16:24:13.93,96
C:\Users\jpdz\AppData\Roaming\Mozilla\Firefox\Profiles\uzjxbbj5.default-release\extensions.json,"""C:\Program Files\Mozilla Firefox\firefox.exe"" rmol.id
PID:3516",FileEvent,Read,2021-10-09 16:24:13.63,57748
"""C:\Program Files\Mozilla Firefox\firefox.exe"" rmol.id
PID:3516",C:\Users\jpdz\AppData\Local\Mozilla\Firefox\Profiles\uzjxbbj5.default-release\safebrowsing-updating\google-trackwhite-digest256.vlpset,FileEvent,Delete,2021-10-09 16:24:32.254,0
C:\Users\jpdz\AppData\Local\Mozilla\Firefox\Profiles\uzjxbbj5.default-release\safebrowsing-updating\google-trackwhite-digest256.vlpset,"""C:\Program Files\Mozilla Firefox\firefox.exe"" rmol.id
PID:3516",FileEvent,Read,2021-10-09 16:24:25.82,3014656
"""C:\Program Files\Mozilla Firefox\firefox.exe"" rmol.id
PID:3516",C:\Users\jpdz\AppData\Local\Mozilla\Firefox\Profiles\uzjxbbj5.default-release\safebrowsing-updating\google-trackwhite-digest256.vlpset,FileEvent,Write,2021-10-09 16:24:20.656,1470341
"""C:\Program Files\Mozilla Firefox\firefox.exe"" rmol.id
PID:3516",C:\Users\jpdz\AppData\Roaming\Mozilla\Firefox\Profiles\uzjxbbj5.default-release\storage\permanent\chrome\idb\2823318777ntouromlalnodry--naod.sqlite-wal,FileEvent,Delete,2021-10-09 16:24:17.398,0
"""C:\Program Files\Mozilla Firefox\firefox.exe"" rmol.id
PID:3516",C:\Users\jpdz\AppData\Roaming\Mozilla\Firefox\Profiles\uzjxbbj5.default-release\storage\permanent\chrome\idb\2823318777ntouromlalnodry--naod.sqlite-wal,FileEvent,Delete,2021-10-09 16:24:29.426,0
"""C:\Program Files\Mozilla Firefox\firefox.exe"" rmol.id
PID:3516",34.117.237.239,IpChannelEvent,TcpIpConnect,2021-10-09 16:24:13.286,0
"""C:\Program Files\Mozilla Firefox\firefox.exe"" rmol.id
PID:3516",34.117.237.239,IpChannelEvent,TcpIpSend,2021-10-09 16:24:13.342,1088
34.117.237.239,"""C:\Program Files\Mozilla Firefox\firefox.exe"" rmol.id
PID:3516",IpChannelEvent,TcpIpRecv,2021-10-09 16:24:13.342,5382
"""C:\Program Files\Mozilla Firefox\firefox.exe"" rmol.id
PID:3516",C:\Users\jpdz\AppData\Roaming\Mozilla\Firefox\Profiles\uzjxbbj5.default-release\storage\default\moz-extension+++0424fd79-b62a-421f-bf32-0d1549ab34f2^userContextId=4294967295\idb\3647222921wleabcEoxlt-eengsairo.sqlite-shm,FileEvent,Delete,2021-10-09 16:24:20.177,0
"""C:\Program Files\Mozilla Firefox\firefox.exe"" rmol.id
PID:3516",C:\Users\jpdz\AppData\Roaming\Mozilla\Firefox\Profiles\uzjxbbj5.default-release\storage\default\moz-extension+++0424fd79-b62a-421f-bf32-0d1549ab34f2^userContextId=4294967295\idb\3647222921wleabcEoxlt-eengsairo.sqlite-shm,FileEvent,Delete,2021-10-09 16:24:32.177,0
C:\Users\jpdz\AppData\Roaming\Mozilla\Firefox\Profiles\uzjxbbj5.default-release\storage\default\moz-extension+++0424fd79-b62a-421f-bf32-0d1549ab34f2^userContextId=4294967295\idb\3647222921wleabcEoxlt-eengsairo.sqlite-shm,"""C:\Program Files\Mozilla Firefox\firefox.exe"" rmol.id
PID:3516",FileEvent,Read,2021-10-09 16:24:20.177,65536
"""C:\Program Files\Mozilla Firefox\firefox.exe"" rmol.id
PID:3516",C:\Users\jpdz\AppData\Local\Mozilla\Firefox\Profiles\uzjxbbj5.default-release\safebrowsing-updating\block-flash-digest256.vlpset,FileEvent,Delete,2021-10-09 16:24:32.249,0
"""C:\Program Files\Mozilla Firefox\firefox.exe"" rmol.id
PID:3516",C:\Users\jpdz\AppData\Local\Mozilla\Firefox\Profiles\uzjxbbj5.default-release\safebrowsing-updating\block-flash-digest256.vlpset,FileEvent,Write,2021-10-09 16:24:20.421,6661
"""C:\Program Files\Mozilla Firefox\firefox.exe"" rmol.id
PID:3516",C:\Users\jpdz\AppData\Local\Mozilla\Firefox\Profiles\uzjxbbj5.default-release\safebrowsing-updating\social-tracking-protection-facebook-digest256.sbstore,FileEvent,Delete,2021-10-09 16:24:32.263,0
C:\Users\jpdz\AppData\Local\Mozilla\Firefox\Profiles\uzjxbbj5.default-release\safebrowsing-updating\social-tracking-protection-facebook-digest256.sbstore,"""C:\Program Files\Mozilla Firefox\firefox.exe"" rmol.id
PID:3516",FileEvent,Read,2021-10-09 16:24:20.889,33024
"""C:\Program Files\Mozilla Firefox\firefox.exe"" rmol.id
PID:3516",C:\Users\jpdz\AppData\Local\Mozilla\Firefox\Profiles\uzjxbbj5.default-release\safebrowsing-updating\social-tracking-protection-facebook-digest256.sbstore,FileEvent,Write,2021-10-09 16:24:20.889,256
"""C:\Program Files\Mozilla Firefox\firefox.exe"" rmol.id
PID:3516",C:\Users\jpdz\AppData\Local\Mozilla\Firefox\Profiles\uzjxbbj5.default-release\startupCache\scriptCache-child-new.bin,FileEvent,Write,2021-10-09 16:24:23.329,819666
C:\Users\jpdz\AppData\Roaming\Mozilla\Firefox\Profiles\uzjxbbj5.default-release\cookies.sqlite,"""C:\Program Files\Mozilla Firefox\firefox.exe"" rmol.id
PID:3516",FileEvent,Read,2021-10-09 16:24:09.736,753864
C:\Users\jpdz\AppData\Local\Mozilla\Firefox\Profiles\uzjxbbj5.default-release\safebrowsing\social-track-digest256.vlpset,"""C:\Program Files\Mozilla Firefox\firefox.exe"" rmol.id
PID:3516",FileEvent,Read,2021-10-09 16:24:13.53,4234
C:\Users\jpdz\AppData\Roaming\Mozilla\Firefox\Profiles\uzjxbbj5.default-release\xulstore.json,"""C:\Program Files\Mozilla Firefox\firefox.exe"" rmol.id
PID:3516",FileEvent,Read,2021-10-09 16:24:09.654,453
"""C:\Program Files\Mozilla Firefox\firefox.exe"" rmol.id
PID:3516",104.26.6.32,IpChannelEvent,TcpIpConnect,2021-10-09 16:24:17.522,0
"""C:\Program Files\Mozilla Firefox\firefox.exe"" rmol.id
PID:3516",104.26.6.32,IpChannelEvent,TcpIpDisconnect,2021-10-09 16:24:17.725,0
104.26.6.32,"""C:\Program Files\Mozilla Firefox\firefox.exe"" rmol.id
PID:3516",IpChannelEvent,TcpIpRecv,2021-10-09 16:24:17.698,2897
"""C:\Program Files\Mozilla Firefox\firefox.exe"" rmol.id
PID:3516",104.26.6.32,IpChannelEvent,TcpIpSend,2021-10-09 16:24:17.647,517
"""C:\Program Files\Mozilla Firefox\firefox.exe"" rmol.id
PID:3516",115.157.63.19,IpChannelEvent,TcpIpConnect,2021-10-09 16:24:17.380,0
"""C:\Program Files\Mozilla Firefox\firefox.exe"" rmol.id
PID:3516",115.157.63.19,IpChannelEvent,TcpIpSend,2021-10-09 16:24:17.396,1263
115.157.63.19,"""C:\Program Files\Mozilla Firefox\firefox.exe"" rmol.id
PID:3516",IpChannelEvent,TcpIpRecv,2021-10-09 16:24:17.412,4518
C:\Program Files\Mozilla Firefox\dependentlibs.list,"""C:\Program Files\Mozilla Firefox\firefox.exe"" rmol.id
PID:3516",FileEvent,Read,2021-10-09 16:24:09.549,8192
C:\Program Files\Mozilla Firefox\api-ms-win-crt-convert-l1-1-0.dll,"""C:\Program Files\Mozilla Firefox\firefox.exe"" rmol.id
PID:3516",FileEvent,Read,2021-10-09 16:24:09.549,65536
"""C:\Program Files\Mozilla Firefox\firefox.exe"" rmol.id
PID:3516",C:\Users\jpdz\AppData\Roaming\Mozilla\Firefox\Profiles\uzjxbbj5.default-release\storage\permanent\chrome\idb\1657114595AmcateirvtiSty.sqlite-wal,FileEvent,Delete,2021-10-09 16:24:13.112,0
"""C:\Program Files\Mozilla Firefox\firefox.exe"" rmol.id
PID:3516",C:\Users\jpdz\AppData\Roaming\Mozilla\Firefox\Profiles\uzjxbbj5.default-release\storage\permanent\chrome\idb\1657114595AmcateirvtiSty.sqlite-wal,FileEvent,Delete,2021-10-09 16:24:32.759,0
"""C:\Program Files\Mozilla Firefox\firefox.exe"" rmol.id
PID:3516",C:\Users\jpdz\AppData\Local\Mozilla\Firefox\Profiles\uzjxbbj5.default-release\safebrowsing-updating\base-cryptomining-track-digest256-1.sbstore,FileEvent,Write,2021-10-09 16:24:20.892,4411
C:\Users\jpdz\AppData\Roaming\Mozilla\Firefox\Profiles\uzjxbbj5.default-release\favicons.sqlite-shm,"""C:\Program Files\Mozilla Firefox\firefox.exe"" rmol.id
PID:3516",FileEvent,Read,2021-10-09 16:24:10.76,32768
C:\Users\jpdz\AppData\Local\Mozilla\Firefox\Profiles\uzjxbbj5.default-release\safebrowsing\google4\goog-unwanted-proto.metadata,"""C:\Program Files\Mozilla Firefox\firefox.exe"" rmol.id
PID:3516",FileEvent,Read,2021-10-09 16:24:13.183,142
"""C:\Program Files\Mozilla Firefox\firefox.exe"" rmol.id
PID:3516",C:\Users\jpdz\AppData\Local\Mozilla\Firefox\Profiles\uzjxbbj5.default-release\cache2\entries\1A8F7591376DA2DAD35E8EC829F2FD5D28983228,FileEvent,Write,2021-10-09 16:24:20.601,31141
"""C:\Program Files\Mozilla Firefox\firefox.exe"" rmol.id
PID:3516",42.99.128.155,IpChannelEvent,TcpIpConnect,2021-10-09 16:24:17.872,0
42.99.128.155,"""C:\Program Files\Mozilla Firefox\firefox.exe"" rmol.id
PID:3516",IpChannelEvent,TcpIpRecv,2021-10-09 16:24:17.909,889
"""C:\Program Files\Mozilla Firefox\firefox.exe"" rmol.id
PID:3516",42.99.128.155,IpChannelEvent,TcpIpSend,2021-10-09 16:24:17.900,455
"""C:\Program Files\Mozilla Firefox\firefox.exe"" rmol.id
PID:3516",104.26.6.32,IpChannelEvent,TcpIpConnect,2021-10-09 16:24:17.522,0
"""C:\Program Files\Mozilla Firefox\firefox.exe"" rmol.id
PID:3516",104.26.6.32,IpChannelEvent,TcpIpSend,2021-10-09 16:24:17.900,371
104.26.6.32,"""C:\Program Files\Mozilla Firefox\firefox.exe"" rmol.id
PID:3516",IpChannelEvent,TcpIpRecv,2021-10-09 16:24:17.906,2384
C:\Users\jpdz\AppData\Local\Mozilla\Firefox\Profiles\uzjxbbj5.default-release\safebrowsing\except-flashsubdoc-digest256.sbstore,"""C:\Program Files\Mozilla Firefox\firefox.exe"" rmol.id
PID:3516",FileEvent,Read,2021-10-09 16:24:13.182,488
"""C:\Program Files\Mozilla Firefox\firefox.exe"" rmol.id
PID:3516","""C:\Program Files\Mozilla Firefox\firefox.exe"" -contentproc --channel=""3516.5.1388195354\1207220711"" -parentBuildID 20210927210923 -prefsHandle 3280 -prefMapHandle 3212 -prefsLen 9770 -prefMapSize 252743 -appdir ""C:\Program Files\Mozilla Firefox\browser"" - 3516 ""\\.\pipe\gecko-crash-server-pipe.3516"" 3292 cbb3c08 rdd
PID:2604",ProcessEvent,Create,2021-10-09 16:24:13.688,
"""C:\Program Files\Mozilla Firefox\firefox.exe"" rmol.id
PID:3516",C:\Users\jpdz\AppData\Roaming\Mozilla\Firefox\Profiles\uzjxbbj5.default-release\storage\permanent\chrome\idb\3561288849sdhlie.sqlite-wal,FileEvent,Delete,2021-10-09 16:24:13.208,0
"""C:\Program Files\Mozilla Firefox\firefox.exe"" rmol.id
PID:3516",C:\Users\jpdz\AppData\Roaming\Mozilla\Firefox\Profiles\uzjxbbj5.default-release\storage\permanent\chrome\idb\3561288849sdhlie.sqlite-wal,FileEvent,Delete,2021-10-09 16:24:25.224,0
"""C:\Program Files\Mozilla Firefox\firefox.exe"" rmol.id
PID:3516",C:\Users\jpdz\AppData\Local\Mozilla\Firefox\Profiles\uzjxbbj5.default-release\safebrowsing-updating\base-cryptomining-track-digest256-1.vlpset,FileEvent,Write,2021-10-09 16:24:21.874,6405
C:\Users\jpdz\AppData\Local\Mozilla\Firefox\Profiles\uzjxbbj5.default-release\safebrowsing\google4\goog-phish-proto.vlpset,"""C:\Program Files\Mozilla Firefox\firefox.exe"" rmol.id
PID:3516",FileEvent,Read,2021-10-09 16:24:13.52,655360
"""C:\Program Files\Mozilla Firefox\firefox.exe"" rmol.id
PID:3516",C:\Users\jpdz\AppData\Local\Mozilla\Firefox\Profiles\uzjxbbj5.default-release\safebrowsing-updating\except-flashallow-digest256.vlpset,FileEvent,Delete,2021-10-09 16:24:32.253,0
C:\Users\jpdz\AppData\Local\Mozilla\Firefox\Profiles\uzjxbbj5.default-release\safebrowsing-updating\except-flashallow-digest256.vlpset,"""C:\Program Files\Mozilla Firefox\firefox.exe"" rmol.id
PID:3516",FileEvent,Read,2021-10-09 16:24:20.649,32768
"""C:\Program Files\Mozilla Firefox\firefox.exe"" rmol.id
PID:3516",C:\Users\jpdz\AppData\Local\Mozilla\Firefox\Profiles\uzjxbbj5.default-release\safebrowsing-updating\except-flashallow-digest256.vlpset,FileEvent,Write,2021-10-09 16:24:20.649,69
C:\Users\jpdz\AppData\Local\Mozilla\Firefox\Profiles\uzjxbbj5.default-release\cache2\entries\E8246BB40873DF388F959075604DEEE43344C56F,"""C:\Program Files\Mozilla Firefox\firefox.exe"" rmol.id
PID:3516",FileEvent,Read,2021-10-09 16:24:17.833,15031
"""C:\Program Files\Mozilla Firefox\firefox.exe"" rmol.id
PID:3516",C:\Users\jpdz\AppData\Local\Mozilla\Firefox\Profiles\uzjxbbj5.default-release\cache2\entries\E8246BB40873DF388F959075604DEEE43344C56F,FileEvent,Write,2021-10-09 16:24:17.834,50307
C:\Users\jpdz\AppData\Local\Mozilla\Firefox\Profiles\uzjxbbj5.default-release\safebrowsing\content-track-digest256.sbstore,"""C:\Program Files\Mozilla Firefox\firefox.exe"" rmol.id
PID:3516",FileEvent,Read,2021-10-09 16:24:13.182,1468
"""C:\Program Files\Mozilla Firefox\firefox.exe"" rmol.id
PID:3516",C:\Users\jpdz\AppData\Roaming\Mozilla\Firefox\Profiles\uzjxbbj5.default-release\storage\permanent\chrome\idb\3870112724rsegmnoittet-es.sqlite-shm,FileEvent,Delete,2021-10-09 16:24:09.894,0
C:\Users\jpdz\AppData\Roaming\Mozilla\Firefox\Profiles\uzjxbbj5.default-release\storage\permanent\chrome\idb\3870112724rsegmnoittet-es.sqlite-shm,"""C:\Program Files\Mozilla Firefox\firefox.exe"" rmol.id
PID:3516",FileEvent,Read,2021-10-09 16:24:09.894,65536
C:\Program Files\Mozilla Firefox\distribution\distribution.ini,"""C:\Program Files\Mozilla Firefox\firefox.exe"" rmol.id
PID:3516",FileEvent,Read,2021-10-09 16:24:09.654,2952
"""C:\Program Files\Mozilla Firefox\firefox.exe"" rmol.id
PID:3516",C:\Users\jpdz\AppData\Local\Mozilla\Firefox\Profiles\uzjxbbj5.default-release\safebrowsing-updating\content-track-digest256.vlpset,FileEvent,Delete,2021-10-09 16:24:32.251,0
C:\Users\jpdz\AppData\Local\Mozilla\Firefox\Profiles\uzjxbbj5.default-release\safebrowsing-updating\content-track-digest256.vlpset,"""C:\Program Files\Mozilla Firefox\firefox.exe"" rmol.id
PID:3516",FileEvent,Read,2021-10-09 16:24:23.2,15525
"""C:\Program Files\Mozilla Firefox\firefox.exe"" rmol.id
PID:3516",C:\Users\jpdz\AppData\Local\Mozilla\Firefox\Profiles\uzjxbbj5.default-release\safebrowsing-updating\content-track-digest256.vlpset,FileEvent,Write,2021-10-09 16:24:20.645,15525
"""C:\Program Files\Mozilla Firefox\firefox.exe"" rmol.id
PID:3516",C:\Users\jpdz\AppData\Local\Mozilla\Firefox\Profiles\uzjxbbj5.default-release\cache2\entries\BF1CE7C350EFEBF984B23679022188ACC15157ED,FileEvent,Write,2021-10-09 16:24:21.133,19924
"""C:\Program Files\Mozilla Firefox\firefox.exe"" rmol.id
PID:3516",C:\Users\jpdz\AppData\Roaming\Mozilla\Firefox\Profiles\uzjxbbj5.default-release\storage\default\moz-extension+++0c3666b5-67b1-4855-b50d-d5fbfc0d2874^userContextId=4294967295\idb\3647222921wleabcEoxlt-eengsairo.sqlite-shm,FileEvent,Delete,2021-10-09 16:24:20.175,0
"""C:\Program Files\Mozilla Firefox\firefox.exe"" rmol.id
PID:3516",C:\Users\jpdz\AppData\Roaming\Mozilla\Firefox\Profiles\uzjxbbj5.default-release\storage\default\moz-extension+++0c3666b5-67b1-4855-b50d-d5fbfc0d2874^userContextId=4294967295\idb\3647222921wleabcEoxlt-eengsairo.sqlite-shm,FileEvent,Delete,2021-10-09 16:24:32.754,0
C:\Users\jpdz\AppData\Roaming\Mozilla\Firefox\Profiles\uzjxbbj5.default-release\storage\default\moz-extension+++0c3666b5-67b1-4855-b50d-d5fbfc0d2874^userContextId=4294967295\idb\3647222921wleabcEoxlt-eengsairo.sqlite-shm,"""C:\Program Files\Mozilla Firefox\firefox.exe"" rmol.id
PID:3516",FileEvent,Read,2021-10-09 16:24:20.174,65536
C:\Users\jpdz\AppData\Local\Mozilla\Firefox\Profiles\uzjxbbj5.default-release\startupCache\webext.sc.lz4,"""C:\Program Files\Mozilla Firefox\firefox.exe"" rmol.id
PID:3516",FileEvent,Read,2021-10-09 16:24:09.755,131881
"""C:\Program Files\Mozilla Firefox\firefox.exe"" rmol.id
PID:3516",C:\Users\jpdz\AppData\Local\Mozilla\Firefox\Profiles\uzjxbbj5.default-release\safebrowsing-updating\social-tracking-protection-linkedin-digest256.sbstore,FileEvent,Delete,2021-10-09 16:24:32.263,0
"""C:\Program Files\Mozilla Firefox\firefox.exe"" rmol.id
PID:3516",C:\Users\jpdz\AppData\Local\Mozilla\Firefox\Profiles\uzjxbbj5.default-release\safebrowsing-updating\social-tracking-protection-linkedin-digest256.sbstore,FileEvent,Write,2021-10-09 16:24:20.889,244
C:\Users\jpdz\AppData\Local\Mozilla\Firefox\Profiles\uzjxbbj5.default-release\safebrowsing-updating\social-tracking-protection-linkedin-digest256.sbstore,"""C:\Program Files\Mozilla Firefox\firefox.exe"" rmol.id
PID:3516",FileEvent,Read,2021-10-09 16:24:20.889,33012
C:\Program Files\Mozilla Firefox\nss3.dll,"""C:\Program Files\Mozilla Firefox\firefox.exe"" rmol.id
PID:3516",FileEvent,Read,2021-10-09 16:24:09.550,2031616
C:\Users\jpdz\AppData\Local\Mozilla\Firefox\Profiles\uzjxbbj5.default-release\safebrowsing\content-track-digest256.vlpset,"""C:\Program Files\Mozilla Firefox\firefox.exe"" rmol.id
PID:3516",FileEvent,Read,2021-10-09 16:24:13.47,31050
"""C:\Program Files\Mozilla Firefox\firefox.exe"" rmol.id
PID:3516",C:\Users\jpdz\AppData\Roaming\Mozilla\Firefox\Profiles\uzjxbbj5.default-release\favicons.sqlite-wal,FileEvent,Write,2021-10-09 16:24:20.603,434352
C:\Program Files\Mozilla Firefox\xul.dll,"""C:\Program Files\Mozilla Firefox\firefox.exe"" rmol.id
PID:3516",FileEvent,Read,2021-10-09 16:24:09.552,104333312
C:\Windows\Fonts\staticcache.dat,"""C:\Program Files\Mozilla Firefox\firefox.exe"" rmol.id
PID:3516",FileEvent,Read,2021-10-09 16:24:09.867,60
"""C:\Program Files\Mozilla Firefox\firefox.exe"" rmol.id
PID:3516",C:\Users\jpdz\AppData\Local\Mozilla\Firefox\Profiles\uzjxbbj5.default-release\safebrowsing-updating\except-flashsubdoc-digest256.vlpset,FileEvent,Delete,2021-10-09 16:24:32.254,0
"""C:\Program Files\Mozilla Firefox\firefox.exe"" rmol.id
PID:3516",C:\Users\jpdz\AppData\Local\Mozilla\Firefox\Profiles\uzjxbbj5.default-release\safebrowsing-updating\except-flashsubdoc-digest256.vlpset,FileEvent,Write,2021-10-09 16:24:20.651,133
C:\Users\jpdz\AppData\Local\Mozilla\Firefox\Profiles\uzjxbbj5.default-release\safebrowsing-updating\except-flashsubdoc-digest256.vlpset,"""C:\Program Files\Mozilla Firefox\firefox.exe"" rmol.id
PID:3516",FileEvent,Read,2021-10-09 16:24:20.651,32768
C:\Users\jpdz\AppData\Local\Mozilla\Firefox\Profiles\uzjxbbj5.default-release\safebrowsing\google4\goog-unwanted-proto.vlpset,"""C:\Program Files\Mozilla Firefox\firefox.exe"" rmol.id
PID:3516",FileEvent,Read,2021-10-09 16:24:13.52,107440
"""C:\Program Files\Mozilla Firefox\firefox.exe"" rmol.id
PID:3516",35.244.247.133,IpChannelEvent,TcpIpConnect,2021-10-09 16:24:13.298,0
"""C:\Program Files\Mozilla Firefox\firefox.exe"" rmol.id
PID:3516",35.244.247.133,IpChannelEvent,TcpIpDisconnect,2021-10-09 16:24:17.667,0
"""C:\Program Files\Mozilla Firefox\firefox.exe"" rmol.id
PID:3516",35.244.247.133,IpChannelEvent,TcpIpSend,2021-10-09 16:24:17.396,529
35.244.247.133,"""C:\Program Files\Mozilla Firefox\firefox.exe"" rmol.id
PID:3516",IpChannelEvent,TcpIpRecv,2021-10-09 16:24:17.626,3695
"""C:\Program Files\Mozilla Firefox\firefox.exe"" rmol.id
PID:3516",C:\Users\jpdz\AppData\Local\Temp\mz_etilqs_HmI8ykpvYNSkCVG,FileEvent,Write,2021-10-09 16:24:19.71,168096
"""C:\Program Files\Mozilla Firefox\firefox.exe"" rmol.id
PID:3516",C:\Users\jpdz\AppData\Local\Mozilla\Firefox\Profiles\uzjxbbj5.default-release\safebrowsing-updating\content-track-digest256.sbstore,FileEvent,Delete,2021-10-09 16:24:32.250,0
"""C:\Program Files\Mozilla Firefox\firefox.exe"" rmol.id
PID:3516",C:\Users\jpdz\AppData\Local\Mozilla\Firefox\Profiles\uzjxbbj5.default-release\safebrowsing-updating\content-track-digest256.sbstore,FileEvent,Write,2021-10-09 16:24:20.423,734
C:\Users\jpdz\AppData\Local\Mozilla\Firefox\Profiles\uzjxbbj5.default-release\safebrowsing-updating\content-track-digest256.sbstore,"""C:\Program Files\Mozilla Firefox\firefox.exe"" rmol.id
PID:3516",FileEvent,Read,2021-10-09 16:24:23.2,734
"""C:\Program Files\Mozilla Firefox\firefox.exe"" rmol.id
PID:3516",C:\Users\jpdz\AppData\Local\Mozilla\Firefox\Profiles\uzjxbbj5.default-release\startupCache\scriptCache-new.bin,FileEvent,Write,2021-10-09 16:24:23.306,9879416
C:\Users\jpdz\AppData\Local\Mozilla\Firefox\Profiles\uzjxbbj5.default-release\startupCache\scriptCache-new.bin,"""C:\Program Files\Mozilla Firefox\firefox.exe"" rmol.id
PID:3516",FileEvent,Read,2021-10-09 16:24:23.316,65536
C:\Users\jpdz\AppData\Roaming\Mozilla\Firefox\Profiles\uzjxbbj5.default-release\permissions.sqlite,"""C:\Program Files\Mozilla Firefox\firefox.exe"" rmol.id
PID:3516",FileEvent,Read,2021-10-09 16:24:09.720,65700
"""C:\Program Files\Mozilla Firefox\firefox.exe"" rmol.id
PID:3516",C:\Users\jpdz\AppData\Roaming\Mozilla\Firefox\Profiles\uzjxbbj5.default-release\extensions.json.tmp,FileEvent,Write,2021-10-09 16:24:20.102,57748
"""C:\Program Files\Mozilla Firefox\firefox.exe"" rmol.id
PID:3516",35.244.247.133,IpChannelEvent,TcpIpConnect,2021-10-09 16:24:17.505,0
35.244.247.133,"""C:\Program Files\Mozilla Firefox\firefox.exe"" rmol.id
PID:3516",IpChannelEvent,TcpIpRecv,2021-10-09 16:24:17.562,4386
"""C:\Program Files\Mozilla Firefox\firefox.exe"" rmol.id
PID:3516",35.244.247.133,IpChannelEvent,TcpIpSend,2021-10-09 16:24:17.562,3742
"""C:\Program Files\Mozilla Firefox\firefox.exe"" rmol.id
PID:3516",117.18.237.29,IpChannelEvent,TcpIpConnect,2021-10-09 16:24:17.598,0
"""C:\Program Files\Mozilla Firefox\firefox.exe"" rmol.id
PID:3516",117.18.237.29,IpChannelEvent,TcpIpSend,2021-10-09 16:24:17.637,456
117.18.237.29,"""C:\Program Files\Mozilla Firefox\firefox.exe"" rmol.id
PID:3516",IpChannelEvent,TcpIpRecv,2021-10-09 16:24:17.637,799
C:\Users\jpdz\AppData\Local\Mozilla\Firefox\Profiles\uzjxbbj5.default-release\safebrowsing\google4\goog-badbinurl-proto.metadata,"""C:\Program Files\Mozilla Firefox\firefox.exe"" rmol.id
PID:3516",FileEvent,Read,2021-10-09 16:24:13.183,142
C:\Users\jpdz\AppData\Local\Mozilla\Firefox\Profiles\uzjxbbj5.default-release\safebrowsing\block-flashsubdoc-digest256.sbstore,"""C:\Program Files\Mozilla Firefox\firefox.exe"" rmol.id
PID:3516",FileEvent,Read,2021-10-09 16:24:13.182,5152
"""C:\Program Files\Mozilla Firefox\firefox.exe"" rmol.id
PID:3516",C:\Users\jpdz\AppData\Local\Mozilla\Firefox\Profiles\uzjxbbj5.default-release\safebrowsing-updating\google4\goog-unwanted-proto.vlpset,FileEvent,Delete,2021-10-09 16:24:32.259,0
"""C:\Program Files\Mozilla Firefox\firefox.exe"" rmol.id
PID:3516",C:\Users\jpdz\AppData\Local\Mozilla\Firefox\Profiles\uzjxbbj5.default-release\safebrowsing-updating\google4\goog-unwanted-proto.vlpset,FileEvent,Write,2021-10-09 16:24:20.884,53720
C:\Users\jpdz\AppData\Roaming\Mozilla\Firefox\Profiles\uzjxbbj5.default-release\places.sqlite-shm,"""C:\Program Files\Mozilla Firefox\firefox.exe"" rmol.id
PID:3516",FileEvent,Read,2021-10-09 16:24:10.75,32768
C:\Users\jpdz\AppData\Local\Mozilla\Firefox\Profiles\uzjxbbj5.default-release\safebrowsing\mozplugin-block-digest256.sbstore,"""C:\Program Files\Mozilla Firefox\firefox.exe"" rmol.id
PID:3516",FileEvent,Read,2021-10-09 16:24:13.182,676
"""C:\Program Files\Mozilla Firefox\firefox.exe"" rmol.id
PID:3516",C:\Users\jpdz\AppData\Local\Mozilla\Firefox\Profiles\uzjxbbj5.default-release\safebrowsing-updating\google4\goog-downloadwhite-proto.vlpset,FileEvent,Delete,2021-10-09 16:24:32.256,0
"""C:\Program Files\Mozilla Firefox\firefox.exe"" rmol.id
PID:3516",C:\Users\jpdz\AppData\Local\Mozilla\Firefox\Profiles\uzjxbbj5.default-release\safebrowsing-updating\google4\goog-downloadwhite-proto.vlpset,FileEvent,Write,2021-10-09 16:24:20.881,34085
"""C:\Program Files\Mozilla Firefox\firefox.exe"" rmol.id
PID:3516",C:\Users\jpdz\AppData\Local\Mozilla\Firefox\Profiles\uzjxbbj5.default-release\safebrowsing-updating\except-flash-digest256.vlpset,FileEvent,Delete,2021-10-09 16:24:32.252,0
C:\Users\jpdz\AppData\Local\Mozilla\Firefox\Profiles\uzjxbbj5.default-release\safebrowsing-updating\except-flash-digest256.vlpset,"""C:\Program Files\Mozilla Firefox\firefox.exe"" rmol.id
PID:3516",FileEvent,Read,2021-10-09 16:24:20.647,32768
"""C:\Program Files\Mozilla Firefox\firefox.exe"" rmol.id
PID:3516",C:\Users\jpdz\AppData\Local\Mozilla\Firefox\Profiles\uzjxbbj5.default-release\safebrowsing-updating\except-flash-digest256.vlpset,FileEvent,Write,2021-10-09 16:24:20.647,101
C:\Users\jpdz\AppData\Local\Mozilla\Firefox\Profiles\uzjxbbj5.default-release\safebrowsing\google4\goog-badbinurl-proto.vlpset,"""C:\Program Files\Mozilla Firefox\firefox.exe"" rmol.id
PID:3516",FileEvent,Read,2021-10-09 16:24:13.51,655360
"""C:\Program Files\Mozilla Firefox\firefox.exe"" rmol.id
PID:3516",C:\Users\jpdz\AppData\Roaming\Mozilla\Firefox\Profiles\uzjxbbj5.default-release\storage.sqlite-journal,FileEvent,Delete,2021-10-09 16:24:20.171,0
C:\Users\jpdz\AppData\Roaming\Mozilla\Firefox\Profiles\uzjxbbj5.default-release\storage.sqlite-journal,"""C:\Program Files\Mozilla Firefox\firefox.exe"" rmol.id
PID:3516",FileEvent,Read,2021-10-09 16:24:17.402,8
"""C:\Program Files\Mozilla Firefox\firefox.exe"" rmol.id
PID:3516",C:\Users\jpdz\AppData\Roaming\Mozilla\Firefox\Profiles\uzjxbbj5.default-release\storage.sqlite-journal,FileEvent,Write,2021-10-09 16:24:17.401,17492
"""C:\Program Files\Mozilla Firefox\firefox.exe"" rmol.id
PID:3516",C:\Users\jpdz\AppData\Local\Mozilla\Firefox\Profiles\uzjxbbj5.default-release\cache2\entries\6D89348819C8881868053197CA0754F36784BF5F,FileEvent,Write,2021-10-09 16:24:13.133,50214
C:\Users\jpdz\AppData\Local\Mozilla\Firefox\Profiles\uzjxbbj5.default-release\cache2\entries\6D89348819C8881868053197CA0754F36784BF5F,"""C:\Program Files\Mozilla Firefox\firefox.exe"" rmol.id
PID:3516",FileEvent,Read,2021-10-09 16:24:13.128,8378
C:\Users\jpdz\AppData\Roaming\Mozilla\Firefox\Profiles\uzjxbbj5.default-release\storage\permanent\chrome\idb\2823318777ntouromlalnodry--naod.sqlite,"""C:\Program Files\Mozilla Firefox\firefox.exe"" rmol.id
PID:3516",FileEvent,Read,2021-10-09 16:24:13.308,37064
"""C:\Program Files\Mozilla Firefox\firefox.exe"" rmol.id
PID:3516",C:\Users\jpdz\AppData\Local\Mozilla\Firefox\Profiles\uzjxbbj5.default-release\cache2\entries\F81F3EF2C9C31A0E22CE4DB903B6759B4ECEB195,FileEvent,Write,2021-10-09 16:24:19.69,31026
C:\Program Files\Mozilla Firefox\api-ms-win-crt-runtime-l1-1-0.dll,"""C:\Program Files\Mozilla Firefox\firefox.exe"" rmol.id
PID:3516",FileEvent,Read,2021-10-09 16:24:09.549,65536
C:\Users\jpdz\AppData\Roaming\Mozilla\Firefox\Profiles\uzjxbbj5.default-release\content-prefs.sqlite,"""C:\Program Files\Mozilla Firefox\firefox.exe"" rmol.id
PID:3516",FileEvent,Read,2021-10-09 16:24:17.950,65684
C:\Users\jpdz\AppData\Roaming\Mozilla\Firefox\Profiles\uzjxbbj5.default-release\search.json.mozlz4,"""C:\Program Files\Mozilla Firefox\firefox.exe"" rmol.id
PID:3516",FileEvent,Read,2021-10-09 16:24:09.890,187
"""C:\Program Files\Mozilla Firefox\firefox.exe"" rmol.id
PID:3516",C:\Users\jpdz\AppData\Roaming\Mozilla\Firefox\Profiles\uzjxbbj5.default-release\search.json.mozlz4,FileEvent,Write,2021-10-09 16:24:17.387,187
C:\Users\jpdz\AppData\Local\Mozilla\Firefox\Profiles\uzjxbbj5.default-release\safebrowsing\base-cryptomining-track-digest256.sbstore,"""C:\Program Files\Mozilla Firefox\firefox.exe"" rmol.id
PID:3516",FileEvent,Read,2021-10-09 16:24:13.182,628
"""C:\Program Files\Mozilla Firefox\firefox.exe"" rmol.id
PID:3516",C:\Users\jpdz\AppData\Local\Mozilla\Firefox\Profiles\uzjxbbj5.default-release\safebrowsing-updating\google-trackwhite-digest256-1.sbstore,FileEvent,Write,2021-10-09 16:24:25.138,46359
C:\Users\jpdz\AppData\Local\Mozilla\Firefox\Profiles\uzjxbbj5.default-release\safebrowsing\social-tracking-protection-linkedin-digest256.sbstore,"""C:\Program Files\Mozilla Firefox\firefox.exe"" rmol.id
PID:3516",FileEvent,Read,2021-10-09 16:24:13.182,488
C:\Users\jpdz\AppData\Local\Mozilla\Firefox\Profiles\uzjxbbj5.default-release\safebrowsing-updating\social-tracking-protection-linkedin-digest256-1.vlpset,"""C:\Program Files\Mozilla Firefox\firefox.exe"" rmol.id
PID:3516",FileEvent,Read,2021-10-09 16:24:31.825,32768
"""C:\Program Files\Mozilla Firefox\firefox.exe"" rmol.id
PID:3516",C:\Users\jpdz\AppData\Local\Mozilla\Firefox\Profiles\uzjxbbj5.default-release\safebrowsing-updating\social-tracking-protection-linkedin-digest256-1.vlpset,FileEvent,Write,2021-10-09 16:24:31.825,4261
"""C:\Program Files\Mozilla Firefox\firefox.exe"" rmol.id
PID:3516",C:\Users\jpdz\AppData\Local\Mozilla\Firefox\Profiles\uzjxbbj5.default-release\safebrowsing-updating,FileEvent,Delete,2021-10-09 16:24:32.265,0
"""C:\Program Files\Mozilla Firefox\firefox.exe"" rmol.id
PID:3516",34.107.221.82,IpChannelEvent,TcpIpConnect,2021-10-09 16:24:17.410,0
34.107.221.82,"""C:\Program Files\Mozilla Firefox\firefox.exe"" rmol.id
PID:3516",IpChannelEvent,TcpIpRecv,2021-10-09 16:24:17.451,440
"""C:\Program Files\Mozilla Firefox\firefox.exe"" rmol.id
PID:3516",34.107.221.82,IpChannelEvent,TcpIpSend,2021-10-09 16:24:17.451,670
C:\Users\jpdz\AppData\Local\Mozilla\Firefox\Profiles\uzjxbbj5.default-release\safebrowsing\block-flash-digest256.sbstore,"""C:\Program Files\Mozilla Firefox\firefox.exe"" rmol.id
PID:3516",FileEvent,Read,2021-10-09 16:24:13.182,902
C:\Users\jpdz\AppData\Roaming\Mozilla\Firefox\Profiles\uzjxbbj5.default-release\datareporting\state.json,"""C:\Program Files\Mozilla Firefox\firefox.exe"" rmol.id
PID:3516",FileEvent,Read,2021-10-09 16:24:13.160,51
C:\Users\jpdz\AppData\Local\Mozilla\Firefox\Profiles\uzjxbbj5.default-release\safebrowsing\base-fingerprinting-track-digest256.vlpset,"""C:\Program Files\Mozilla Firefox\firefox.exe"" rmol.id
PID:3516",FileEvent,Read,2021-10-09 16:24:13.46,7434
C:\Users\jpdz\AppData\Local\Mozilla\Firefox\Profiles\uzjxbbj5.default-release\safebrowsing\social-tracking-protection-twitter-digest256.sbstore,"""C:\Program Files\Mozilla Firefox\firefox.exe"" rmol.id
PID:3516",FileEvent,Read,2021-10-09 16:24:13.182,494
"""C:\Program Files\Mozilla Firefox\firefox.exe"" rmol.id
PID:3516",C:\Users\jpdz\AppData\Local\Mozilla\Firefox\Profiles\uzjxbbj5.default-release\safebrowsing-updating\social-tracking-protection-facebook-digest256-1.sbstore,FileEvent,Write,2021-10-09 16:24:30.670,4351
"""C:\Program Files\Mozilla Firefox\firefox.exe"" rmol.id
PID:3516",C:\Users\jpdz\AppData\Local\Mozilla\Firefox\Profiles\uzjxbbj5.default-release\safebrowsing-updating\base-fingerprinting-track-digest256.vlpset,FileEvent,Delete,2021-10-09 16:24:32.248,0
C:\Users\jpdz\AppData\Local\Mozilla\Firefox\Profiles\uzjxbbj5.default-release\safebrowsing-updating\base-fingerprinting-track-digest256.vlpset,"""C:\Program Files\Mozilla Firefox\firefox.exe"" rmol.id
PID:3516",FileEvent,Read,2021-10-09 16:24:22.223,3717
"""C:\Program Files\Mozilla Firefox\firefox.exe"" rmol.id
PID:3516",C:\Users\jpdz\AppData\Local\Mozilla\Firefox\Profiles\uzjxbbj5.default-release\safebrowsing-updating\base-fingerprinting-track-digest256.vlpset,FileEvent,Write,2021-10-09 16:24:20.420,3717
"""C:\Program Files\Mozilla Firefox\firefox.exe"" rmol.id
PID:3516",34.214.179.131,IpChannelEvent,TcpIpConnect,2021-10-09 16:24:13.459,0
"""C:\Program Files\Mozilla Firefox\firefox.exe"" rmol.id
PID:3516",34.214.179.131,IpChannelEvent,TcpIpDisconnect,2021-10-09 16:24:18.226,0
"""C:\Program Files\Mozilla Firefox\firefox.exe"" rmol.id
PID:3516",34.214.179.131,IpChannelEvent,TcpIpSend,2021-10-09 16:24:17.396,1972
34.214.179.131,"""C:\Program Files\Mozilla Firefox\firefox.exe"" rmol.id
PID:3516",IpChannelEvent,TcpIpRecv,2021-10-09 16:24:17.555,3716
"""C:\Program Files\Mozilla Firefox\firefox.exe"" rmol.id
PID:3516",C:\Users\jpdz\AppData\Local\Mozilla\Firefox\Profiles\uzjxbbj5.default-release\safebrowsing-updating\google4\goog-unwanted-proto.metadata,FileEvent,Delete,2021-10-09 16:24:32.258,0
C:\Users\jpdz\AppData\Local\Mozilla\Firefox\Profiles\uzjxbbj5.default-release\safebrowsing-updating\google4\goog-unwanted-proto.metadata,"""C:\Program Files\Mozilla Firefox\firefox.exe"" rmol.id
PID:3516",FileEvent,Read,2021-10-09 16:24:20.883,32768
"""C:\Program Files\Mozilla Firefox\firefox.exe"" rmol.id
PID:3516",C:\Users\jpdz\AppData\Local\Mozilla\Firefox\Profiles\uzjxbbj5.default-release\safebrowsing-updating\google4\goog-unwanted-proto.metadata,FileEvent,Write,2021-10-09 16:24:20.883,71
"""C:\Program Files\Mozilla Firefox\firefox.exe"" rmol.id
PID:3516",C:\Users\jpdz\AppData\Local\Mozilla\Firefox\Profiles\uzjxbbj5.default-release\safebrowsing-updating\ads-track-digest256.vlpset,FileEvent,Delete,2021-10-09 16:24:32.242,0
"""C:\Program Files\Mozilla Firefox\firefox.exe"" rmol.id
PID:3516",C:\Users\jpdz\AppData\Local\Mozilla\Firefox\Profiles\uzjxbbj5.default-release\safebrowsing-updating\ads-track-digest256.vlpset,FileEvent,Write,2021-10-09 16:24:20.409,55877
C:\Users\jpdz\AppData\Local\Mozilla\Firefox\Profiles\uzjxbbj5.default-release\safebrowsing\social-tracking-protection-linkedin-digest256.vlpset,"""C:\Program Files\Mozilla Firefox\firefox.exe"" rmol.id
PID:3516",FileEvent,Read,2021-10-09 16:24:13.54,266
"""C:\Program Files\Mozilla Firefox\firefox.exe"" rmol.id
PID:3516",C:\Users\jpdz\AppData\Local\Mozilla\Firefox\Profiles\uzjxbbj5.default-release\safebrowsing-updating\allow-flashallow-digest256.vlpset,FileEvent,Delete,2021-10-09 16:24:32.243,0
"""C:\Program Files\Mozilla Firefox\firefox.exe"" rmol.id
PID:3516",C:\Users\jpdz\AppData\Local\Mozilla\Firefox\Profiles\uzjxbbj5.default-release\safebrowsing-updating\allow-flashallow-digest256.vlpset,FileEvent,Write,2021-10-09 16:24:20.414,69
C:\Users\jpdz\AppData\Local\Mozilla\Firefox\Profiles\uzjxbbj5.default-release\safebrowsing-updating\allow-flashallow-digest256.vlpset,"""C:\Program Files\Mozilla Firefox\firefox.exe"" rmol.id
PID:3516",FileEvent,Read,2021-10-09 16:24:20.414,32768
"""C:\Program Files\Mozilla Firefox\firefox.exe"" rmol.id
PID:3516",C:\Users\jpdz\AppData\Roaming\Mozilla\Firefox\Profiles\uzjxbbj5.default-release\storage\default\moz-extension+++7b7c287d-b9ee-4c40-99c0-63c5bd847cee^userContextId=4294967295\idb\3647222921wleabcEoxlt-eengsairo.sqlite-wal,FileEvent,Delete,2021-10-09 16:24:20.173,0
"""C:\Program Files\Mozilla Firefox\firefox.exe"" rmol.id
PID:3516",C:\Users\jpdz\AppData\Roaming\Mozilla\Firefox\Profiles\uzjxbbj5.default-release\storage\default\moz-extension+++7b7c287d-b9ee-4c40-99c0-63c5bd847cee^userContextId=4294967295\idb\3647222921wleabcEoxlt-eengsairo.sqlite-wal,FileEvent,Delete,2021-10-09 16:24:32.176,0
"""C:\Program Files\Mozilla Firefox\firefox.exe"" rmol.id
PID:3516",C:\Users\jpdz\AppData\Local\Mozilla\Firefox\Profiles\uzjxbbj5.default-release\safebrowsing-updating\block-flashsubdoc-digest256.vlpset,FileEvent,Delete,2021-10-09 16:24:32.250,0
"""C:\Program Files\Mozilla Firefox\firefox.exe"" rmol.id
PID:3516",C:\Users\jpdz\AppData\Local\Mozilla\Firefox\Profiles\uzjxbbj5.default-release\safebrowsing-updating\block-flashsubdoc-digest256.vlpset,FileEvent,Write,2021-10-09 16:24:20.423,73413
"""C:\Program Files\Mozilla Firefox\firefox.exe"" rmol.id
PID:3516",121.194.10.90,IpChannelEvent,TcpIpConnect,2021-10-09 16:24:20.338,0
"""C:\Program Files\Mozilla Firefox\firefox.exe"" rmol.id
PID:3516",121.194.10.90,IpChannelEvent,TcpIpSend,2021-10-09 16:24:20.345,1090
121.194.10.90,"""C:\Program Files\Mozilla Firefox\firefox.exe"" rmol.id
PID:3516",IpChannelEvent,TcpIpRecv,2021-10-09 16:24:20.345,5981
"""C:\Program Files\Mozilla Firefox\firefox.exe"" rmol.id
PID:3516",115.157.63.19,IpChannelEvent,TcpIpConnect,2021-10-09 16:24:13.426,0
"""C:\Program Files\Mozilla Firefox\firefox.exe"" rmol.id
PID:3516",115.157.63.19,IpChannelEvent,TcpIpDisconnect,2021-10-09 16:24:17.618,0
"""C:\Program Files\Mozilla Firefox\firefox.exe"" rmol.id
PID:3516",115.157.63.19,IpChannelEvent,TcpIpSend,2021-10-09 16:24:17.396,811
115.157.63.19,"""C:\Program Files\Mozilla Firefox\firefox.exe"" rmol.id
PID:3516",IpChannelEvent,TcpIpRecv,2021-10-09 16:24:17.595,3773
C:\Users\jpdz\AppData\Local\Mozilla\Firefox\Profiles\uzjxbbj5.default-release\cache2\entries\E863DEE39AB0EF279CE01AF8C128F96010854FC3,"""C:\Program Files\Mozilla Firefox\firefox.exe"" rmol.id
PID:3516",FileEvent,Read,2021-10-09 16:24:14.72,12676
"""C:\Program Files\Mozilla Firefox\firefox.exe"" rmol.id
PID:3516",C:\Users\jpdz\AppData\Local\Mozilla\Firefox\Profiles\uzjxbbj5.default-release\cache2\entries\E863DEE39AB0EF279CE01AF8C128F96010854FC3,FileEvent,Write,2021-10-09 16:24:17.380,76053
"""C:\Program Files\Mozilla Firefox\firefox.exe"" rmol.id
PID:3516",42.99.128.155,IpChannelEvent,TcpIpConnect,2021-10-09 16:24:17.920,0
"""C:\Program Files\Mozilla Firefox\firefox.exe"" rmol.id
PID:3516",42.99.128.155,IpChannelEvent,TcpIpDisconnect,2021-10-09 16:24:23.657,0
C:\Users\jpdz\AppData\Local\Mozilla\Firefox\Profiles\uzjxbbj5.default-release\safebrowsing\mozstd-trackwhite-digest256.vlpset,"""C:\Program Files\Mozilla Firefox\firefox.exe"" rmol.id
PID:3516",FileEvent,Read,2021-10-09 16:24:13.53,1048576
C:\Users\jpdz\AppData\Roaming\Mozilla\Firefox\Profiles\uzjxbbj5.default-release\security_state\data.safe.bin,"""C:\Program Files\Mozilla Firefox\firefox.exe"" rmol.id
PID:3516",FileEvent,Read,2021-10-09 16:24:10.174,1222667
"""C:\Program Files\Mozilla Firefox\firefox.exe"" rmol.id
PID:3516",C:\Users\jpdz\AppData\Local\Mozilla\Firefox\Profiles\uzjxbbj5.default-release\cache2\doomed\29257,FileEvent,Delete,2021-10-09 16:24:17.932,0
"""C:\Program Files\Mozilla Firefox\firefox.exe"" rmol.id
PID:3516",C:\Users\jpdz\AppData\Local\Mozilla\Firefox\Profiles\uzjxbbj5.default-release\cache2\doomed\416,FileEvent,Delete,2021-10-09 16:24:22.442,0
"""C:\Program Files\Mozilla Firefox\firefox.exe"" rmol.id
PID:3516",C:\Users\jpdz\AppData\Local\Mozilla\Firefox\Profiles\uzjxbbj5.default-release\safebrowsing-updating\mozplugin-block-digest256.sbstore,FileEvent,Delete,2021-10-09 16:24:32.261,0
"""C:\Program Files\Mozilla Firefox\firefox.exe"" rmol.id
PID:3516",C:\Users\jpdz\AppData\Local\Mozilla\Firefox\Profiles\uzjxbbj5.default-release\safebrowsing-updating\mozplugin-block-digest256.sbstore,FileEvent,Write,2021-10-09 16:24:20.884,338
C:\Users\jpdz\AppData\Local\Mozilla\Firefox\Profiles\uzjxbbj5.default-release\safebrowsing-updating\mozplugin-block-digest256.sbstore,"""C:\Program Files\Mozilla Firefox\firefox.exe"" rmol.id
PID:3516",FileEvent,Read,2021-10-09 16:24:20.884,32768
"""C:\Program Files\Mozilla Firefox\firefox.exe"" rmol.id
PID:3516",C:\Users\jpdz\AppData\Local\Mozilla\Firefox\Profiles\uzjxbbj5.default-release\safebrowsing-updating\google4\goog-downloadwhite-proto.metadata,FileEvent,Delete,2021-10-09 16:24:32.256,0
"""C:\Program Files\Mozilla Firefox\firefox.exe"" rmol.id
PID:3516",C:\Users\jpdz\AppData\Local\Mozilla\Firefox\Profiles\uzjxbbj5.default-release\safebrowsing-updating\google4\goog-downloadwhite-proto.metadata,FileEvent,Write,2021-10-09 16:24:20.879,69
C:\Users\jpdz\AppData\Local\Mozilla\Firefox\Profiles\uzjxbbj5.default-release\safebrowsing-updating\google4\goog-downloadwhite-proto.metadata,"""C:\Program Files\Mozilla Firefox\firefox.exe"" rmol.id
PID:3516",FileEvent,Read,2021-10-09 16:24:20.879,32768
"""C:\Program Files\Mozilla Firefox\firefox.exe"" rmol.id
PID:3516",C:\Users\jpdz\AppData\Local\Mozilla\Firefox\Profiles\uzjxbbj5.default-release\safebrowsing-updating\social-track-digest256-1.sbstore,FileEvent,Write,2021-10-09 16:24:28.565,4406
C:\Users\jpdz\AppData\Roaming\Mozilla\Firefox\Profiles\uzjxbbj5.default-release\handlers.json,"""C:\Program Files\Mozilla Firefox\firefox.exe"" rmol.id
PID:3516",FileEvent,Read,2021-10-09 16:24:13.277,733
"""C:\Program Files\Mozilla Firefox\firefox.exe"" rmol.id
PID:3516",39.107.233.151,IpChannelEvent,TcpIpConnect,2021-10-09 16:24:17.375,0
"""C:\Program Files\Mozilla Firefox\firefox.exe"" rmol.id
PID:3516",39.107.233.151,IpChannelEvent,TcpIpSend,2021-10-09 16:24:17.383,532
39.107.233.151,"""C:\Program Files\Mozilla Firefox\firefox.exe"" rmol.id
PID:3516",IpChannelEvent,TcpIpRecv,2021-10-09 16:24:17.383,382
"""C:\Program Files\Mozilla Firefox\firefox.exe"" rmol.id
PID:3516",127.0.0.1,IpChannelEvent,TcpIpAccept,2021-10-09 16:24:09.647,0
127.0.0.1,"""C:\Program Files\Mozilla Firefox\firefox.exe"" rmol.id
PID:3516",IpChannelEvent,TcpIpRecv,2021-10-09 16:24:09.648,21
127.0.0.1,"""C:\Program Files\Mozilla Firefox\firefox.exe"" rmol.id
PID:3516",IpChannelEvent,TcpIpRecv,2021-10-09 16:24:11.152,985
"""C:\Program Files\Mozilla Firefox\firefox.exe"" rmol.id
PID:3516","""C:\Program Files\Mozilla Firefox\firefox.exe"" -contentproc --channel=""3516.0.419698110\1917328120"" -parentBuildID 20210927210923 -prefsHandle 1016 -prefMapHandle 980 -prefsLen 1 -prefMapSize 252743 -appdir ""C:\Program Files\Mozilla Firefox\browser"" - 3516 ""\\.\pipe\gecko-crash-server-pipe.3516"" 1088 cbb5e68 gpu
PID:2692",ProcessEvent,Create,2021-10-09 16:24:09.672,
"""C:\Program Files\Mozilla Firefox\firefox.exe"" rmol.id
PID:3516",C:\Users\jpdz\AppData\Roaming\Mozilla\Firefox\Profiles\uzjxbbj5.default-release\storage\default\moz-extension+++0c3666b5-67b1-4855-b50d-d5fbfc0d2874^userContextId=4294967295\idb\3647222921wleabcEoxlt-eengsairo.sqlite-wal,FileEvent,Delete,2021-10-09 16:24:20.175,0
"""C:\Program Files\Mozilla Firefox\firefox.exe"" rmol.id
PID:3516",C:\Users\jpdz\AppData\Roaming\Mozilla\Firefox\Profiles\uzjxbbj5.default-release\storage\default\moz-extension+++0c3666b5-67b1-4855-b50d-d5fbfc0d2874^userContextId=4294967295\idb\3647222921wleabcEoxlt-eengsairo.sqlite-wal,FileEvent,Delete,2021-10-09 16:24:32.755,0
C:\Users\jpdz\AppData\Roaming\Mozilla\Firefox\Profiles\uzjxbbj5.default-release\storage\default\moz-extension+++0c3666b5-67b1-4855-b50d-d5fbfc0d2874^userContextId=4294967295\idb\3647222921wleabcEoxlt-eengsairo.sqlite-wal,"""C:\Program Files\Mozilla Firefox\firefox.exe"" rmol.id
PID:3516",FileEvent,Read,2021-10-09 16:24:22.510,4096
"""C:\Program Files\Mozilla Firefox\firefox.exe"" rmol.id
PID:3516",C:\Users\jpdz\AppData\Roaming\Mozilla\Firefox\Profiles\uzjxbbj5.default-release\storage\default\moz-extension+++0c3666b5-67b1-4855-b50d-d5fbfc0d2874^userContextId=4294967295\idb\3647222921wleabcEoxlt-eengsairo.sqlite-wal,FileEvent,Write,2021-10-09 16:24:20.305,53400
C:\Users\jpdz\AppData\Local\Mozilla\Firefox\Profiles\uzjxbbj5.default-release\safebrowsing\except-flashallow-digest256.sbstore,"""C:\Program Files\Mozilla Firefox\firefox.exe"" rmol.id
PID:3516",FileEvent,Read,2021-10-09 16:24:13.182,472
C:\Program Files\Mozilla Firefox\api-ms-win-crt-locale-l1-1-0.dll,"""C:\Program Files\Mozilla Firefox\firefox.exe"" rmol.id
PID:3516",FileEvent,Read,2021-10-09 16:24:09.552,65536
C:\Program Files\Mozilla Firefox\mozglue.dll,"""C:\Program Files\Mozilla Firefox\firefox.exe"" rmol.id
PID:3516",FileEvent,Read,2021-10-09 16:24:09.549,589824
"""C:\Program Files\Mozilla Firefox\firefox.exe"" rmol.id
PID:3516",C:\Users\jpdz\AppData\Local\Mozilla\Firefox\Profiles\uzjxbbj5.default-release\safebrowsing-updating\base-cryptomining-track-digest256.sbstore,FileEvent,Delete,2021-10-09 16:24:32.246,0
"""C:\Program Files\Mozilla Firefox\firefox.exe"" rmol.id
PID:3516",C:\Users\jpdz\AppData\Local\Mozilla\Firefox\Profiles\uzjxbbj5.default-release\safebrowsing-updating\base-cryptomining-track-digest256.sbstore,FileEvent,Write,2021-10-09 16:24:20.416,314
C:\Users\jpdz\AppData\Local\Mozilla\Firefox\Profiles\uzjxbbj5.default-release\safebrowsing-updating\base-cryptomining-track-digest256.sbstore,"""C:\Program Files\Mozilla Firefox\firefox.exe"" rmol.id
PID:3516",FileEvent,Read,2021-10-09 16:24:20.416,33082
"""C:\Program Files\Mozilla Firefox\firefox.exe"" rmol.id
PID:3516",34.214.179.131,IpChannelEvent,TcpIpConnect,2021-10-09 16:24:18.240,0
"""C:\Program Files\Mozilla Firefox\firefox.exe"" rmol.id
PID:3516",34.214.179.131,IpChannelEvent,TcpIpDisconnect,2021-10-09 16:24:18.669,0
"""C:\Program Files\Mozilla Firefox\firefox.exe"" rmol.id
PID:3516",34.214.179.131,IpChannelEvent,TcpIpSend,2021-10-09 16:24:18.400,1897
34.214.179.131,"""C:\Program Files\Mozilla Firefox\firefox.exe"" rmol.id
PID:3516",IpChannelEvent,TcpIpRecv,2021-10-09 16:24:18.453,1538
"""C:\Program Files\Mozilla Firefox\firefox.exe"" rmol.id
PID:3516",127.0.0.1,IpChannelEvent,TcpIpConnect,2021-10-09 16:24:09.647,0
"""C:\Program Files\Mozilla Firefox\firefox.exe"" rmol.id
PID:3516",127.0.0.1,IpChannelEvent,TcpIpSend,2021-10-09 16:24:09.648,21
"""C:\Program Files\Mozilla Firefox\firefox.exe"" rmol.id
PID:3516",127.0.0.1,IpChannelEvent,TcpIpSend,2021-10-09 16:24:11.152,985
C:\Users\jpdz\AppData\Local\Mozilla\Firefox\Profiles\uzjxbbj5.default-release\cache2\index,"""C:\Program Files\Mozilla Firefox\firefox.exe"" rmol.id
PID:3516",FileEvent,Read,2021-10-09 16:24:09.731,348
"""C:\Program Files\Mozilla Firefox\firefox.exe"" rmol.id
PID:3516",C:\Users\jpdz\AppData\Local\Mozilla\Firefox\Profiles\uzjxbbj5.default-release\cache2\index,FileEvent,Write,2021-10-09 16:24:09.732,8
"""C:\Program Files\Mozilla Firefox\firefox.exe"" rmol.id
PID:3516",115.157.63.19,IpChannelEvent,TcpIpConnect,2021-10-09 16:24:20.255,0
"""C:\Program Files\Mozilla Firefox\firefox.exe"" rmol.id
PID:3516",115.157.63.19,IpChannelEvent,TcpIpDisconnect,2021-10-09 16:24:20.321,0
115.157.63.19,"""C:\Program Files\Mozilla Firefox\firefox.exe"" rmol.id
PID:3516",IpChannelEvent,TcpIpRecv,2021-10-09 16:24:20.289,4426
"""C:\Program Files\Mozilla Firefox\firefox.exe"" rmol.id
PID:3516",115.157.63.19,IpChannelEvent,TcpIpSend,2021-10-09 16:24:20.289,811
C:\Program Files\Mozilla Firefox\api-ms-win-crt-math-l1-1-0.dll,"""C:\Program Files\Mozilla Firefox\firefox.exe"" rmol.id
PID:3516",FileEvent,Read,2021-10-09 16:24:09.549,65536
"""C:\Program Files\Mozilla Firefox\firefox.exe"" rmol.id
PID:3516",C:\Users\jpdz\AppData\Local\Mozilla\Firefox\Profiles\uzjxbbj5.default-release\safebrowsing-updating\except-flashallow-digest256.sbstore,FileEvent,Delete,2021-10-09 16:24:32.252,0
C:\Users\jpdz\AppData\Local\Mozilla\Firefox\Profiles\uzjxbbj5.default-release\safebrowsing-updating\except-flashallow-digest256.sbstore,"""C:\Program Files\Mozilla Firefox\firefox.exe"" rmol.id
PID:3516",FileEvent,Read,2021-10-09 16:24:20.648,32768
"""C:\Program Files\Mozilla Firefox\firefox.exe"" rmol.id
PID:3516",C:\Users\jpdz\AppData\Local\Mozilla\Firefox\Profiles\uzjxbbj5.default-release\safebrowsing-updating\except-flashallow-digest256.sbstore,FileEvent,Write,2021-10-09 16:24:20.648,236
C:\Program Files\Mozilla Firefox\api-ms-win-crt-stdio-l1-1-0.dll,"""C:\Program Files\Mozilla Firefox\firefox.exe"" rmol.id
PID:3516",FileEvent,Read,2021-10-09 16:24:09.549,65536
"""C:\Program Files\Mozilla Firefox\firefox.exe"" rmol.id
PID:3516",C:\Users\jpdz\AppData\Local\Mozilla\Firefox\Profiles\uzjxbbj5.default-release\safebrowsing-updating\google-trackwhite-digest256-1.vlpset,FileEvent,Write,2021-10-09 16:24:27.117,2940805
C:\Users\jpdz\AppData\Roaming\Mozilla\Firefox\Profiles\profiles.log,"""C:\Program Files\Mozilla Firefox\firefox.exe"" rmol.id
PID:3516",FileEvent,Read,2021-10-09 16:24:17.356,16384
"""C:\Program Files\Mozilla Firefox\firefox.exe"" rmol.id
PID:3516",C:\Users\jpdz\AppData\Local\Temp\firefox,FileEvent,Delete,2021-10-09 16:24:09.780,0
"""C:\Program Files\Mozilla Firefox\firefox.exe"" rmol.id
PID:3516",C:\Users\jpdz\AppData\Local\Mozilla\Firefox\Profiles\uzjxbbj5.default-release\safebrowsing-updating\ads-track-digest256.sbstore,FileEvent,Delete,2021-10-09 16:24:32.241,0
"""C:\Program Files\Mozilla Firefox\firefox.exe"" rmol.id
PID:3516",C:\Users\jpdz\AppData\Local\Mozilla\Firefox\Profiles\uzjxbbj5.default-release\safebrowsing-updating\ads-track-digest256.sbstore,FileEvent,Write,2021-10-09 16:24:20.408,2019
C:\Program Files\Mozilla Firefox\api-ms-win-crt-utility-l1-1-0.dll,"""C:\Program Files\Mozilla Firefox\firefox.exe"" rmol.id
PID:3516",FileEvent,Read,2021-10-09 16:24:09.549,65536
"""C:\Program Files\Mozilla Firefox\firefox.exe"" rmol.id
PID:3516",13.225.93.62,IpChannelEvent,TcpIpConnect,2021-10-09 16:24:18.884,0
"""C:\Program Files\Mozilla Firefox\firefox.exe"" rmol.id
PID:3516",13.225.93.62,IpChannelEvent,TcpIpDisconnect,2021-10-09 16:24:18.969,0
"""C:\Program Files\Mozilla Firefox\firefox.exe"" rmol.id
PID:3516",13.225.93.62,IpChannelEvent,TcpIpSend,2021-10-09 16:24:18.903,1077
13.225.93.62,"""C:\Program Files\Mozilla Firefox\firefox.exe"" rmol.id
PID:3516",IpChannelEvent,TcpIpRecv,2021-10-09 16:24:18.925,8076
"""C:\Program Files\Mozilla Firefox\firefox.exe"" rmol.id
PID:3516",C:\Users\jpdz\AppData\Local\Mozilla\Firefox\Profiles\uzjxbbj5.default-release\safebrowsing-updating\allow-flashallow-digest256.sbstore,FileEvent,Delete,2021-10-09 16:24:32.243,0
"""C:\Program Files\Mozilla Firefox\firefox.exe"" rmol.id
PID:3516",C:\Users\jpdz\AppData\Local\Mozilla\Firefox\Profiles\uzjxbbj5.default-release\safebrowsing-updating\allow-flashallow-digest256.sbstore,FileEvent,Write,2021-10-09 16:24:20.413,236
C:\Users\jpdz\AppData\Local\Mozilla\Firefox\Profiles\uzjxbbj5.default-release\safebrowsing-updating\allow-flashallow-digest256.sbstore,"""C:\Program Files\Mozilla Firefox\firefox.exe"" rmol.id
PID:3516",FileEvent,Read,2021-10-09 16:24:20.414,32768
"""C:\Program Files\Mozilla Firefox\firefox.exe"" rmol.id
PID:3516",C:\Users\jpdz\AppData\Roaming\Mozilla\Firefox\Profiles\uzjxbbj5.default-release\cookies.sqlite-wal,FileEvent,Delete,2021-10-09 16:24:09.737,0
"""C:\Program Files\Mozilla Firefox\firefox.exe"" rmol.id
PID:3516",125.220.192.143,IpChannelEvent,TcpIpConnect,2021-10-09 16:24:13.273,0
"""C:\Program Files\Mozilla Firefox\firefox.exe"" rmol.id
PID:3516",125.220.192.143,IpChannelEvent,TcpIpSend,2021-10-09 16:24:13.304,1075
125.220.192.143,"""C:\Program Files\Mozilla Firefox\firefox.exe"" rmol.id
PID:3516",IpChannelEvent,TcpIpRecv,2021-10-09 16:24:13.304,5368
C:\Users\jpdz\AppData\Roaming\Mozilla\Firefox\Profiles\UZJXBB~1.DEF\pkcs11.txt,"""C:\Program Files\Mozilla Firefox\firefox.exe"" rmol.id
PID:3516",FileEvent,Read,2021-10-09 16:24:09.924,8192
C:\Program Files\Mozilla Firefox\lgpllibs.dll,"""C:\Program Files\Mozilla Firefox\firefox.exe"" rmol.id
PID:3516",FileEvent,Read,2021-10-09 16:24:09.552,65536
"""C:\Program Files\Mozilla Firefox\firefox.exe"" rmol.id
PID:3516",C:\Users\jpdz\AppData\Local\Mozilla\Firefox\Profiles\uzjxbbj5.default-release\cache2\doomed\18315,FileEvent,Delete,2021-10-09 16:24:17.447,0
C:\Users\jpdz\AppData\Roaming\Mozilla\Firefox\Profiles\uzjxbbj5.default-release\addonStartup.json.lz4,"""C:\Program Files\Mozilla Firefox\firefox.exe"" rmol.id
PID:3516",FileEvent,Read,2021-10-09 16:24:09.654,5706
"""C:\Program Files\Mozilla Firefox\firefox.exe"" rmol.id
PID:3516",121.194.10.91,IpChannelEvent,TcpIpConnect,2021-10-09 16:24:17.370,0
"""C:\Program Files\Mozilla Firefox\firefox.exe"" rmol.id
PID:3516",121.194.10.91,IpChannelEvent,TcpIpSend,2021-10-09 16:24:17.375,326
121.194.10.91,"""C:\Program Files\Mozilla Firefox\firefox.exe"" rmol.id
PID:3516",IpChannelEvent,TcpIpRecv,2021-10-09 16:24:17.375,647
C:\Users\jpdz\AppData\Local\Mozilla\Firefox\Profiles\uzjxbbj5.default-release\safebrowsing\block-flash-digest256.vlpset,"""C:\Program Files\Mozilla Firefox\firefox.exe"" rmol.id
PID:3516",FileEvent,Read,2021-10-09 16:24:13.46,13322
C:\Users\jpdz\AppData\Local\Mozilla\Firefox\Profiles\uzjxbbj5.default-release\safebrowsing\except-flashsubdoc-digest256.vlpset,"""C:\Program Files\Mozilla Firefox\firefox.exe"" rmol.id
PID:3516",FileEvent,Read,2021-10-09 16:24:13.47,266
C:\Users\jpdz\AppData\Local\Mozilla\Firefox\Profiles\uzjxbbj5.default-release\cache2\entries\BEEAF9180B0A032DEE75D356EF60C8A42A21E761,"""C:\Program Files\Mozilla Firefox\firefox.exe"" rmol.id
PID:3516",FileEvent,Read,2021-10-09 16:24:13.133,9135
"""C:\Program Files\Mozilla Firefox\firefox.exe"" rmol.id
PID:3516",C:\Users\jpdz\AppData\Local\Mozilla\Firefox\Profiles\uzjxbbj5.default-release\cache2\entries\BEEAF9180B0A032DEE75D356EF60C8A42A21E761,FileEvent,Write,2021-10-09 16:24:13.158,52729
C:\Windows\system32\ExplorerFrame.dll,"""C:\Program Files\Mozilla Firefox\firefox.exe"" rmol.id
PID:3516",FileEvent,Read,2021-10-09 16:24:09.652,1507328
"""C:\Program Files\Mozilla Firefox\firefox.exe"" rmol.id
PID:3516","""C:\Program Files\Mozilla Firefox\firefox.exe"" -contentproc --channel=""3516.8.1117876297\1728631930"" -childID 3 -isForBrowser -prefsHandle 3508 -prefMapHandle 3504 -prefsLen 9770 -prefMapSize 252743 -jsInit 604 286204 -parentBuildID 20210927210923 -appdir ""C:\Program Files\Mozilla Firefox\browser"" - 3516 ""\\.\pipe\gecko-crash-server-pipe.3516"" 3520 1d06b8e8 tab
PID:3580",ProcessEvent,Create,2021-10-09 16:24:17.391,
"""C:\Program Files\Mozilla Firefox\firefox.exe"" rmol.id
PID:3516",C:\Users\jpdz\AppData\Local\Mozilla\Firefox\Profiles\uzjxbbj5.default-release\safebrowsing-updating\mozstd-trackwhite-digest256.sbstore,FileEvent,Delete,2021-10-09 16:24:32.261,0
"""C:\Program Files\Mozilla Firefox\firefox.exe"" rmol.id
PID:3516",C:\Users\jpdz\AppData\Local\Mozilla\Firefox\Profiles\uzjxbbj5.default-release\safebrowsing-updating\mozstd-trackwhite-digest256.sbstore,FileEvent,Write,2021-10-09 16:24:20.885,9969
"""C:\Program Files\Mozilla Firefox\firefox.exe"" rmol.id
PID:3516",44.238.202.79,IpChannelEvent,TcpIpConnect,2021-10-09 16:24:17.651,0
44.238.202.79,"""C:\Program Files\Mozilla Firefox\firefox.exe"" rmol.id
PID:3516",IpChannelEvent,TcpIpRecv,2021-10-09 16:24:17.847,3801
"""C:\Program Files\Mozilla Firefox\firefox.exe"" rmol.id
PID:3516",44.238.202.79,IpChannelEvent,TcpIpSend,2021-10-09 16:24:17.847,1456
"""C:\Program Files\Mozilla Firefox\firefox.exe"" rmol.id
PID:3516",C:\Users\jpdz\AppData\Local\Mozilla\Firefox\Profiles\uzjxbbj5.default-release\safebrowsing-updating\block-flashsubdoc-digest256.sbstore,FileEvent,Delete,2021-10-09 16:24:32.249,0
"""C:\Program Files\Mozilla Firefox\firefox.exe"" rmol.id
PID:3516",C:\Users\jpdz\AppData\Local\Mozilla\Firefox\Profiles\uzjxbbj5.default-release\safebrowsing-updating\block-flashsubdoc-digest256.sbstore,FileEvent,Write,2021-10-09 16:24:20.422,2576
"""C:\Program Files\Mozilla Firefox\firefox.exe"" rmol.id
PID:3516",C:\Users\jpdz\AppData\Local\Mozilla\Firefox\Profiles\uzjxbbj5.default-release\cache2\entries\AFC00A876EDDC334218BCEFC2A62F85E70EB2427,FileEvent,Write,2021-10-09 16:24:20.717,34781
C:\Users\jpdz\AppData\Local\Mozilla\Firefox\Profiles\uzjxbbj5.default-release\safebrowsing\google4\goog-downloadwhite-proto.vlpset,"""C:\Program Files\Mozilla Firefox\firefox.exe"" rmol.id
PID:3516",FileEvent,Read,2021-10-09 16:24:13.51,68170
C:\Users\jpdz\AppData\Roaming\Mozilla\Firefox\Profiles\uzjxbbj5.default-release\serviceworker.txt,"""C:\Program Files\Mozilla Firefox\firefox.exe"" rmol.id
PID:3516",FileEvent,Read,2021-10-09 16:24:09.786,8192
"""C:\Program Files\Mozilla Firefox\firefox.exe"" rmol.id
PID:3516",104.26.7.32,IpChannelEvent,TcpIpConnect,2021-10-09 16:24:17.543,0
"""C:\Program Files\Mozilla Firefox\firefox.exe"" rmol.id
PID:3516",104.26.7.32,IpChannelEvent,TcpIpDisconnect,2021-10-09 16:24:17.725,0
"""C:\Program Files\Mozilla Firefox\firefox.exe"" rmol.id
PID:3516",104.26.7.32,IpChannelEvent,TcpIpSend,2021-10-09 16:24:17.647,302
104.26.7.32,"""C:\Program Files\Mozilla Firefox\firefox.exe"" rmol.id
PID:3516",IpChannelEvent,TcpIpRecv,2021-10-09 16:24:17.723,2392
C:\Users\jpdz\AppData\Local\Mozilla\Firefox\Profiles\uzjxbbj5.default-release\settings\main\ms-language-packs\asrouter.ftl,"""C:\Program Files\Mozilla Firefox\firefox.exe"" rmol.id
PID:3516",FileEvent,Read,2021-10-09 16:24:17.586,49957
C:\Users\jpdz\AppData\Local\Mozilla\Firefox\Profiles\uzjxbbj5.default-release\safebrowsing\google4\goog-malware-proto.vlpset,"""C:\Program Files\Mozilla Firefox\firefox.exe"" rmol.id
PID:3516",FileEvent,Read,2021-10-09 16:24:13.52,655360
"""C:\Program Files\Mozilla Firefox\firefox.exe"" rmol.id
PID:3516",C:\Users\jpdz\AppData\Local\Mozilla\Firefox\Profiles\uzjxbbj5.default-release\safebrowsing-updating\social-track-digest256.sbstore,FileEvent,Delete,2021-10-09 16:24:32.262,0
"""C:\Program Files\Mozilla Firefox\firefox.exe"" rmol.id
PID:3516",C:\Users\jpdz\AppData\Local\Mozilla\Firefox\Profiles\uzjxbbj5.default-release\safebrowsing-updating\social-track-digest256.sbstore,FileEvent,Write,2021-10-09 16:24:20.886,309
C:\Users\jpdz\AppData\Local\Mozilla\Firefox\Profiles\uzjxbbj5.default-release\safebrowsing-updating\social-track-digest256.sbstore,"""C:\Program Files\Mozilla Firefox\firefox.exe"" rmol.id
PID:3516",FileEvent,Read,2021-10-09 16:24:20.886,33077
"""C:\Program Files\Mozilla Firefox\firefox.exe"" rmol.id
PID:3516",13.225.93.62,IpChannelEvent,TcpIpConnect,2021-10-09 16:24:18.745,0
"""C:\Program Files\Mozilla Firefox\firefox.exe"" rmol.id
PID:3516",13.225.93.62,IpChannelEvent,TcpIpDisconnect,2021-10-09 16:24:18.827,0
"""C:\Program Files\Mozilla Firefox\firefox.exe"" rmol.id
PID:3516",13.225.93.62,IpChannelEvent,TcpIpSend,2021-10-09 16:24:18.785,1075
13.225.93.62,"""C:\Program Files\Mozilla Firefox\firefox.exe"" rmol.id
PID:3516",IpChannelEvent,TcpIpRecv,2021-10-09 16:24:18.785,6636
"""C:\Program Files\Mozilla Firefox\firefox.exe"" rmol.id
PID:3516",13.225.93.62,IpChannelEvent,TcpIpConnect,2021-10-09 16:24:19.598,0
"""C:\Program Files\Mozilla Firefox\firefox.exe"" rmol.id
PID:3516",13.225.93.62,IpChannelEvent,TcpIpDisconnect,2021-10-09 16:24:20.149,0
"""C:\Program Files\Mozilla Firefox\firefox.exe"" rmol.id
PID:3516",13.225.93.62,IpChannelEvent,TcpIpSend,2021-10-09 16:24:19.638,1063
13.225.93.62,"""C:\Program Files\Mozilla Firefox\firefox.exe"" rmol.id
PID:3516",IpChannelEvent,TcpIpRecv,2021-10-09 16:24:19.638,4810
C:\Users\jpdz\AppData\Roaming\Mozilla\Firefox\Profiles\uzjxbbj5.default-release\storage\default\moz-extension+++0c3666b5-67b1-4855-b50d-d5fbfc0d2874^userContextId=4294967295\idb\3647222921wleabcEoxlt-eengsairo.sqlite,"""C:\Program Files\Mozilla Firefox\firefox.exe"" rmol.id
PID:3516",FileEvent,Read,2021-10-09 16:24:20.173,37064
"""C:\Program Files\Mozilla Firefox\firefox.exe"" rmol.id
PID:3516",C:\Users\jpdz\AppData\Roaming\Mozilla\Firefox\Profiles\uzjxbbj5.default-release\storage\default\moz-extension+++0c3666b5-67b1-4855-b50d-d5fbfc0d2874^userContextId=4294967295\idb\3647222921wleabcEoxlt-eengsairo.sqlite,FileEvent,Write,2021-10-09 16:24:22.510,8192
"""C:\Program Files\Mozilla Firefox\firefox.exe"" rmol.id
PID:3516",C:\Users\jpdz\AppData\Local\Mozilla\Firefox\Profiles\uzjxbbj5.default-release\safebrowsing-updating\social-tracking-protection-linkedin-digest256.vlpset,FileEvent,Delete,2021-10-09 16:24:32.263,0
"""C:\Program Files\Mozilla Firefox\firefox.exe"" rmol.id
PID:3516",C:\Users\jpdz\AppData\Local\Mozilla\Firefox\Profiles\uzjxbbj5.default-release\safebrowsing-updating\social-tracking-protection-linkedin-digest256.vlpset,FileEvent,Write,2021-10-09 16:24:20.890,133
C:\Users\jpdz\AppData\Local\Mozilla\Firefox\Profiles\uzjxbbj5.default-release\safebrowsing-updating\social-tracking-protection-linkedin-digest256.vlpset,"""C:\Program Files\Mozilla Firefox\firefox.exe"" rmol.id
PID:3516",FileEvent,Read,2021-10-09 16:24:20.890,32901
"""C:\Program Files\Mozilla Firefox\firefox.exe"" rmol.id
PID:3516",13.225.93.62,IpChannelEvent,TcpIpConnect,2021-10-09 16:24:19.479,0
"""C:\Program Files\Mozilla Firefox\firefox.exe"" rmol.id
PID:3516",13.225.93.62,IpChannelEvent,TcpIpDisconnect,2021-10-09 16:24:19.561,0
"""C:\Program Files\Mozilla Firefox\firefox.exe"" rmol.id
PID:3516",13.225.93.62,IpChannelEvent,TcpIpSend,2021-10-09 16:24:19.519,1064
13.225.93.62,"""C:\Program Files\Mozilla Firefox\firefox.exe"" rmol.id
PID:3516",IpChannelEvent,TcpIpRecv,2021-10-09 16:24:19.519,6476
C:\Program Files\Mozilla Firefox\api-ms-win-crt-heap-l1-1-0.dll,"""C:\Program Files\Mozilla Firefox\firefox.exe"" rmol.id
PID:3516",FileEvent,Read,2021-10-09 16:24:09.549,65536
"""C:\Program Files\Mozilla Firefox\firefox.exe"" -contentproc --channel=""3516.1.314837147\1532116865"" -childID 1 -isForBrowser -prefsHandle 1684 -prefMapHandle 1696 -prefsLen 3677 -prefMapSize 252743 -jsInit 604 286204 -parentBuildID 20210927210923 -appdir ""C:\Program Files\Mozilla Firefox\browser"" - 3516 ""\\.\pipe\gecko-crash-server-pipe.3516"" 2024 1627b798 tab
PID:1356",127.0.0.1,IpChannelEvent,TcpIpConnect,2021-10-09 16:24:10.82,0
"""C:\Program Files\Mozilla Firefox\firefox.exe"" -contentproc --channel=""3516.1.314837147\1532116865"" -childID 1 -isForBrowser -prefsHandle 1684 -prefMapHandle 1696 -prefsLen 3677 -prefMapSize 252743 -jsInit 604 286204 -parentBuildID 20210927210923 -appdir ""C:\Program Files\Mozilla Firefox\browser"" - 3516 ""\\.\pipe\gecko-crash-server-pipe.3516"" 2024 1627b798 tab
PID:1356",127.0.0.1,IpChannelEvent,TcpIpSend,2021-10-09 16:24:10.82,2
"""C:\Program Files\Mozilla Firefox\firefox.exe"" -contentproc --channel=""3516.1.314837147\1532116865"" -childID 1 -isForBrowser -prefsHandle 1684 -prefMapHandle 1696 -prefsLen 3677 -prefMapSize 252743 -jsInit 604 286204 -parentBuildID 20210927210923 -appdir ""C:\Program Files\Mozilla Firefox\browser"" - 3516 ""\\.\pipe\gecko-crash-server-pipe.3516"" 2024 1627b798 tab
PID:1356",127.0.0.1,IpChannelEvent,TcpIpSend,2021-10-09 16:24:17.908,90
C:\Windows\Prefetch\FIREFOX.EXE-A606B53C.pf,"""C:\Program Files\Mozilla Firefox\firefox.exe"" -contentproc --channel=""3516.1.314837147\1532116865"" -childID 1 -isForBrowser -prefsHandle 1684 -prefMapHandle 1696 -prefsLen 3677 -prefMapSize 252743 -jsInit 604 286204 -parentBuildID 20210927210923 -appdir ""C:\Program Files\Mozilla Firefox\browser"" - 3516 ""\\.\pipe\gecko-crash-server-pipe.3516"" 2024 1627b798 tab
PID:1356",FileEvent,Read,2021-10-09 16:24:09.990,61006
C:\Program Files\Mozilla Firefox\dependentlibs.list,"""C:\Program Files\Mozilla Firefox\firefox.exe"" -contentproc --channel=""3516.1.314837147\1532116865"" -childID 1 -isForBrowser -prefsHandle 1684 -prefMapHandle 1696 -prefsLen 3677 -prefMapSize 252743 -jsInit 604 286204 -parentBuildID 20210927210923 -appdir ""C:\Program Files\Mozilla Firefox\browser"" - 3516 ""\\.\pipe\gecko-crash-server-pipe.3516"" 2024 1627b798 tab
PID:1356",FileEvent,Read,2021-10-09 16:24:10.9,8192
"""C:\Program Files\Mozilla Firefox\firefox.exe"" -contentproc --channel=""3516.1.314837147\1532116865"" -childID 1 -isForBrowser -prefsHandle 1684 -prefMapHandle 1696 -prefsLen 3677 -prefMapSize 252743 -jsInit 604 286204 -parentBuildID 20210927210923 -appdir ""C:\Program Files\Mozilla Firefox\browser"" - 3516 ""\\.\pipe\gecko-crash-server-pipe.3516"" 2024 1627b798 tab
PID:1356",127.0.0.1,IpChannelEvent,TcpIpAccept,2021-10-09 16:24:10.82,0
127.0.0.1,"""C:\Program Files\Mozilla Firefox\firefox.exe"" -contentproc --channel=""3516.1.314837147\1532116865"" -childID 1 -isForBrowser -prefsHandle 1684 -prefMapHandle 1696 -prefsLen 3677 -prefMapSize 252743 -jsInit 604 286204 -parentBuildID 20210927210923 -appdir ""C:\Program Files\Mozilla Firefox\browser"" - 3516 ""\\.\pipe\gecko-crash-server-pipe.3516"" 2024 1627b798 tab
PID:1356",IpChannelEvent,TcpIpRecv,2021-10-09 16:24:10.82,2
127.0.0.1,"""C:\Program Files\Mozilla Firefox\firefox.exe"" -contentproc --channel=""3516.1.314837147\1532116865"" -childID 1 -isForBrowser -prefsHandle 1684 -prefMapHandle 1696 -prefsLen 3677 -prefMapSize 252743 -jsInit 604 286204 -parentBuildID 20210927210923 -appdir ""C:\Program Files\Mozilla Firefox\browser"" - 3516 ""\\.\pipe\gecko-crash-server-pipe.3516"" 2024 1627b798 tab
PID:1356",IpChannelEvent,TcpIpRecv,2021-10-09 16:24:17.908,90
C:\Windows\Prefetch\FIREFOX.EXE-A606B53C.pf,"""C:\Program Files\Mozilla Firefox\firefox.exe"" -contentproc --channel=""3516.3.1601828603\382046697"" -childID 2 -isForBrowser -prefsHandle 2584 -prefMapHandle 2580 -prefsLen 9000 -prefMapSize 252743 -jsInit 604 286204 -parentBuildID 20210927210923 -appdir ""C:\Program Files\Mozilla Firefox\browser"" - 3516 ""\\.\pipe\gecko-crash-server-pipe.3516"" 2596 18754b88 tab
PID:3568",FileEvent,Read,2021-10-09 16:24:13.223,61006
C:\Program Files\Mozilla Firefox\dependentlibs.list,"""C:\Program Files\Mozilla Firefox\firefox.exe"" -contentproc --channel=""3516.3.1601828603\382046697"" -childID 2 -isForBrowser -prefsHandle 2584 -prefMapHandle 2580 -prefsLen 9000 -prefMapSize 252743 -jsInit 604 286204 -parentBuildID 20210927210923 -appdir ""C:\Program Files\Mozilla Firefox\browser"" - 3516 ""\\.\pipe\gecko-crash-server-pipe.3516"" 2596 18754b88 tab
PID:3568",FileEvent,Read,2021-10-09 16:24:13.259,8192
"""C:\Program Files\Mozilla Firefox\firefox.exe"" -contentproc --channel=""3516.3.1601828603\382046697"" -childID 2 -isForBrowser -prefsHandle 2584 -prefMapHandle 2580 -prefsLen 9000 -prefMapSize 252743 -jsInit 604 286204 -parentBuildID 20210927210923 -appdir ""C:\Program Files\Mozilla Firefox\browser"" - 3516 ""\\.\pipe\gecko-crash-server-pipe.3516"" 2596 18754b88 tab
PID:3568",C:\Users\jpdz\AppData\Local\Temp\mozilla-temp-files\mozilla-temp-41,FileEvent,Write,2021-10-09 16:24:17.367,98304
"""C:\Program Files\Mozilla Firefox\firefox.exe"" -contentproc --channel=""3516.3.1601828603\382046697"" -childID 2 -isForBrowser -prefsHandle 2584 -prefMapHandle 2580 -prefsLen 9000 -prefMapSize 252743 -jsInit 604 286204 -parentBuildID 20210927210923 -appdir ""C:\Program Files\Mozilla Firefox\browser"" - 3516 ""\\.\pipe\gecko-crash-server-pipe.3516"" 2596 18754b88 tab
PID:3568",127.0.0.1,IpChannelEvent,TcpIpAccept,2021-10-09 16:24:13.339,0
127.0.0.1,"""C:\Program Files\Mozilla Firefox\firefox.exe"" -contentproc --channel=""3516.3.1601828603\382046697"" -childID 2 -isForBrowser -prefsHandle 2584 -prefMapHandle 2580 -prefsLen 9000 -prefMapSize 252743 -jsInit 604 286204 -parentBuildID 20210927210923 -appdir ""C:\Program Files\Mozilla Firefox\browser"" - 3516 ""\\.\pipe\gecko-crash-server-pipe.3516"" 2596 18754b88 tab
PID:3568",IpChannelEvent,TcpIpRecv,2021-10-09 16:24:13.339,48
"""C:\Program Files\Mozilla Firefox\firefox.exe"" -contentproc --channel=""3516.3.1601828603\382046697"" -childID 2 -isForBrowser -prefsHandle 2584 -prefMapHandle 2580 -prefsLen 9000 -prefMapSize 252743 -jsInit 604 286204 -parentBuildID 20210927210923 -appdir ""C:\Program Files\Mozilla Firefox\browser"" - 3516 ""\\.\pipe\gecko-crash-server-pipe.3516"" 2596 18754b88 tab
PID:3568",127.0.0.1,IpChannelEvent,TcpIpConnect,2021-10-09 16:24:13.339,0
"""C:\Program Files\Mozilla Firefox\firefox.exe"" -contentproc --channel=""3516.3.1601828603\382046697"" -childID 2 -isForBrowser -prefsHandle 2584 -prefMapHandle 2580 -prefsLen 9000 -prefMapSize 252743 -jsInit 604 286204 -parentBuildID 20210927210923 -appdir ""C:\Program Files\Mozilla Firefox\browser"" - 3516 ""\\.\pipe\gecko-crash-server-pipe.3516"" 2596 18754b88 tab
PID:3568",127.0.0.1,IpChannelEvent,TcpIpSend,2021-10-09 16:24:13.339,48
C:\Windows\Prefetch\FIREFOX.EXE-A606B53C.pf,"""C:\Program Files\Mozilla Firefox\firefox.exe"" -contentproc --channel=""3516.5.1388195354\1207220711"" -parentBuildID 20210927210923 -prefsHandle 3280 -prefMapHandle 3212 -prefsLen 9770 -prefMapSize 252743 -appdir ""C:\Program Files\Mozilla Firefox\browser"" - 3516 ""\\.\pipe\gecko-crash-server-pipe.3516"" 3292 cbb3c08 rdd
PID:2604",FileEvent,Read,2021-10-09 16:24:13.694,61006
C:\Program Files\Mozilla Firefox\dependentlibs.list,"""C:\Program Files\Mozilla Firefox\firefox.exe"" -contentproc --channel=""3516.5.1388195354\1207220711"" -parentBuildID 20210927210923 -prefsHandle 3280 -prefMapHandle 3212 -prefsLen 9770 -prefMapSize 252743 -appdir ""C:\Program Files\Mozilla Firefox\browser"" - 3516 ""\\.\pipe\gecko-crash-server-pipe.3516"" 3292 cbb3c08 rdd
PID:2604",FileEvent,Read,2021-10-09 16:24:13.704,8192
C:\Windows\Prefetch\FIREFOX.EXE-A606B53C.pf,"""C:\Program Files\Mozilla Firefox\firefox.exe"" -contentproc --channel=""3516.0.419698110\1917328120"" -parentBuildID 20210927210923 -prefsHandle 1016 -prefMapHandle 980 -prefsLen 1 -prefMapSize 252743 -appdir ""C:\Program Files\Mozilla Firefox\browser"" - 3516 ""\\.\pipe\gecko-crash-server-pipe.3516"" 1088 cbb5e68 gpu
PID:2692",FileEvent,Read,2021-10-09 16:24:09.683,61006
C:\Program Files\Mozilla Firefox\dependentlibs.list,"""C:\Program Files\Mozilla Firefox\firefox.exe"" -contentproc --channel=""3516.0.419698110\1917328120"" -parentBuildID 20210927210923 -prefsHandle 1016 -prefMapHandle 980 -prefsLen 1 -prefMapSize 252743 -appdir ""C:\Program Files\Mozilla Firefox\browser"" - 3516 ""\\.\pipe\gecko-crash-server-pipe.3516"" 1088 cbb5e68 gpu
PID:2692",FileEvent,Read,2021-10-09 16:24:09.689,8192
C:\Windows\Prefetch\FIREFOX.EXE-A606B53C.pf,"""C:\Program Files\Mozilla Firefox\firefox.exe"" -contentproc --channel=""3516.8.1117876297\1728631930"" -childID 3 -isForBrowser -prefsHandle 3508 -prefMapHandle 3504 -prefsLen 9770 -prefMapSize 252743 -jsInit 604 286204 -parentBuildID 20210927210923 -appdir ""C:\Program Files\Mozilla Firefox\browser"" - 3516 ""\\.\pipe\gecko-crash-server-pipe.3516"" 3520 1d06b8e8 tab
PID:3580",FileEvent,Read,2021-10-09 16:24:17.424,61006
C:\Program Files\Mozilla Firefox\dependentlibs.list,"""C:\Program Files\Mozilla Firefox\firefox.exe"" -contentproc --channel=""3516.8.1117876297\1728631930"" -childID 3 -isForBrowser -prefsHandle 3508 -prefMapHandle 3504 -prefsLen 9770 -prefMapSize 252743 -jsInit 604 286204 -parentBuildID 20210927210923 -appdir ""C:\Program Files\Mozilla Firefox\browser"" - 3516 ""\\.\pipe\gecko-crash-server-pipe.3516"" 3520 1d06b8e8 tab
PID:3580",FileEvent,Read,2021-10-09 16:24:17.494,8192
"""C:\Program Files\Mozilla Firefox\firefox.exe"" -contentproc --channel=""3516.8.1117876297\1728631930"" -childID 3 -isForBrowser -prefsHandle 3508 -prefMapHandle 3504 -prefsLen 9770 -prefMapSize 252743 -jsInit 604 286204 -parentBuildID 20210927210923 -appdir ""C:\Program Files\Mozilla Firefox\browser"" - 3516 ""\\.\pipe\gecko-crash-server-pipe.3516"" 3520 1d06b8e8 tab
PID:3580",127.0.0.1,IpChannelEvent,TcpIpAccept,2021-10-09 16:24:17.516,0
127.0.0.1,"""C:\Program Files\Mozilla Firefox\firefox.exe"" -contentproc --channel=""3516.8.1117876297\1728631930"" -childID 3 -isForBrowser -prefsHandle 3508 -prefMapHandle 3504 -prefsLen 9770 -prefMapSize 252743 -jsInit 604 286204 -parentBuildID 20210927210923 -appdir ""C:\Program Files\Mozilla Firefox\browser"" - 3516 ""\\.\pipe\gecko-crash-server-pipe.3516"" 3520 1d06b8e8 tab
PID:3580",IpChannelEvent,TcpIpRecv,2021-10-09 16:24:17.516,2
"""C:\Program Files\Mozilla Firefox\firefox.exe"" -contentproc --channel=""3516.8.1117876297\1728631930"" -childID 3 -isForBrowser -prefsHandle 3508 -prefMapHandle 3504 -prefsLen 9770 -prefMapSize 252743 -jsInit 604 286204 -parentBuildID 20210927210923 -appdir ""C:\Program Files\Mozilla Firefox\browser"" - 3516 ""\\.\pipe\gecko-crash-server-pipe.3516"" 3520 1d06b8e8 tab
PID:3580",127.0.0.1,IpChannelEvent,TcpIpConnect,2021-10-09 16:24:17.516,0
"""C:\Program Files\Mozilla Firefox\firefox.exe"" -contentproc --channel=""3516.8.1117876297\1728631930"" -childID 3 -isForBrowser -prefsHandle 3508 -prefMapHandle 3504 -prefsLen 9770 -prefMapSize 252743 -jsInit 604 286204 -parentBuildID 20210927210923 -appdir ""C:\Program Files\Mozilla Firefox\browser"" - 3516 ""\\.\pipe\gecko-crash-server-pipe.3516"" 3520 1d06b8e8 tab
PID:3580",127.0.0.1,IpChannelEvent,TcpIpSend,2021-10-09 16:24:17.516,2
