start,end,eventtype,operationtype,time,ref.size
"""C:\Program Files\Mozilla Firefox\firefox.exe"" domclick.ru
PID:968",178.154.131.215,IpChannelEvent,TcpIpConnect,2021-10-09 16:24:36.753,0
"""C:\Program Files\Mozilla Firefox\firefox.exe"" domclick.ru
PID:968",178.154.131.215,IpChannelEvent,TcpIpSend,2021-10-09 16:24:36.818,1540
178.154.131.215,"""C:\Program Files\Mozilla Firefox\firefox.exe"" domclick.ru
PID:968",IpChannelEvent,TcpIpRecv,2021-10-09 16:24:37.58,229639
"""C:\Program Files\Mozilla Firefox\firefox.exe"" domclick.ru
PID:968",111.206.176.78,IpChannelEvent,TcpIpConnect,2021-10-09 16:24:13.722,0
"""C:\Program Files\Mozilla Firefox\firefox.exe"" domclick.ru
PID:968",111.206.176.78,IpChannelEvent,TcpIpDisconnect,2021-10-09 16:24:28.58,0
111.206.176.78,"""C:\Program Files\Mozilla Firefox\firefox.exe"" domclick.ru
PID:968",IpChannelEvent,TcpIpRecv,2021-10-09 16:24:13.729,11640
"""C:\Program Files\Mozilla Firefox\firefox.exe"" domclick.ru
PID:968",111.206.176.78,IpChannelEvent,TcpIpSend,2021-10-09 16:24:13.729,1130
C:\Program Files\Mozilla Firefox\api-ms-win-crt-multibyte-l1-1-0.dll,"""C:\Program Files\Mozilla Firefox\firefox.exe"" domclick.ru
PID:968",FileEvent,Read,2021-10-09 16:24:08.753,65536
"""C:\Program Files\Mozilla Firefox\firefox.exe"" domclick.ru
PID:968",103.254.188.158,IpChannelEvent,TcpIpConnect,2021-10-09 16:24:13.296,0
"""C:\Program Files\Mozilla Firefox\firefox.exe"" domclick.ru
PID:968",103.254.188.158,IpChannelEvent,TcpIpDisconnect,2021-10-09 16:24:28.58,0
103.254.188.158,"""C:\Program Files\Mozilla Firefox\firefox.exe"" domclick.ru
PID:968",IpChannelEvent,TcpIpRecv,2021-10-09 16:24:13.303,5471
"""C:\Program Files\Mozilla Firefox\firefox.exe"" domclick.ru
PID:968",103.254.188.158,IpChannelEvent,TcpIpSend,2021-10-09 16:24:13.303,1138
C:\Users\jpdz\AppData\Local\Mozilla\Firefox\Profiles\uzjxbbj5.default-release\safebrowsing\social-tracking-protection-facebook-digest256.vlpset,"""C:\Program Files\Mozilla Firefox\firefox.exe"" domclick.ru
PID:968",FileEvent,Read,2021-10-09 16:24:12.283,453
"""C:\Program Files\Mozilla Firefox\firefox.exe"" domclick.ru
PID:968",5.45.205.241,IpChannelEvent,TcpIpConnect,2021-10-09 16:24:33.41,0
"""C:\Program Files\Mozilla Firefox\firefox.exe"" domclick.ru
PID:968",5.45.205.241,IpChannelEvent,TcpIpSend,2021-10-09 16:24:33.298,1856
5.45.205.241,"""C:\Program Files\Mozilla Firefox\firefox.exe"" domclick.ru
PID:968",IpChannelEvent,TcpIpRecv,2021-10-09 16:24:33.337,6984
C:\Users\jpdz\AppData\Local\Mozilla\Firefox\Profiles\uzjxbbj5.default-release\safebrowsing\google4\goog-malware-proto.metadata,"""C:\Program Files\Mozilla Firefox\firefox.exe"" domclick.ru
PID:968",FileEvent,Read,2021-10-09 16:24:12.403,71
C:\Users\jpdz\AppData\Roaming\Mozilla\Firefox\Profiles\uzjxbbj5.default-release\storage\default\moz-extension+++0c3666b5-67b1-4855-b50d-d5fbfc0d2874^userContextId=4294967295\.metadata-v2,"""C:\Program Files\Mozilla Firefox\firefox.exe"" domclick.ru
PID:968",FileEvent,Read,2021-10-09 16:24:13.22,512
C:\Users\jpdz\AppData\Local\Mozilla\Firefox\Profiles\uzjxbbj5.default-release\safebrowsing\google-trackwhite-digest256.sbstore,"""C:\Program Files\Mozilla Firefox\firefox.exe"" domclick.ru
PID:968",FileEvent,Read,2021-10-09 16:24:12.402,46359
"""C:\Program Files\Mozilla Firefox\firefox.exe"" domclick.ru
PID:968",92.223.76.254,IpChannelEvent,TcpIpConnect,2021-10-09 16:24:30.426,0
"""C:\Program Files\Mozilla Firefox\firefox.exe"" domclick.ru
PID:968",92.223.76.254,IpChannelEvent,TcpIpDisconnect,2021-10-09 16:24:31.276,0
"""C:\Program Files\Mozilla Firefox\firefox.exe"" domclick.ru
PID:968",92.223.76.254,IpChannelEvent,TcpIpSend,2021-10-09 16:24:30.472,808
92.223.76.254,"""C:\Program Files\Mozilla Firefox\firefox.exe"" domclick.ru
PID:968",IpChannelEvent,TcpIpRecv,2021-10-09 16:24:30.472,6049
C:\Users\jpdz\AppData\Roaming\Mozilla\Firefox\Profiles\uzjxbbj5.default-release\extension-settings.json,"""C:\Program Files\Mozilla Firefox\firefox.exe"" domclick.ru
PID:968",FileEvent,Read,2021-10-09 16:24:09.79,284
C:\Users\jpdz\AppData\Roaming\Mozilla\Firefox\Profiles\uzjxbbj5.default-release\storage\permanent\chrome\idb\1451318868ntouromlalnodry--epcr.sqlite,"""C:\Program Files\Mozilla Firefox\firefox.exe"" domclick.ru
PID:968",FileEvent,Read,2021-10-09 16:24:09.126,37064
C:\Users\jpdz\AppData\Local\Mozilla\Firefox\Profiles\uzjxbbj5.default-release\safebrowsing\google-trackwhite-digest256.vlpset,"""C:\Program Files\Mozilla Firefox\firefox.exe"" domclick.ru
PID:968",FileEvent,Read,2021-10-09 16:24:12.276,3014656
"""C:\Program Files\Mozilla Firefox\firefox.exe"" domclick.ru
PID:968",213.180.204.90,IpChannelEvent,TcpIpConnect,2021-10-09 16:24:37.378,0
"""C:\Program Files\Mozilla Firefox\firefox.exe"" domclick.ru
PID:968",213.180.204.90,IpChannelEvent,TcpIpDisconnect,2021-10-09 16:24:38.288,0
"""C:\Program Files\Mozilla Firefox\firefox.exe"" domclick.ru
PID:968",213.180.204.90,IpChannelEvent,TcpIpSend,2021-10-09 16:24:37.583,835
213.180.204.90,"""C:\Program Files\Mozilla Firefox\firefox.exe"" domclick.ru
PID:968",IpChannelEvent,TcpIpRecv,2021-10-09 16:24:37.690,4499
C:\Users\jpdz\AppData\Roaming\Microsoft\Internet Explorer\Quick Launch\User Pinned\TaskBar\Firefox.lnk,"""C:\Program Files\Mozilla Firefox\firefox.exe"" domclick.ru
PID:968",FileEvent,Read,2021-10-09 16:24:12.404,4096
C:\Program Files\desktop.ini,"""C:\Program Files\Mozilla Firefox\firefox.exe"" domclick.ru
PID:968",FileEvent,Read,2021-10-09 16:24:12.406,176
"""C:\Program Files\Mozilla Firefox\firefox.exe"" domclick.ru
PID:968",C:\Users\jpdz\AppData\Roaming\Mozilla\Firefox\Profiles\uzjxbbj5.default-release\storage\default\moz-extension+++0424fd79-b62a-421f-bf32-0d1549ab34f2^userContextId=4294967295\idb\3647222921wleabcEoxlt-eengsairo.sqlite,FileEvent,Write,2021-10-09 16:24:26.944,8192
C:\Users\jpdz\AppData\Roaming\Mozilla\Firefox\Profiles\uzjxbbj5.default-release\storage\default\moz-extension+++0424fd79-b62a-421f-bf32-0d1549ab34f2^userContextId=4294967295\idb\3647222921wleabcEoxlt-eengsairo.sqlite,"""C:\Program Files\Mozilla Firefox\firefox.exe"" domclick.ru
PID:968",FileEvent,Read,2021-10-09 16:24:19.674,37064
"""C:\Program Files\Mozilla Firefox\firefox.exe"" domclick.ru
PID:968",178.248.234.210,IpChannelEvent,TcpIpConnect,2021-10-09 16:24:33.227,0
"""C:\Program Files\Mozilla Firefox\firefox.exe"" domclick.ru
PID:968",178.248.234.210,IpChannelEvent,TcpIpSend,2021-10-09 16:24:33.298,1169
178.248.234.210,"""C:\Program Files\Mozilla Firefox\firefox.exe"" domclick.ru
PID:968",IpChannelEvent,TcpIpRecv,2021-10-09 16:24:33.401,4979
C:\Windows\System32\devenum.dll,"""C:\Program Files\Mozilla Firefox\firefox.exe"" domclick.ru
PID:968",FileEvent,Read,2021-10-09 16:24:29.428,32768
"""C:\Program Files\Mozilla Firefox\firefox.exe"" domclick.ru
PID:968",178.154.131.215,IpChannelEvent,TcpIpConnect,2021-10-09 16:24:36.783,0
"""C:\Program Files\Mozilla Firefox\firefox.exe"" domclick.ru
PID:968",178.154.131.215,IpChannelEvent,TcpIpDisconnect,2021-10-09 16:24:37.617,0
178.154.131.215,"""C:\Program Files\Mozilla Firefox\firefox.exe"" domclick.ru
PID:968",IpChannelEvent,TcpIpRecv,2021-10-09 16:24:37.83,5381
"""C:\Program Files\Mozilla Firefox\firefox.exe"" domclick.ru
PID:968",178.154.131.215,IpChannelEvent,TcpIpSend,2021-10-09 16:24:36.818,808
"""C:\Program Files\Mozilla Firefox\firefox.exe"" domclick.ru
PID:968",C:\Users\jpdz\AppData\Roaming\Mozilla\Firefox\Profiles\uzjxbbj5.default-release\storage\default\moz-extension+++7b7c287d-b9ee-4c40-99c0-63c5bd847cee^userContextId=4294967295\idb\3647222921wleabcEoxlt-eengsairo.sqlite-shm,FileEvent,Delete,2021-10-09 16:24:13.836,0
"""C:\Program Files\Mozilla Firefox\firefox.exe"" domclick.ru
PID:968",C:\Users\jpdz\AppData\Roaming\Mozilla\Firefox\Profiles\uzjxbbj5.default-release\storage\default\moz-extension+++7b7c287d-b9ee-4c40-99c0-63c5bd847cee^userContextId=4294967295\idb\3647222921wleabcEoxlt-eengsairo.sqlite-shm,FileEvent,Delete,2021-10-09 16:24:25.895,0
C:\Users\jpdz\AppData\Roaming\Mozilla\Firefox\Profiles\uzjxbbj5.default-release\storage\default\moz-extension+++7b7c287d-b9ee-4c40-99c0-63c5bd847cee^userContextId=4294967295\idb\3647222921wleabcEoxlt-eengsairo.sqlite-shm,"""C:\Program Files\Mozilla Firefox\firefox.exe"" domclick.ru
PID:968",FileEvent,Read,2021-10-09 16:24:13.836,65536
C:\Users\jpdz\AppData\Local\Mozilla\Firefox\Profiles\uzjxbbj5.default-release\safebrowsing\base-cryptomining-track-digest256.vlpset,"""C:\Program Files\Mozilla Firefox\firefox.exe"" domclick.ru
PID:968",FileEvent,Read,2021-10-09 16:24:12.274,2277
"""C:\Program Files\Mozilla Firefox\firefox.exe"" domclick.ru
PID:968",178.154.131.215,IpChannelEvent,TcpIpConnect,2021-10-09 16:24:36.777,0
"""C:\Program Files\Mozilla Firefox\firefox.exe"" domclick.ru
PID:968",178.154.131.215,IpChannelEvent,TcpIpDisconnect,2021-10-09 16:24:37.608,0
178.154.131.215,"""C:\Program Files\Mozilla Firefox\firefox.exe"" domclick.ru
PID:968",IpChannelEvent,TcpIpRecv,2021-10-09 16:24:37.78,5381
"""C:\Program Files\Mozilla Firefox\firefox.exe"" domclick.ru
PID:968",178.154.131.215,IpChannelEvent,TcpIpSend,2021-10-09 16:24:36.818,808
C:\Users\jpdz\AppData\Roaming\Mozilla\Firefox\Profiles\uzjxbbj5.default-release\storage\permanent\chrome\.metadata-v2,"""C:\Program Files\Mozilla Firefox\firefox.exe"" domclick.ru
PID:968",FileEvent,Read,2021-10-09 16:24:09.122,512
C:\Users\jpdz\AppData\Local\Mozilla\Firefox\Profiles\uzjxbbj5.default-release\safebrowsing\analytics-track-digest256.sbstore,"""C:\Program Files\Mozilla Firefox\firefox.exe"" domclick.ru
PID:968",FileEvent,Read,2021-10-09 16:24:12.398,559
"""C:\Program Files\Mozilla Firefox\firefox.exe"" domclick.ru
PID:968",C:\Users\jpdz\AppData\Roaming\Mozilla\Firefox\Profiles\uzjxbbj5.default-release\storage\permanent\chrome\idb\2823318777ntouromlalnodry--naod.sqlite-shm,FileEvent,Delete,2021-10-09 16:24:13.850,0
"""C:\Program Files\Mozilla Firefox\firefox.exe"" domclick.ru
PID:968",C:\Users\jpdz\AppData\Roaming\Mozilla\Firefox\Profiles\uzjxbbj5.default-release\storage\permanent\chrome\idb\2823318777ntouromlalnodry--naod.sqlite-shm,FileEvent,Delete,2021-10-09 16:24:25.897,0
C:\Users\jpdz\AppData\Roaming\Mozilla\Firefox\Profiles\uzjxbbj5.default-release\storage\permanent\chrome\idb\2823318777ntouromlalnodry--naod.sqlite-shm,"""C:\Program Files\Mozilla Firefox\firefox.exe"" domclick.ru
PID:968",FileEvent,Read,2021-10-09 16:24:13.849,65536
C:\Users\jpdz\AppData\Roaming\Mozilla\Firefox\Profiles\uzjxbbj5.default-release\storage\ls-archive.sqlite,"""C:\Program Files\Mozilla Firefox\firefox.exe"" domclick.ru
PID:968",FileEvent,Read,2021-10-09 16:24:09.122,65684
"""C:\Program Files\Mozilla Firefox\firefox.exe"" domclick.ru
PID:968",C:\Users\jpdz\AppData\Roaming\Mozilla\Firefox\Profiles\uzjxbbj5.default-release\places.sqlite-wal,FileEvent,Write,2021-10-09 16:24:09.480,4128
C:\Users\jpdz\AppData\Roaming\Mozilla\Firefox\Profiles\uzjxbbj5.default-release\places.sqlite-wal,"""C:\Program Files\Mozilla Firefox\firefox.exe"" domclick.ru
PID:968",FileEvent,Read,2021-10-09 16:24:14.236,425984
"""C:\Program Files\Mozilla Firefox\firefox.exe"" domclick.ru
PID:968",C:\Users\jpdz\AppData\Roaming\Mozilla\Firefox\Profiles\uzjxbbj5.default-release\places.sqlite-wal,FileEvent,Write,2021-10-09 16:24:12.142,1835920
C:\Users\jpdz\AppData\Local\Mozilla\Firefox\Profiles\uzjxbbj5.default-release\safebrowsing\ads-track-digest256.vlpset,"""C:\Program Files\Mozilla Firefox\firefox.exe"" domclick.ru
PID:968",FileEvent,Read,2021-10-09 16:24:12.274,55877
"""C:\Program Files\Mozilla Firefox\firefox.exe"" domclick.ru
PID:968",121.194.10.78,IpChannelEvent,TcpIpConnect,2021-10-09 16:24:13.153,0
"""C:\Program Files\Mozilla Firefox\firefox.exe"" domclick.ru
PID:968",121.194.10.78,IpChannelEvent,TcpIpDisconnect,2021-10-09 16:24:28.56,0
121.194.10.78,"""C:\Program Files\Mozilla Firefox\firefox.exe"" domclick.ru
PID:968",IpChannelEvent,TcpIpRecv,2021-10-09 16:24:13.156,647
"""C:\Program Files\Mozilla Firefox\firefox.exe"" domclick.ru
PID:968",121.194.10.78,IpChannelEvent,TcpIpSend,2021-10-09 16:24:13.156,326
C:\Users\jpdz\AppData\Local\Mozilla\Firefox\Profiles\uzjxbbj5.default-release\safebrowsing\analytics-track-digest256.vlpset,"""C:\Program Files\Mozilla Firefox\firefox.exe"" domclick.ru
PID:968",FileEvent,Read,2021-10-09 16:24:12.274,10021
C:\Users\jpdz\AppData\Roaming\Mozilla\Firefox\Profiles\uzjxbbj5.default-release\prefs.js,"""C:\Program Files\Mozilla Firefox\firefox.exe"" domclick.ru
PID:968",FileEvent,Read,2021-10-09 16:24:08.827,20224
"""C:\Program Files\Mozilla Firefox\firefox.exe"" domclick.ru
PID:968",178.248.234.210,IpChannelEvent,TcpIpConnect,2021-10-09 16:24:33.964,0
178.248.234.210,"""C:\Program Files\Mozilla Firefox\firefox.exe"" domclick.ru
PID:968",IpChannelEvent,TcpIpRecv,2021-10-09 16:24:34.199,5199
"""C:\Program Files\Mozilla Firefox\firefox.exe"" domclick.ru
PID:968",178.248.234.210,IpChannelEvent,TcpIpSend,2021-10-09 16:24:34.53,1161
"""C:\Program Files\Mozilla Firefox\firefox.exe"" domclick.ru
PID:968",C:\Users\jpdz\AppData\Roaming\Mozilla\Firefox\Profiles\uzjxbbj5.default-release\sessionCheckpoints.json.tmp,FileEvent,Write,2021-10-09 16:24:08.971,53
"""C:\Program Files\Mozilla Firefox\firefox.exe"" domclick.ru
PID:968",C:\Users\jpdz\AppData\Roaming\Mozilla\Firefox\Profiles\uzjxbbj5.default-release\sessionCheckpoints.json.tmp,FileEvent,Write,2021-10-09 16:24:12.223,90
C:\Users\jpdz\AppData\Local\Mozilla\Firefox\Profiles\uzjxbbj5.default-release\safebrowsing\allow-flashallow-digest256.vlpset,"""C:\Program Files\Mozilla Firefox\firefox.exe"" domclick.ru
PID:968",FileEvent,Read,2021-10-09 16:24:12.274,69
"""C:\Program Files\Mozilla Firefox\firefox.exe"" domclick.ru
PID:968",C:\Users\jpdz\AppData\Roaming\Mozilla\Firefox\Profiles\uzjxbbj5.default-release\cookies.sqlite-shm,FileEvent,Delete,2021-10-09 16:24:08.925,0
C:\Users\jpdz\AppData\Roaming\Mozilla\Firefox\Profiles\uzjxbbj5.default-release\cookies.sqlite-shm,"""C:\Program Files\Mozilla Firefox\firefox.exe"" domclick.ru
PID:968",FileEvent,Read,2021-10-09 16:24:08.924,65536
C:\Users\jpdz\AppData\Roaming\Mozilla\Firefox\Profiles\UZJXBB~1.DEF\cert9.db,"""C:\Program Files\Mozilla Firefox\firefox.exe"" domclick.ru
PID:968",FileEvent,Read,2021-10-09 16:24:09.108,131652
C:\Users\jpdz\AppData\Roaming\Mozilla\Firefox\Profiles\UZJXBB~1.DEF\cert9.db,"""C:\Program Files\Mozilla Firefox\firefox.exe"" domclick.ru
PID:968",FileEvent,Read,2021-10-09 16:24:12.245,16672
C:\Users\jpdz\AppData\Roaming\Mozilla\Firefox\Profiles\uzjxbbj5.default-release\places.sqlite,"""C:\Program Files\Mozilla Firefox\firefox.exe"" domclick.ru
PID:968",FileEvent,Read,2021-10-09 16:24:09.476,196708
C:\Users\jpdz\AppData\Roaming\Mozilla\Firefox\Profiles\uzjxbbj5.default-release\places.sqlite,"""C:\Program Files\Mozilla Firefox\firefox.exe"" domclick.ru
PID:968",FileEvent,Read,2021-10-09 16:24:12.150,852168
"""C:\Program Files\Mozilla Firefox\firefox.exe"" domclick.ru
PID:968",C:\Users\jpdz\AppData\Roaming\Mozilla\Firefox\Profiles\uzjxbbj5.default-release\storage\permanent\chrome\idb\1451318868ntouromlalnodry--epcr.sqlite-wal,FileEvent,Delete,2021-10-09 16:24:09.127,0
"""C:\Program Files\Mozilla Firefox\firefox.exe"" domclick.ru
PID:968",C:\Users\jpdz\AppData\Roaming\Mozilla\Firefox\Profiles\uzjxbbj5.default-release\storage\permanent\chrome\idb\1451318868ntouromlalnodry--epcr.sqlite-wal,FileEvent,Delete,2021-10-09 16:24:24.989,0
C:\Users\jpdz\AppData\Roaming\Mozilla\Firefox\Profiles\uzjxbbj5.default-release\containers.json,"""C:\Program Files\Mozilla Firefox\firefox.exe"" domclick.ru
PID:968",FileEvent,Read,2021-10-09 16:24:12.390,939
"""C:\Program Files\Mozilla Firefox\firefox.exe"" domclick.ru
PID:968",203.208.41.34,IpChannelEvent,TcpIpConnect,2021-10-09 16:24:32.478,0
"""C:\Program Files\Mozilla Firefox\firefox.exe"" domclick.ru
PID:968",203.208.41.34,IpChannelEvent,TcpIpSend,2021-10-09 16:24:32.526,459
203.208.41.34,"""C:\Program Files\Mozilla Firefox\firefox.exe"" domclick.ru
PID:968",IpChannelEvent,TcpIpRecv,2021-10-09 16:24:32.861,702
"""C:\Program Files\Mozilla Firefox\firefox.exe"" domclick.ru
PID:968",178.248.234.210,IpChannelEvent,TcpIpConnect,2021-10-09 16:24:30.162,0
"""C:\Program Files\Mozilla Firefox\firefox.exe"" domclick.ru
PID:968",178.248.234.210,IpChannelEvent,TcpIpDisconnect,2021-10-09 16:24:35.323,0
178.248.234.210,"""C:\Program Files\Mozilla Firefox\firefox.exe"" domclick.ru
PID:968",IpChannelEvent,TcpIpRecv,2021-10-09 16:24:30.328,4485
"""C:\Program Files\Mozilla Firefox\firefox.exe"" domclick.ru
PID:968",178.248.234.210,IpChannelEvent,TcpIpSend,2021-10-09 16:24:30.261,605
"""C:\Program Files\Mozilla Firefox\firefox.exe"" domclick.ru
PID:968",121.194.1.39,IpChannelEvent,TcpIpConnect,2021-10-09 16:24:13.515,0
"""C:\Program Files\Mozilla Firefox\firefox.exe"" domclick.ru
PID:968",121.194.1.39,IpChannelEvent,TcpIpDisconnect,2021-10-09 16:24:28.55,0
121.194.1.39,"""C:\Program Files\Mozilla Firefox\firefox.exe"" domclick.ru
PID:968",IpChannelEvent,TcpIpRecv,2021-10-09 16:24:13.521,1090
"""C:\Program Files\Mozilla Firefox\firefox.exe"" domclick.ru
PID:968",121.194.1.39,IpChannelEvent,TcpIpSend,2021-10-09 16:24:13.521,453
"""C:\Program Files\Mozilla Firefox\firefox.exe"" domclick.ru
PID:968",C:\ProgramData\Mozilla\updates\308046B0AF4A39CB\update.test,FileEvent,Delete,2021-10-09 16:24:13.56,0
"""C:\Program Files\Mozilla Firefox\firefox.exe"" domclick.ru
PID:968",C:\Users\jpdz\AppData\Roaming\Mozilla\Firefox\Profiles\uzjxbbj5.default-release\broadcast-listeners.json.tmp,FileEvent,Write,2021-10-09 16:24:19.662,216
"""C:\Program Files\Mozilla Firefox\firefox.exe"" domclick.ru
PID:968",104.18.31.182,IpChannelEvent,TcpIpConnect,2021-10-09 16:24:30.871,0
104.18.31.182,"""C:\Program Files\Mozilla Firefox\firefox.exe"" domclick.ru
PID:968",IpChannelEvent,TcpIpRecv,2021-10-09 16:24:31.191,939
"""C:\Program Files\Mozilla Firefox\firefox.exe"" domclick.ru
PID:968",104.18.31.182,IpChannelEvent,TcpIpSend,2021-10-09 16:24:31.19,456
"""C:\Program Files\Mozilla Firefox\firefox.exe"" domclick.ru
PID:968",104.18.31.182,IpChannelEvent,TcpIpConnect,2021-10-09 16:24:30.867,0
"""C:\Program Files\Mozilla Firefox\firefox.exe"" domclick.ru
PID:968",104.18.31.182,IpChannelEvent,TcpIpSend,2021-10-09 16:24:31.19,456
104.18.31.182,"""C:\Program Files\Mozilla Firefox\firefox.exe"" domclick.ru
PID:968",IpChannelEvent,TcpIpRecv,2021-10-09 16:24:31.181,939
"""C:\Program Files\Mozilla Firefox\firefox.exe"" domclick.ru
PID:968",213.180.204.90,IpChannelEvent,TcpIpConnect,2021-10-09 16:24:37.128,0
"""C:\Program Files\Mozilla Firefox\firefox.exe"" domclick.ru
PID:968",213.180.204.90,IpChannelEvent,TcpIpDisconnect,2021-10-09 16:24:38.563,0
"""C:\Program Files\Mozilla Firefox\firefox.exe"" domclick.ru
PID:968",213.180.204.90,IpChannelEvent,TcpIpSend,2021-10-09 16:24:37.325,835
213.180.204.90,"""C:\Program Files\Mozilla Firefox\firefox.exe"" domclick.ru
PID:968",IpChannelEvent,TcpIpRecv,2021-10-09 16:24:37.456,4500
"""C:\Program Files\Mozilla Firefox\firefox.exe"" domclick.ru
PID:968",C:\Users\jpdz\AppData\Roaming\Mozilla\Firefox\Profiles\uzjxbbj5.default-release\storage\permanent\chrome\idb\1451318868ntouromlalnodry--epcr.sqlite-shm,FileEvent,Delete,2021-10-09 16:24:09.127,0
C:\Users\jpdz\AppData\Roaming\Mozilla\Firefox\Profiles\uzjxbbj5.default-release\storage\permanent\chrome\idb\1451318868ntouromlalnodry--epcr.sqlite-shm,"""C:\Program Files\Mozilla Firefox\firefox.exe"" domclick.ru
PID:968",FileEvent,Read,2021-10-09 16:24:09.126,65536
"""C:\Program Files\Mozilla Firefox\firefox.exe"" domclick.ru
PID:968",C:\Users\jpdz\AppData\Roaming\Mozilla\Firefox\Profiles\uzjxbbj5.default-release\storage\permanent\chrome\idb\1451318868ntouromlalnodry--epcr.sqlite-shm,FileEvent,Delete,2021-10-09 16:24:24.988,0
C:\Users\jpdz\AppData\Roaming\Mozilla\Firefox\Profiles\uzjxbbj5.default-release\favicons.sqlite,"""C:\Program Files\Mozilla Firefox\firefox.exe"" domclick.ru
PID:968",FileEvent,Read,2021-10-09 16:24:09.477,98404
C:\Users\jpdz\AppData\Roaming\Mozilla\Firefox\Profiles\uzjxbbj5.default-release\favicons.sqlite,"""C:\Program Files\Mozilla Firefox\firefox.exe"" domclick.ru
PID:968",FileEvent,Read,2021-10-09 16:24:12.164,458952
"""C:\Program Files\Mozilla Firefox\firefox.exe"" domclick.ru
PID:968",178.248.234.210,IpChannelEvent,TcpIpConnect,2021-10-09 16:24:28.215,0
178.248.234.210,"""C:\Program Files\Mozilla Firefox\firefox.exe"" domclick.ru
PID:968",IpChannelEvent,TcpIpRecv,2021-10-09 16:24:28.381,110133
"""C:\Program Files\Mozilla Firefox\firefox.exe"" domclick.ru
PID:968",178.248.234.210,IpChannelEvent,TcpIpSend,2021-10-09 16:24:28.251,3453
C:\Program Files\Mozilla Firefox\api-ms-win-crt-time-l1-1-0.dll,"""C:\Program Files\Mozilla Firefox\firefox.exe"" domclick.ru
PID:968",FileEvent,Read,2021-10-09 16:24:08.753,65536
"""C:\Program Files\Mozilla Firefox\firefox.exe"" domclick.ru
PID:968",178.248.234.210,IpChannelEvent,TcpIpConnect,2021-10-09 16:24:33.964,0
178.248.234.210,"""C:\Program Files\Mozilla Firefox\firefox.exe"" domclick.ru
PID:968",IpChannelEvent,TcpIpRecv,2021-10-09 16:24:34.148,4950
"""C:\Program Files\Mozilla Firefox\firefox.exe"" domclick.ru
PID:968",178.248.234.210,IpChannelEvent,TcpIpSend,2021-10-09 16:24:34.53,1628
"""C:\Program Files\Mozilla Firefox\firefox.exe"" domclick.ru
PID:968",178.248.234.210,IpChannelEvent,TcpIpConnect,2021-10-09 16:24:12.807,0
"""C:\Program Files\Mozilla Firefox\firefox.exe"" domclick.ru
PID:968",178.248.234.210,IpChannelEvent,TcpIpDisconnect,2021-10-09 16:24:28.212,0
"""C:\Program Files\Mozilla Firefox\firefox.exe"" domclick.ru
PID:968",178.248.234.210,IpChannelEvent,TcpIpSend,2021-10-09 16:24:12.942,30670
178.248.234.210,"""C:\Program Files\Mozilla Firefox\firefox.exe"" domclick.ru
PID:968",IpChannelEvent,TcpIpRecv,2021-10-09 16:24:12.972,230540
C:\Users\jpdz\AppData\Local\Mozilla\Firefox\Profiles\uzjxbbj5.default-release\safebrowsing\mozstd-trackwhite-digest256.sbstore,"""C:\Program Files\Mozilla Firefox\firefox.exe"" domclick.ru
PID:968",FileEvent,Read,2021-10-09 16:24:12.402,9969
"""C:\Program Files\Mozilla Firefox\firefox.exe"" domclick.ru
PID:968",213.180.204.90,IpChannelEvent,TcpIpConnect,2021-10-09 16:24:37.128,0
"""C:\Program Files\Mozilla Firefox\firefox.exe"" domclick.ru
PID:968",213.180.204.90,IpChannelEvent,TcpIpDisconnect,2021-10-09 16:24:38.308,0
"""C:\Program Files\Mozilla Firefox\firefox.exe"" domclick.ru
PID:968",213.180.204.90,IpChannelEvent,TcpIpSend,2021-10-09 16:24:37.325,835
213.180.204.90,"""C:\Program Files\Mozilla Firefox\firefox.exe"" domclick.ru
PID:968",IpChannelEvent,TcpIpRecv,2021-10-09 16:24:37.451,4500
C:\Users\jpdz\AppData\Roaming\Mozilla\Firefox\Crash Reports\InstallTime20210927210923,"""C:\Program Files\Mozilla Firefox\firefox.exe"" domclick.ru
PID:968",FileEvent,Read,2021-10-09 16:24:08.810,10
"""C:\Program Files\Mozilla Firefox\firefox.exe"" domclick.ru
PID:968",C:\Users\jpdz\AppData\Local\Temp\mz_etilqs_NcllGo4DQhB4gTa,FileEvent,Write,2021-10-09 16:24:14.291,168096
C:\Users\jpdz\AppData\Local\Mozilla\Firefox\Profiles\uzjxbbj5.default-release\safebrowsing\block-flashsubdoc-digest256.vlpset,"""C:\Program Files\Mozilla Firefox\firefox.exe"" domclick.ru
PID:968",FileEvent,Read,2021-10-09 16:24:12.274,262144
"""C:\Program Files\Mozilla Firefox\firefox.exe"" domclick.ru
PID:968",13.225.93.112,IpChannelEvent,TcpIpConnect,2021-10-09 16:24:14.154,0
"""C:\Program Files\Mozilla Firefox\firefox.exe"" domclick.ru
PID:968",13.225.93.112,IpChannelEvent,TcpIpDisconnect,2021-10-09 16:24:28.89,0
"""C:\Program Files\Mozilla Firefox\firefox.exe"" domclick.ru
PID:968",13.225.93.112,IpChannelEvent,TcpIpSend,2021-10-09 16:24:14.194,1104
13.225.93.112,"""C:\Program Files\Mozilla Firefox\firefox.exe"" domclick.ru
PID:968",IpChannelEvent,TcpIpRecv,2021-10-09 16:24:14.195,5117
C:\Users\jpdz\AppData\Roaming\Mozilla\Firefox\Profiles\uzjxbbj5.default-release\storage.sqlite,"""C:\Program Files\Mozilla Firefox\firefox.exe"" domclick.ru
PID:968",FileEvent,Read,2021-10-09 16:24:09.121,2180
"""C:\Program Files\Mozilla Firefox\firefox.exe"" domclick.ru
PID:968",C:\Users\jpdz\AppData\Roaming\Mozilla\Firefox\Profiles\uzjxbbj5.default-release\storage.sqlite,FileEvent,Write,2021-10-09 16:24:13.642,4096
C:\Users\jpdz\AppData\Roaming\Mozilla\Firefox\Profiles\uzjxbbj5.default-release\storage.sqlite,"""C:\Program Files\Mozilla Firefox\firefox.exe"" domclick.ru
PID:968",FileEvent,Read,2021-10-09 16:24:13.22,3120
C:\Users\jpdz\AppData\Roaming\Mozilla\Firefox\Profiles\uzjxbbj5.default-release\storage\default\moz-extension+++7b7c287d-b9ee-4c40-99c0-63c5bd847cee^userContextId=4294967295\idb\3647222921wleabcEoxlt-eengsairo.sqlite,"""C:\Program Files\Mozilla Firefox\firefox.exe"" domclick.ru
PID:968",FileEvent,Read,2021-10-09 16:24:13.835,37064
"""C:\Program Files\Mozilla Firefox\firefox.exe"" domclick.ru
PID:968",C:\Users\jpdz\AppData\Local\Mozilla\Firefox\Profiles\uzjxbbj5.default-release\activity-stream.discovery_stream.json.tmp,FileEvent,Write,2021-10-09 16:24:13.713,185498
C:\Windows\System32\msdmo.dll,"""C:\Program Files\Mozilla Firefox\firefox.exe"" domclick.ru
PID:968",FileEvent,Read,2021-10-09 16:24:29.465,32768
"""C:\Program Files\Mozilla Firefox\firefox.exe"" domclick.ru
PID:968",C:\Users\jpdz\AppData\Local\Mozilla\Firefox\Profiles\uzjxbbj5.default-release\cache2\entries\FF23BF4B93229C5C9EA9B293CDBE59777B2E547C,FileEvent,Write,2021-10-09 16:24:15.411,31881
"""C:\Program Files\Mozilla Firefox\firefox.exe"" domclick.ru
PID:968",C:\Users\jpdz\AppData\Roaming\Mozilla\Firefox\Profiles\uzjxbbj5.default-release\storage\permanent\chrome\idb\3561288849sdhlie.sqlite-shm,FileEvent,Delete,2021-10-09 16:24:13.20,0
"""C:\Program Files\Mozilla Firefox\firefox.exe"" domclick.ru
PID:968",C:\Users\jpdz\AppData\Roaming\Mozilla\Firefox\Profiles\uzjxbbj5.default-release\storage\permanent\chrome\idb\3561288849sdhlie.sqlite-shm,FileEvent,Delete,2021-10-09 16:24:24.990,0
C:\Users\jpdz\AppData\Roaming\Mozilla\Firefox\Profiles\uzjxbbj5.default-release\storage\permanent\chrome\idb\3561288849sdhlie.sqlite-shm,"""C:\Program Files\Mozilla Firefox\firefox.exe"" domclick.ru
PID:968",FileEvent,Read,2021-10-09 16:24:13.19,65536
C:\Users\jpdz\AppData\Roaming\Mozilla\Firefox\Profiles\uzjxbbj5.default-release\gmp-widevinecdm\4.10.2209.1\manifest.json,"""C:\Program Files\Mozilla Firefox\firefox.exe"" domclick.ru
PID:968",FileEvent,Read,2021-10-09 16:24:09.363,373
"""C:\Program Files\Mozilla Firefox\firefox.exe"" domclick.ru
PID:968",C:\Users\jpdz\AppData\Local\Mozilla\Firefox\Profiles\uzjxbbj5.default-release\cache2\doomed\1384,FileEvent,Delete,2021-10-09 16:24:14.152,0
"""C:\Program Files\Mozilla Firefox\firefox.exe"" domclick.ru
PID:968",C:\Users\jpdz\AppData\Roaming\Mozilla\Firefox\Profiles\uzjxbbj5.default-release\extension-settings.json.tmp,FileEvent,Write,2021-10-09 16:24:12.892,284
"""C:\Program Files\Mozilla Firefox\firefox.exe"" domclick.ru
PID:968",C:\Users\jpdz\AppData\Local\Mozilla\Firefox\Profiles\uzjxbbj5.default-release\cache2\doomed\10585,FileEvent,Delete,2021-10-09 16:24:14.152,0
"""C:\Program Files\Mozilla Firefox\firefox.exe"" domclick.ru
PID:968",117.18.237.29,IpChannelEvent,TcpIpConnect,2021-10-09 16:24:13.205,0
"""C:\Program Files\Mozilla Firefox\firefox.exe"" domclick.ru
PID:968",117.18.237.29,IpChannelEvent,TcpIpDisconnect,2021-10-09 16:24:19.707,0
"""C:\Program Files\Mozilla Firefox\firefox.exe"" domclick.ru
PID:968","""C:\Program Files\Mozilla Firefox\firefox.exe"" -contentproc --channel=""968.3.1745197640\2000344211"" -childID 2 -isForBrowser -prefsHandle 2600 -prefMapHandle 2596 -prefsLen 9071 -prefMapSize 252743 -jsInit 812 286204 -parentBuildID 20210927210923 -appdir ""C:\Program Files\Mozilla Firefox\browser"" - 968 ""\\.\pipe\gecko-crash-server-pipe.968"" 2612 1a75d108 tab
PID:2868",ProcessEvent,Create,2021-10-09 16:24:12.342,
"""C:\Program Files\Mozilla Firefox\firefox.exe"" domclick.ru
PID:968",92.223.76.254,IpChannelEvent,TcpIpConnect,2021-10-09 16:24:30.433,0
"""C:\Program Files\Mozilla Firefox\firefox.exe"" domclick.ru
PID:968",92.223.76.254,IpChannelEvent,TcpIpDisconnect,2021-10-09 16:24:31.190,0
"""C:\Program Files\Mozilla Firefox\firefox.exe"" domclick.ru
PID:968",92.223.76.254,IpChannelEvent,TcpIpSend,2021-10-09 16:24:30.489,808
92.223.76.254,"""C:\Program Files\Mozilla Firefox\firefox.exe"" domclick.ru
PID:968",IpChannelEvent,TcpIpRecv,2021-10-09 16:24:30.489,6071
C:\Users\jpdz\AppData\Roaming\Mozilla\Firefox\Profiles\uzjxbbj5.default-release\SiteSecurityServiceState.txt,"""C:\Program Files\Mozilla Firefox\firefox.exe"" domclick.ru
PID:968",FileEvent,Read,2021-10-09 16:24:09.111,433
"""C:\Program Files\Mozilla Firefox\firefox.exe"" domclick.ru
PID:968",178.154.131.215,IpChannelEvent,TcpIpConnect,2021-10-09 16:24:31.652,0
"""C:\Program Files\Mozilla Firefox\firefox.exe"" domclick.ru
PID:968",178.154.131.215,IpChannelEvent,TcpIpSend,2021-10-09 16:24:31.769,1103
178.154.131.215,"""C:\Program Files\Mozilla Firefox\firefox.exe"" domclick.ru
PID:968",IpChannelEvent,TcpIpRecv,2021-10-09 16:24:31.964,5728
C:\Users\jpdz\AppData\Roaming\Mozilla\Firefox\Profiles\uzjxbbj5.default-release\enumerate_devices.txt,"""C:\Program Files\Mozilla Firefox\firefox.exe"" domclick.ru
PID:968",FileEvent,Read,2021-10-09 16:24:15.917,8192
C:\Users\jpdz\AppData\Roaming\Mozilla\Firefox\Profiles\uzjxbbj5.default-release\addons.json,"""C:\Program Files\Mozilla Firefox\firefox.exe"" domclick.ru
PID:968",FileEvent,Read,2021-10-09 16:24:13.5,1022
"""C:\Program Files\Mozilla Firefox\firefox.exe"" domclick.ru
PID:968",178.248.234.210,IpChannelEvent,TcpIpConnect,2021-10-09 16:24:33.253,0
178.248.234.210,"""C:\Program Files\Mozilla Firefox\firefox.exe"" domclick.ru
PID:968",IpChannelEvent,TcpIpRecv,2021-10-09 16:24:33.425,5362
"""C:\Program Files\Mozilla Firefox\firefox.exe"" domclick.ru
PID:968",178.248.234.210,IpChannelEvent,TcpIpSend,2021-10-09 16:24:33.298,1560
"""C:\Program Files\Mozilla Firefox\firefox.exe"" domclick.ru
PID:968",5.45.205.241,IpChannelEvent,TcpIpConnect,2021-10-09 16:24:33.291,0
"""C:\Program Files\Mozilla Firefox\firefox.exe"" domclick.ru
PID:968",5.45.205.241,IpChannelEvent,TcpIpSend,2021-10-09 16:24:37.581,928
5.45.205.241,"""C:\Program Files\Mozilla Firefox\firefox.exe"" domclick.ru
PID:968",IpChannelEvent,TcpIpRecv,2021-10-09 16:24:37.745,1747
C:\Users\jpdz\AppData\Local\Mozilla\Firefox\Profiles\uzjxbbj5.default-release\safebrowsing\ads-track-digest256.sbstore,"""C:\Program Files\Mozilla Firefox\firefox.exe"" domclick.ru
PID:968",FileEvent,Read,2021-10-09 16:24:12.398,2019
C:\Program Files\Mozilla Firefox\api-ms-win-crt-filesystem-l1-1-0.dll,"""C:\Program Files\Mozilla Firefox\firefox.exe"" domclick.ru
PID:968",FileEvent,Read,2021-10-09 16:24:08.752,65536
C:\Windows\system32\avicap32.dll,"""C:\Program Files\Mozilla Firefox\firefox.exe"" domclick.ru
PID:968",FileEvent,Read,2021-10-09 16:24:20.837,39936
"""C:\Program Files\Mozilla Firefox\firefox.exe"" domclick.ru
PID:968",C:\Users\jpdz\AppData\Roaming\Mozilla\Firefox\Profiles\uzjxbbj5.default-release\storage\permanent\chrome\idb\2918063365piupsah.sqlite-wal,FileEvent,Delete,2021-10-09 16:24:13.22,0
"""C:\Program Files\Mozilla Firefox\firefox.exe"" domclick.ru
PID:968",C:\Users\jpdz\AppData\Roaming\Mozilla\Firefox\Profiles\uzjxbbj5.default-release\storage\permanent\chrome\idb\2918063365piupsah.sqlite-wal,FileEvent,Delete,2021-10-09 16:24:25.895,0
"""C:\Program Files\Mozilla Firefox\firefox.exe"" domclick.ru
PID:968",C:\Users\jpdz\AppData\Local\Mozilla\Firefox\Profiles\uzjxbbj5.default-release\cache2\entries\314ADA2F1E6B67ED204FFBE34D7545EC71A15AE8,FileEvent,Write,2021-10-09 16:24:13.5,18169
C:\Users\jpdz\AppData\Roaming\Microsoft\Network\Connections\Pbk\_hiddenPbk\rasphone.pbk,"""C:\Program Files\Mozilla Firefox\firefox.exe"" domclick.ru
PID:968",FileEvent,Read,2021-10-09 16:24:09.120,2048
C:\Users\jpdz\AppData\Local\Mozilla\Firefox\Profiles\uzjxbbj5.default-release\safebrowsing\social-track-digest256.sbstore,"""C:\Program Files\Mozilla Firefox\firefox.exe"" domclick.ru
PID:968",FileEvent,Read,2021-10-09 16:24:12.402,309
"""C:\Program Files\Mozilla Firefox\firefox.exe"" domclick.ru
PID:968",39.107.233.151,IpChannelEvent,TcpIpConnect,2021-10-09 16:24:14.114,0
"""C:\Program Files\Mozilla Firefox\firefox.exe"" domclick.ru
PID:968",39.107.233.151,IpChannelEvent,TcpIpDisconnect,2021-10-09 16:24:28.58,0
"""C:\Program Files\Mozilla Firefox\firefox.exe"" domclick.ru
PID:968",39.107.233.151,IpChannelEvent,TcpIpSend,2021-10-09 16:24:14.121,532
39.107.233.151,"""C:\Program Files\Mozilla Firefox\firefox.exe"" domclick.ru
PID:968",IpChannelEvent,TcpIpRecv,2021-10-09 16:24:14.121,382
C:\Program Files\Mozilla Firefox\api-ms-win-crt-environment-l1-1-0.dll,"""C:\Program Files\Mozilla Firefox\firefox.exe"" domclick.ru
PID:968",FileEvent,Read,2021-10-09 16:24:08.753,65536
"""C:\Program Files\Mozilla Firefox\firefox.exe"" domclick.ru
PID:968",52.88.108.8,IpChannelEvent,TcpIpConnect,2021-10-09 16:24:13.280,0
52.88.108.8,"""C:\Program Files\Mozilla Firefox\firefox.exe"" domclick.ru
PID:968",IpChannelEvent,TcpIpRecv,2021-10-09 16:24:13.485,3801
"""C:\Program Files\Mozilla Firefox\firefox.exe"" domclick.ru
PID:968",52.88.108.8,IpChannelEvent,TcpIpSend,2021-10-09 16:24:13.443,1456
"""C:\Program Files\Mozilla Firefox\firefox.exe"" domclick.ru
PID:968",178.248.234.210,IpChannelEvent,TcpIpConnect,2021-10-09 16:24:33.954,0
178.248.234.210,"""C:\Program Files\Mozilla Firefox\firefox.exe"" domclick.ru
PID:968",IpChannelEvent,TcpIpRecv,2021-10-09 16:24:34.126,5439
"""C:\Program Files\Mozilla Firefox\firefox.exe"" domclick.ru
PID:968",178.248.234.210,IpChannelEvent,TcpIpSend,2021-10-09 16:24:34.53,2974
C:\Users\jpdz\AppData\Roaming\Mozilla\Firefox\Profiles\uzjxbbj5.default-release\datareporting\glean\db\data.safe.bin,"""C:\Program Files\Mozilla Firefox\firefox.exe"" domclick.ru
PID:968",FileEvent,Read,2021-10-09 16:24:12.900,2579
"""C:\Program Files\Mozilla Firefox\firefox.exe"" domclick.ru
PID:968",C:\Users\jpdz\AppData\Roaming\Mozilla\Firefox\Profiles\uzjxbbj5.default-release\datareporting\glean\db\data.safe.bin,FileEvent,Write,2021-10-09 16:24:13.24,46639
C:\Users\jpdz\AppData\Roaming\Mozilla\Firefox\Profiles\uzjxbbj5.default-release\storage\permanent\chrome\idb\2918063365piupsah.sqlite,"""C:\Program Files\Mozilla Firefox\firefox.exe"" domclick.ru
PID:968",FileEvent,Read,2021-10-09 16:24:13.20,41160
"""C:\Program Files\Mozilla Firefox\firefox.exe"" domclick.ru
PID:968",178.154.131.215,IpChannelEvent,TcpIpConnect,2021-10-09 16:24:31.905,0
"""C:\Program Files\Mozilla Firefox\firefox.exe"" domclick.ru
PID:968",178.154.131.215,IpChannelEvent,TcpIpDisconnect,2021-10-09 16:24:33.842,0
178.154.131.215,"""C:\Program Files\Mozilla Firefox\firefox.exe"" domclick.ru
PID:968",IpChannelEvent,TcpIpRecv,2021-10-09 16:24:32.216,5360
"""C:\Program Files\Mozilla Firefox\firefox.exe"" domclick.ru
PID:968",178.154.131.215,IpChannelEvent,TcpIpSend,2021-10-09 16:24:32.22,808
"""C:\Program Files\Mozilla Firefox\firefox.exe"" domclick.ru
PID:968",92.223.76.254,IpChannelEvent,TcpIpConnect,2021-10-09 16:24:30.433,0
"""C:\Program Files\Mozilla Firefox\firefox.exe"" domclick.ru
PID:968",92.223.76.254,IpChannelEvent,TcpIpSend,2021-10-09 16:24:30.487,2075
92.223.76.254,"""C:\Program Files\Mozilla Firefox\firefox.exe"" domclick.ru
PID:968",IpChannelEvent,TcpIpRecv,2021-10-09 16:24:30.487,229224
C:\Users\jpdz\AppData\Roaming\Mozilla\Firefox\profiles.ini,"""C:\Program Files\Mozilla Firefox\firefox.exe"" domclick.ru
PID:968",FileEvent,Read,2021-10-09 16:24:08.811,305
C:\Users\jpdz\AppData\Local\Mozilla\Firefox\Profiles\uzjxbbj5.default-release\safebrowsing\except-flash-digest256.sbstore,"""C:\Program Files\Mozilla Firefox\firefox.exe"" domclick.ru
PID:968",FileEvent,Read,2021-10-09 16:24:12.401,240
C:\Users\jpdz\AppData\Local\Mozilla\Firefox\Profiles\uzjxbbj5.default-release\safebrowsing\except-flash-digest256.vlpset,"""C:\Program Files\Mozilla Firefox\firefox.exe"" domclick.ru
PID:968",FileEvent,Read,2021-10-09 16:24:12.275,101
"""C:\Program Files\Mozilla Firefox\firefox.exe"" domclick.ru
PID:968",5.45.205.241,IpChannelEvent,TcpIpConnect,2021-10-09 16:24:37.759,0
5.45.205.241,"""C:\Program Files\Mozilla Firefox\firefox.exe"" domclick.ru
PID:968",IpChannelEvent,TcpIpRecv,2021-10-09 16:24:38.57,1747
"""C:\Program Files\Mozilla Firefox\firefox.exe"" domclick.ru
PID:968",5.45.205.241,IpChannelEvent,TcpIpSend,2021-10-09 16:24:37.831,928
"""C:\Program Files\Mozilla Firefox\firefox.exe"" domclick.ru
PID:968",92.223.76.254,IpChannelEvent,TcpIpConnect,2021-10-09 16:24:31.765,0
"""C:\Program Files\Mozilla Firefox\firefox.exe"" domclick.ru
PID:968",92.223.76.254,IpChannelEvent,TcpIpSend,2021-10-09 16:24:31.815,1186
92.223.76.254,"""C:\Program Files\Mozilla Firefox\firefox.exe"" domclick.ru
PID:968",IpChannelEvent,TcpIpRecv,2021-10-09 16:24:31.815,21828
C:\Users\jpdz\AppData\Local\Mozilla\Firefox\Profiles\uzjxbbj5.default-release\safebrowsing\google4\goog-downloadwhite-proto.metadata,"""C:\Program Files\Mozilla Firefox\firefox.exe"" domclick.ru
PID:968",FileEvent,Read,2021-10-09 16:24:12.403,69
"""C:\Program Files\Mozilla Firefox\firefox.exe"" domclick.ru
PID:968",34.214.179.131,IpChannelEvent,TcpIpConnect,2021-10-09 16:24:12.641,0
"""C:\Program Files\Mozilla Firefox\firefox.exe"" domclick.ru
PID:968",34.214.179.131,IpChannelEvent,TcpIpDisconnect,2021-10-09 16:24:13.510,0
"""C:\Program Files\Mozilla Firefox\firefox.exe"" domclick.ru
PID:968",34.214.179.131,IpChannelEvent,TcpIpSend,2021-10-09 16:24:12.692,1972
34.214.179.131,"""C:\Program Files\Mozilla Firefox\firefox.exe"" domclick.ru
PID:968",IpChannelEvent,TcpIpRecv,2021-10-09 16:24:12.850,3716
"""C:\Program Files\Mozilla Firefox\firefox.exe"" domclick.ru
PID:968",C:\Users\jpdz\AppData\Local\Mozilla\Firefox\Profiles\uzjxbbj5.default-release\cache2\entries\12B9BF7F6132AEB118B35D75C66877DC55AD28F7,FileEvent,Write,2021-10-09 16:24:14.153,48703
"""C:\Program Files\Mozilla Firefox\firefox.exe"" domclick.ru
PID:968","""C:\Program Files\Mozilla Firefox\firefox.exe"" -contentproc --channel=""968.5.1520943886\555303493"" -parentBuildID 20210927210923 -prefsHandle 3276 -prefMapHandle 3272 -prefsLen 9770 -prefMapSize 252743 -appdir ""C:\Program Files\Mozilla Firefox\browser"" - 968 ""\\.\pipe\gecko-crash-server-pipe.968"" 3288 d3af2a8 rdd
PID:1628",ProcessEvent,Create,2021-10-09 16:24:12.907,
"""C:\Program Files\Mozilla Firefox\firefox.exe"" domclick.ru
PID:968",C:\Users\jpdz\AppData\Roaming\Mozilla\Firefox\Profiles\uzjxbbj5.default-release\storage\permanent\chrome\idb\3870112724rsegmnoittet-es.sqlite-wal,FileEvent,Delete,2021-10-09 16:24:09.125,0
"""C:\Program Files\Mozilla Firefox\firefox.exe"" domclick.ru
PID:968",C:\Users\jpdz\AppData\Roaming\Mozilla\Firefox\Profiles\uzjxbbj5.default-release\storage\permanent\chrome\idb\3870112724rsegmnoittet-es.sqlite-wal,FileEvent,Delete,2021-10-09 16:24:38.622,0
"""C:\Program Files\Mozilla Firefox\firefox.exe"" domclick.ru
PID:968",C:\Users\jpdz\AppData\Roaming\Mozilla\Firefox\Profiles\uzjxbbj5.default-release\storage\permanent\chrome\idb\3870112724rsegmnoittet-es.sqlite-wal,FileEvent,Write,2021-10-09 16:24:14.291,1002304
C:\Users\jpdz\AppData\Roaming\Mozilla\Firefox\Profiles\uzjxbbj5.default-release\storage\permanent\chrome\idb\3870112724rsegmnoittet-es.sqlite-wal,"""C:\Program Files\Mozilla Firefox\firefox.exe"" domclick.ru
PID:968",FileEvent,Read,2021-10-09 16:24:15.112,425984
"""C:\Program Files\Mozilla Firefox\firefox.exe"" domclick.ru
PID:968",C:\Users\jpdz\AppData\Roaming\Mozilla\Firefox\Profiles\uzjxbbj5.default-release\storage\permanent\chrome\idb\1657114595AmcateirvtiSty.sqlite-shm,FileEvent,Delete,2021-10-09 16:24:13.18,0
"""C:\Program Files\Mozilla Firefox\firefox.exe"" domclick.ru
PID:968",C:\Users\jpdz\AppData\Roaming\Mozilla\Firefox\Profiles\uzjxbbj5.default-release\storage\permanent\chrome\idb\1657114595AmcateirvtiSty.sqlite-shm,FileEvent,Delete,2021-10-09 16:24:34.989,0
C:\Users\jpdz\AppData\Roaming\Mozilla\Firefox\Profiles\uzjxbbj5.default-release\storage\permanent\chrome\idb\1657114595AmcateirvtiSty.sqlite-shm,"""C:\Program Files\Mozilla Firefox\firefox.exe"" domclick.ru
PID:968",FileEvent,Read,2021-10-09 16:24:13.16,65536
C:\Users\jpdz\AppData\Local\Mozilla\Firefox\Profiles\uzjxbbj5.default-release\safebrowsing\social-tracking-protection-facebook-digest256.sbstore,"""C:\Program Files\Mozilla Firefox\firefox.exe"" domclick.ru
PID:968",FileEvent,Read,2021-10-09 16:24:12.402,256
"""C:\Program Files\Mozilla Firefox\firefox.exe"" domclick.ru
PID:968",C:\Users\jpdz\AppData\Roaming\Mozilla\Firefox\Profiles\uzjxbbj5.default-release\addonStartup.json.lz4.tmp,FileEvent,Write,2021-10-09 16:24:14.342,5706
"""C:\Program Files\Mozilla Firefox\firefox.exe"" domclick.ru
PID:968",C:\Users\jpdz\AppData\Local\Mozilla\Firefox\Profiles\uzjxbbj5.default-release\cache2\doomed\24940,FileEvent,Delete,2021-10-09 16:24:14.242,0
C:\Users\jpdz\AppData\Local\Mozilla\Firefox\Profiles\uzjxbbj5.default-release\cache2\entries\3B2DB0CC02AD1DD0C4C39368E12A8E60370437C4,"""C:\Program Files\Mozilla Firefox\firefox.exe"" domclick.ru
PID:968",FileEvent,Read,2021-10-09 16:24:13.846,10113
"""C:\Program Files\Mozilla Firefox\firefox.exe"" domclick.ru
PID:968",C:\Users\jpdz\AppData\Local\Mozilla\Firefox\Profiles\uzjxbbj5.default-release\cache2\entries\3B2DB0CC02AD1DD0C4C39368E12A8E60370437C4,FileEvent,Write,2021-10-09 16:24:13.847,59040
C:\Users\jpdz\AppData\Roaming\Mozilla\Firefox\Profiles\uzjxbbj5.default-release\gmp-gmpopenh264\1.8.1.1\gmpopenh264.info,"""C:\Program Files\Mozilla Firefox\firefox.exe"" domclick.ru
PID:968",FileEvent,Read,2021-10-09 16:24:09.363,116
C:\Users\jpdz\AppData\Roaming\Mozilla\Firefox\Profiles\uzjxbbj5.default-release\broadcast-listeners.json,"""C:\Program Files\Mozilla Firefox\firefox.exe"" domclick.ru
PID:968",FileEvent,Read,2021-10-09 16:24:13.76,216
"""C:\Program Files\Mozilla Firefox\firefox.exe"" domclick.ru
PID:968",C:\Users\jpdz\AppData\Local\Mozilla\Firefox\Profiles\uzjxbbj5.default-release\cache2\entries\B000A92042409F1844B06029D83456E303BE5784,FileEvent,Write,2021-10-09 16:24:14.50,17434
"""C:\Program Files\Mozilla Firefox\firefox.exe"" domclick.ru
PID:968",C:\Users\jpdz\AppData\Roaming\Mozilla\Firefox\Profiles\uzjxbbj5.default-release\datareporting\glean\pending_pings\d23a3307-c2fe-43d0-90be-fe43b30a042e,FileEvent,Delete,2021-10-09 16:24:14.51,0
C:\Users\jpdz\AppData\Roaming\Mozilla\Firefox\Profiles\uzjxbbj5.default-release\datareporting\glean\pending_pings\d23a3307-c2fe-43d0-90be-fe43b30a042e,"""C:\Program Files\Mozilla Firefox\firefox.exe"" domclick.ru
PID:968",FileEvent,Read,2021-10-09 16:24:13.30,49152
"""C:\Program Files\Mozilla Firefox\firefox.exe"" domclick.ru
PID:968",34.107.221.82,IpChannelEvent,TcpIpConnect,2021-10-09 16:24:12.328,0
"""C:\Program Files\Mozilla Firefox\firefox.exe"" domclick.ru
PID:968",34.107.221.82,IpChannelEvent,TcpIpDisconnect,2021-10-09 16:24:28.91,0
"""C:\Program Files\Mozilla Firefox\firefox.exe"" domclick.ru
PID:968",34.107.221.82,IpChannelEvent,TcpIpSend,2021-10-09 16:24:12.369,333
34.107.221.82,"""C:\Program Files\Mozilla Firefox\firefox.exe"" domclick.ru
PID:968",IpChannelEvent,TcpIpRecv,2021-10-09 16:24:12.369,302
C:\Program Files\Mozilla Firefox\api-ms-win-crt-string-l1-1-0.dll,"""C:\Program Files\Mozilla Firefox\firefox.exe"" domclick.ru
PID:968",FileEvent,Read,2021-10-09 16:24:08.753,65536
"""C:\Program Files\Mozilla Firefox\firefox.exe"" domclick.ru
PID:968",93.158.134.119,IpChannelEvent,TcpIpConnect,2021-10-09 16:24:37.828,0
"""C:\Program Files\Mozilla Firefox\firefox.exe"" domclick.ru
PID:968",93.158.134.119,IpChannelEvent,TcpIpSend,2021-10-09 16:24:38.85,2319
93.158.134.119,"""C:\Program Files\Mozilla Firefox\firefox.exe"" domclick.ru
PID:968",IpChannelEvent,TcpIpRecv,2021-10-09 16:24:38.137,53554
"""C:\Program Files\Mozilla Firefox\firefox.exe"" domclick.ru
PID:968",178.154.131.215,IpChannelEvent,TcpIpConnect,2021-10-09 16:24:37.4,0
"""C:\Program Files\Mozilla Firefox\firefox.exe"" domclick.ru
PID:968",178.154.131.215,IpChannelEvent,TcpIpDisconnect,2021-10-09 16:24:38.273,0
"""C:\Program Files\Mozilla Firefox\firefox.exe"" domclick.ru
PID:968",178.154.131.215,IpChannelEvent,TcpIpSend,2021-10-09 16:24:37.67,808
178.154.131.215,"""C:\Program Files\Mozilla Firefox\firefox.exe"" domclick.ru
PID:968",IpChannelEvent,TcpIpRecv,2021-10-09 16:24:37.306,5381
"""C:\Program Files\Mozilla Firefox\firefox.exe"" domclick.ru
PID:968",C:\Users\jpdz\AppData\Local\Mozilla\Firefox\Profiles\uzjxbbj5.default-release\cache2\doomed\25878,FileEvent,Delete,2021-10-09 16:24:08.922,0
"""C:\Program Files\Mozilla Firefox\firefox.exe"" domclick.ru
PID:968",C:\Users\jpdz\AppData\Local\Mozilla\Firefox\Profiles\uzjxbbj5.default-release\cache2\entries\58076067EBEB56951E5BA3FCA84F5F2CE2203F7A,FileEvent,Write,2021-10-09 16:24:12.319,93778
C:\Users\jpdz\AppData\Local\Mozilla\Firefox\Profiles\uzjxbbj5.default-release\cache2\entries\58076067EBEB56951E5BA3FCA84F5F2CE2203F7A,"""C:\Program Files\Mozilla Firefox\firefox.exe"" domclick.ru
PID:968",FileEvent,Read,2021-10-09 16:24:12.311,30235
"""C:\Program Files\Mozilla Firefox\firefox.exe"" domclick.ru
PID:968",C:\Users\jpdz\AppData\Local\Temp\firefox\parent.lock,FileEvent,Delete,2021-10-09 16:24:08.972,0
"""C:\Program Files\Mozilla Firefox\firefox.exe"" domclick.ru
PID:968",213.180.204.90,IpChannelEvent,TcpIpConnect,2021-10-09 16:24:37.378,0
"""C:\Program Files\Mozilla Firefox\firefox.exe"" domclick.ru
PID:968",213.180.204.90,IpChannelEvent,TcpIpDisconnect,2021-10-09 16:24:38.283,0
"""C:\Program Files\Mozilla Firefox\firefox.exe"" domclick.ru
PID:968",213.180.204.90,IpChannelEvent,TcpIpSend,2021-10-09 16:24:37.583,835
213.180.204.90,"""C:\Program Files\Mozilla Firefox\firefox.exe"" domclick.ru
PID:968",IpChannelEvent,TcpIpRecv,2021-10-09 16:24:37.679,4499
"""C:\Program Files\Mozilla Firefox\firefox.exe"" domclick.ru
PID:968",77.88.55.66,IpChannelEvent,TcpIpConnect,2021-10-09 16:24:34.600,0
"""C:\Program Files\Mozilla Firefox\firefox.exe"" domclick.ru
PID:968",77.88.55.66,IpChannelEvent,TcpIpDisconnect,2021-10-09 16:24:36.227,0
"""C:\Program Files\Mozilla Firefox\firefox.exe"" domclick.ru
PID:968",77.88.55.66,IpChannelEvent,TcpIpSend,2021-10-09 16:24:34.810,808
77.88.55.66,"""C:\Program Files\Mozilla Firefox\firefox.exe"" domclick.ru
PID:968",IpChannelEvent,TcpIpRecv,2021-10-09 16:24:34.905,5673
"""C:\Program Files\Mozilla Firefox\firefox.exe"" domclick.ru
PID:968",C:\Users\jpdz\AppData\Roaming\Mozilla\Firefox\Profiles\uzjxbbj5.default-release\prefs-1.js,FileEvent,Write,2021-10-09 16:24:12.241,198018
"""C:\Program Files\Mozilla Firefox\firefox.exe"" domclick.ru
PID:968",213.180.204.90,IpChannelEvent,TcpIpConnect,2021-10-09 16:24:37.128,0
"""C:\Program Files\Mozilla Firefox\firefox.exe"" domclick.ru
PID:968",213.180.204.90,IpChannelEvent,TcpIpDisconnect,2021-10-09 16:24:38.300,0
"""C:\Program Files\Mozilla Firefox\firefox.exe"" domclick.ru
PID:968",213.180.204.90,IpChannelEvent,TcpIpSend,2021-10-09 16:24:37.325,835
213.180.204.90,"""C:\Program Files\Mozilla Firefox\firefox.exe"" domclick.ru
PID:968",IpChannelEvent,TcpIpRecv,2021-10-09 16:24:37.444,4499
"""C:\Program Files\Mozilla Firefox\firefox.exe"" domclick.ru
PID:968",92.42.15.185,IpChannelEvent,TcpIpConnect,2021-10-09 16:24:31.589,0
92.42.15.185,"""C:\Program Files\Mozilla Firefox\firefox.exe"" domclick.ru
PID:968",IpChannelEvent,TcpIpRecv,2021-10-09 16:24:31.783,7251
"""C:\Program Files\Mozilla Firefox\firefox.exe"" domclick.ru
PID:968",92.42.15.185,IpChannelEvent,TcpIpSend,2021-10-09 16:24:31.769,1711
"""C:\Program Files\Mozilla Firefox\firefox.exe"" domclick.ru
PID:968",121.194.10.78,IpChannelEvent,TcpIpConnect,2021-10-09 16:24:13.175,0
"""C:\Program Files\Mozilla Firefox\firefox.exe"" domclick.ru
PID:968",121.194.10.78,IpChannelEvent,TcpIpDisconnect,2021-10-09 16:24:19.675,0
C:\Users\jpdz\AppData\Roaming\Mozilla\Firefox\Profiles\uzjxbbj5.default-release\storage\default\moz-extension+++7b7c287d-b9ee-4c40-99c0-63c5bd847cee^userContextId=4294967295\.metadata-v2,"""C:\Program Files\Mozilla Firefox\firefox.exe"" domclick.ru
PID:968",FileEvent,Read,2021-10-09 16:24:13.23,512
"""C:\Program Files\Mozilla Firefox\firefox.exe"" domclick.ru
PID:968",C:\Users\jpdz\AppData\Roaming\Mozilla\Firefox\Profiles\uzjxbbj5.default-release\storage\default\moz-extension+++0424fd79-b62a-421f-bf32-0d1549ab34f2^userContextId=4294967295\idb\3647222921wleabcEoxlt-eengsairo.sqlite-wal,FileEvent,Delete,2021-10-09 16:24:19.676,0
"""C:\Program Files\Mozilla Firefox\firefox.exe"" domclick.ru
PID:968",C:\Users\jpdz\AppData\Roaming\Mozilla\Firefox\Profiles\uzjxbbj5.default-release\storage\default\moz-extension+++0424fd79-b62a-421f-bf32-0d1549ab34f2^userContextId=4294967295\idb\3647222921wleabcEoxlt-eengsairo.sqlite-wal,FileEvent,Delete,2021-10-09 16:24:37.598,0
"""C:\Program Files\Mozilla Firefox\firefox.exe"" domclick.ru
PID:968",C:\Users\jpdz\AppData\Roaming\Mozilla\Firefox\Profiles\uzjxbbj5.default-release\storage\default\moz-extension+++0424fd79-b62a-421f-bf32-0d1549ab34f2^userContextId=4294967295\idb\3647222921wleabcEoxlt-eengsairo.sqlite-wal,FileEvent,Write,2021-10-09 16:24:20.813,20560
C:\Users\jpdz\AppData\Roaming\Mozilla\Firefox\Profiles\uzjxbbj5.default-release\storage\default\moz-extension+++0424fd79-b62a-421f-bf32-0d1549ab34f2^userContextId=4294967295\idb\3647222921wleabcEoxlt-eengsairo.sqlite-wal,"""C:\Program Files\Mozilla Firefox\firefox.exe"" domclick.ru
PID:968",FileEvent,Read,2021-10-09 16:24:26.944,4096
C:\Users\jpdz\AppData\Roaming\Mozilla\Firefox\Profiles\uzjxbbj5.default-release\shield-preference-experiments.json,"""C:\Program Files\Mozilla Firefox\firefox.exe"" domclick.ru
PID:968",FileEvent,Read,2021-10-09 16:24:09.412,18
C:\Program Files\Mozilla Firefox\gmp-clearkey\0.1\manifest.json,"""C:\Program Files\Mozilla Firefox\firefox.exe"" domclick.ru
PID:968",FileEvent,Read,2021-10-09 16:24:09.363,229
C:\Users\jpdz\AppData\Local\Mozilla\Firefox\Profiles\uzjxbbj5.default-release\safebrowsing\allow-flashallow-digest256.sbstore,"""C:\Program Files\Mozilla Firefox\firefox.exe"" domclick.ru
PID:968",FileEvent,Read,2021-10-09 16:24:12.398,236
"""C:\Program Files\Mozilla Firefox\firefox.exe"" domclick.ru
PID:968",C:\Users\jpdz\AppData\Local\Mozilla\Firefox\Profiles\uzjxbbj5.default-release\cache2\entries\CC72003314B566616149D2EF47E1FE19BC5AD5F3,FileEvent,Write,2021-10-09 16:24:15.104,87375
C:\Users\jpdz\AppData\Roaming\Mozilla\Firefox\Profiles\uzjxbbj5.default-release\times.json,"""C:\Program Files\Mozilla Firefox\firefox.exe"" domclick.ru
PID:968",FileEvent,Read,2021-10-09 16:24:09.1,50
"""C:\Program Files\Mozilla Firefox\firefox.exe"" domclick.ru
PID:968",121.194.10.78,IpChannelEvent,TcpIpConnect,2021-10-09 16:24:12.350,0
"""C:\Program Files\Mozilla Firefox\firefox.exe"" domclick.ru
PID:968",121.194.10.78,IpChannelEvent,TcpIpDisconnect,2021-10-09 16:24:28.57,0
121.194.10.78,"""C:\Program Files\Mozilla Firefox\firefox.exe"" domclick.ru
PID:968",IpChannelEvent,TcpIpRecv,2021-10-09 16:24:12.354,647
"""C:\Program Files\Mozilla Firefox\firefox.exe"" domclick.ru
PID:968",121.194.10.78,IpChannelEvent,TcpIpSend,2021-10-09 16:24:12.354,365
C:\Users\jpdz\AppData\Roaming\Mozilla\Firefox\Profiles\uzjxbbj5.default-release\storage\permanent\chrome\idb\3561288849sdhlie.sqlite,"""C:\Program Files\Mozilla Firefox\firefox.exe"" domclick.ru
PID:968",FileEvent,Read,2021-10-09 16:24:13.18,37064
"""C:\Program Files\Mozilla Firefox\firefox.exe"" domclick.ru
PID:968",117.18.237.29,IpChannelEvent,TcpIpConnect,2021-10-09 16:24:13.203,0
"""C:\Program Files\Mozilla Firefox\firefox.exe"" domclick.ru
PID:968",117.18.237.29,IpChannelEvent,TcpIpDisconnect,2021-10-09 16:24:28.89,0
"""C:\Program Files\Mozilla Firefox\firefox.exe"" domclick.ru
PID:968",117.18.237.29,IpChannelEvent,TcpIpSend,2021-10-09 16:24:13.241,456
117.18.237.29,"""C:\Program Files\Mozilla Firefox\firefox.exe"" domclick.ru
PID:968",IpChannelEvent,TcpIpRecv,2021-10-09 16:24:13.241,798
"""C:\Program Files\Mozilla Firefox\firefox.exe"" domclick.ru
PID:968",178.248.234.210,IpChannelEvent,TcpIpConnect,2021-10-09 16:24:33.227,0
"""C:\Program Files\Mozilla Firefox\firefox.exe"" domclick.ru
PID:968",178.248.234.210,IpChannelEvent,TcpIpSend,2021-10-09 16:24:33.298,1169
178.248.234.210,"""C:\Program Files\Mozilla Firefox\firefox.exe"" domclick.ru
PID:968",IpChannelEvent,TcpIpRecv,2021-10-09 16:24:33.416,4979
"""C:\Program Files\Mozilla Firefox\firefox.exe"" domclick.ru
PID:968",C:\Users\jpdz\AppData\Roaming\Mozilla\Firefox\Profiles\uzjxbbj5.default-release\storage\permanent\chrome\idb\2918063365piupsah.sqlite-shm,FileEvent,Delete,2021-10-09 16:24:13.21,0
"""C:\Program Files\Mozilla Firefox\firefox.exe"" domclick.ru
PID:968",C:\Users\jpdz\AppData\Roaming\Mozilla\Firefox\Profiles\uzjxbbj5.default-release\storage\permanent\chrome\idb\2918063365piupsah.sqlite-shm,FileEvent,Delete,2021-10-09 16:24:25.894,0
C:\Users\jpdz\AppData\Roaming\Mozilla\Firefox\Profiles\uzjxbbj5.default-release\storage\permanent\chrome\idb\2918063365piupsah.sqlite-shm,"""C:\Program Files\Mozilla Firefox\firefox.exe"" domclick.ru
PID:968",FileEvent,Read,2021-10-09 16:24:13.21,65536
"""C:\Program Files\Mozilla Firefox\firefox.exe"" domclick.ru
PID:968",5.45.205.241,IpChannelEvent,TcpIpConnect,2021-10-09 16:24:38.7,0
C:\Program Files\Mozilla Firefox\defaults\pref\channel-prefs.js,"""C:\Program Files\Mozilla Firefox\firefox.exe"" domclick.ru
PID:968",FileEvent,Read,2021-10-09 16:24:08.816,429
C:\Users\jpdz\AppData\Roaming\Mozilla\Firefox\Profiles\uzjxbbj5.default-release\compatibility.ini,"""C:\Program Files\Mozilla Firefox\firefox.exe"" domclick.ru
PID:968",FileEvent,Read,2021-10-09 16:24:08.812,194
C:\Users\jpdz\AppData\Local\Mozilla\Firefox\Profiles\uzjxbbj5.default-release\cache2\index.tmp,"""C:\Program Files\Mozilla Firefox\firefox.exe"" domclick.ru
PID:968",FileEvent,Read,2021-10-09 16:24:08.921,1439
C:\Users\jpdz\AppData\Roaming\Mozilla\Firefox\Profiles\uzjxbbj5.default-release\storage\permanent\chrome\idb\3870112724rsegmnoittet-es.sqlite,"""C:\Program Files\Mozilla Firefox\firefox.exe"" domclick.ru
PID:968",FileEvent,Read,2021-10-09 16:24:09.124,286920
"""C:\Program Files\Mozilla Firefox\firefox.exe"" domclick.ru
PID:968",C:\Users\jpdz\AppData\Roaming\Mozilla\Firefox\Profiles\uzjxbbj5.default-release\storage\permanent\chrome\idb\3870112724rsegmnoittet-es.sqlite,FileEvent,Write,2021-10-09 16:24:21.598,397312
C:\Users\jpdz\AppData\Roaming\Mozilla\Firefox\Profiles\uzjxbbj5.default-release\storage\permanent\chrome\idb\3870112724rsegmnoittet-es.sqlite,"""C:\Program Files\Mozilla Firefox\firefox.exe"" domclick.ru
PID:968",FileEvent,Read,2021-10-09 16:24:12.306,1073152
C:\Users\jpdz\AppData\Local\Mozilla\Firefox\Profiles\uzjxbbj5.default-release\safebrowsing\except-flashallow-digest256.vlpset,"""C:\Program Files\Mozilla Firefox\firefox.exe"" domclick.ru
PID:968",FileEvent,Read,2021-10-09 16:24:12.275,69
C:\Users\jpdz\AppData\Roaming\Mozilla\Firefox\Profiles\uzjxbbj5.default-release\storage\default\moz-extension+++0424fd79-b62a-421f-bf32-0d1549ab34f2^userContextId=4294967295\.metadata-v2,"""C:\Program Files\Mozilla Firefox\firefox.exe"" domclick.ru
PID:968",FileEvent,Read,2021-10-09 16:24:13.23,512
"""C:\Program Files\Mozilla Firefox\firefox.exe"" domclick.ru
PID:968",C:\Users\jpdz\AppData\Roaming\Mozilla\Firefox\Profiles\uzjxbbj5.default-release\storage\default\moz-extension+++0424fd79-b62a-421f-bf32-0d1549ab34f2^userContextId=4294967295\.metadata-v2,FileEvent,Write,2021-10-09 16:24:19.674,8
"""C:\Program Files\Mozilla Firefox\firefox.exe"" domclick.ru
PID:968",203.208.41.34,IpChannelEvent,TcpIpConnect,2021-10-09 16:24:30.421,0
203.208.41.34,"""C:\Program Files\Mozilla Firefox\firefox.exe"" domclick.ru
PID:968",IpChannelEvent,TcpIpRecv,2021-10-09 16:24:30.514,2104
"""C:\Program Files\Mozilla Firefox\firefox.exe"" domclick.ru
PID:968",203.208.41.34,IpChannelEvent,TcpIpSend,2021-10-09 16:24:30.509,1375
C:\Users\jpdz\AppData\Local\Mozilla\Firefox\Profiles\uzjxbbj5.default-release\safebrowsing\social-tracking-protection-twitter-digest256.vlpset,"""C:\Program Files\Mozilla Firefox\firefox.exe"" domclick.ru
PID:968",FileEvent,Read,2021-10-09 16:24:12.283,229
"""C:\Program Files\Mozilla Firefox\firefox.exe"" domclick.ru
PID:968",178.154.131.215,IpChannelEvent,TcpIpConnect,2021-10-09 16:24:36.775,0
"""C:\Program Files\Mozilla Firefox\firefox.exe"" domclick.ru
PID:968",178.154.131.215,IpChannelEvent,TcpIpDisconnect,2021-10-09 16:24:37.596,0
178.154.131.215,"""C:\Program Files\Mozilla Firefox\firefox.exe"" domclick.ru
PID:968",IpChannelEvent,TcpIpRecv,2021-10-09 16:24:37.75,5381
"""C:\Program Files\Mozilla Firefox\firefox.exe"" domclick.ru
PID:968",178.154.131.215,IpChannelEvent,TcpIpSend,2021-10-09 16:24:36.818,808
"""C:\Program Files\Mozilla Firefox\firefox.exe"" domclick.ru
PID:968",178.154.131.215,IpChannelEvent,TcpIpConnect,2021-10-09 16:24:37.41,0
"""C:\Program Files\Mozilla Firefox\firefox.exe"" domclick.ru
PID:968",178.154.131.215,IpChannelEvent,TcpIpDisconnect,2021-10-09 16:24:38.285,0
178.154.131.215,"""C:\Program Files\Mozilla Firefox\firefox.exe"" domclick.ru
PID:968",IpChannelEvent,TcpIpRecv,2021-10-09 16:24:37.364,5380
"""C:\Program Files\Mozilla Firefox\firefox.exe"" domclick.ru
PID:968",178.154.131.215,IpChannelEvent,TcpIpSend,2021-10-09 16:24:37.67,808
C:\Users\jpdz\AppData\Local\Mozilla\Firefox\Profiles\uzjxbbj5.default-release\activity-stream.discovery_stream.json,"""C:\Program Files\Mozilla Firefox\firefox.exe"" domclick.ru
PID:968",FileEvent,Read,2021-10-09 16:24:13.43,61086
"""C:\Program Files\Mozilla Firefox\firefox.exe"" domclick.ru
PID:968",125.220.192.143,IpChannelEvent,TcpIpConnect,2021-10-09 16:24:13.914,0
"""C:\Program Files\Mozilla Firefox\firefox.exe"" domclick.ru
PID:968",125.220.192.143,IpChannelEvent,TcpIpDisconnect,2021-10-09 16:24:28.77,0
"""C:\Program Files\Mozilla Firefox\firefox.exe"" domclick.ru
PID:968",125.220.192.143,IpChannelEvent,TcpIpSend,2021-10-09 16:24:13.942,1248
125.220.192.143,"""C:\Program Files\Mozilla Firefox\firefox.exe"" domclick.ru
PID:968",IpChannelEvent,TcpIpRecv,2021-10-09 16:24:13.943,14281
"""C:\Program Files\Mozilla Firefox\firefox.exe"" domclick.ru
PID:968",104.18.31.182,IpChannelEvent,TcpIpConnect,2021-10-09 16:24:30.861,0
"""C:\Program Files\Mozilla Firefox\firefox.exe"" domclick.ru
PID:968",104.18.31.182,IpChannelEvent,TcpIpSend,2021-10-09 16:24:31.19,456
104.18.31.182,"""C:\Program Files\Mozilla Firefox\firefox.exe"" domclick.ru
PID:968",IpChannelEvent,TcpIpRecv,2021-10-09 16:24:31.163,940
"""C:\Program Files\Mozilla Firefox\firefox.exe"" domclick.ru
PID:968",77.88.55.66,IpChannelEvent,TcpIpConnect,2021-10-09 16:24:34.347,0
77.88.55.66,"""C:\Program Files\Mozilla Firefox\firefox.exe"" domclick.ru
PID:968",IpChannelEvent,TcpIpRecv,2021-10-09 16:24:34.656,89047
"""C:\Program Files\Mozilla Firefox\firefox.exe"" domclick.ru
PID:968",77.88.55.66,IpChannelEvent,TcpIpSend,2021-10-09 16:24:34.558,1102
"""C:\Program Files\Mozilla Firefox\firefox.exe"" domclick.ru
PID:968",C:\Users\jpdz\AppData\Roaming\Mozilla\Firefox\Profiles\uzjxbbj5.default-release\datareporting\glean\pending_pings\289f183d-becb-44db-bf3a-aeecd6ad9bb1,FileEvent,Delete,2021-10-09 16:24:13.818,0
C:\Users\jpdz\AppData\Roaming\Mozilla\Firefox\Profiles\uzjxbbj5.default-release\datareporting\glean\pending_pings\289f183d-becb-44db-bf3a-aeecd6ad9bb1,"""C:\Program Files\Mozilla Firefox\firefox.exe"" domclick.ru
PID:968",FileEvent,Read,2021-10-09 16:24:13.27,49152
C:\ProgramData\Mozilla\updates\308046B0AF4A39CB\update-config.json,"""C:\Program Files\Mozilla Firefox\firefox.exe"" domclick.ru
PID:968",FileEvent,Read,2021-10-09 16:24:09.9,206
C:\ProgramData\Mozilla\updates\308046B0AF4A39CB\update-config.json,"""C:\Program Files\Mozilla Firefox\firefox.exe"" domclick.ru
PID:968",FileEvent,Read,2021-10-09 16:24:12.467,309
"""C:\Program Files\Mozilla Firefox\firefox.exe"" domclick.ru
PID:968",C:\ProgramData\Mozilla\updates\308046B0AF4A39CB\update-config.json,FileEvent,Write,2021-10-09 16:24:12.892,103
"""C:\Program Files\Mozilla Firefox\firefox.exe"" domclick.ru
PID:968",35.244.247.133,IpChannelEvent,TcpIpConnect,2021-10-09 16:24:13.106,0
"""C:\Program Files\Mozilla Firefox\firefox.exe"" domclick.ru
PID:968",35.244.247.133,IpChannelEvent,TcpIpDisconnect,2021-10-09 16:24:13.321,0
"""C:\Program Files\Mozilla Firefox\firefox.exe"" domclick.ru
PID:968",35.244.247.133,IpChannelEvent,TcpIpSend,2021-10-09 16:24:13.163,792
35.244.247.133,"""C:\Program Files\Mozilla Firefox\firefox.exe"" domclick.ru
PID:968",IpChannelEvent,TcpIpRecv,2021-10-09 16:24:13.163,4009
"""C:\Program Files\Mozilla Firefox\firefox.exe"" domclick.ru
PID:968",C:\Users\jpdz\AppData\Local\Mozilla\Firefox\Profiles\uzjxbbj5.default-release\cache2\doomed\162,FileEvent,Delete,2021-10-09 16:24:14.152,0
"""C:\Program Files\Mozilla Firefox\firefox.exe"" domclick.ru
PID:968",178.248.234.210,IpChannelEvent,TcpIpConnect,2021-10-09 16:24:34.32,0
"""C:\Program Files\Mozilla Firefox\firefox.exe"" domclick.ru
PID:968",178.248.234.210,IpChannelEvent,TcpIpSend,2021-10-09 16:24:34.53,1100
178.248.234.210,"""C:\Program Files\Mozilla Firefox\firefox.exe"" domclick.ru
PID:968",IpChannelEvent,TcpIpRecv,2021-10-09 16:24:34.198,5224
"""C:\Program Files\Mozilla Firefox\firefox.exe"" domclick.ru
PID:968",13.225.93.10,IpChannelEvent,TcpIpConnect,2021-10-09 16:24:12.387,0
"""C:\Program Files\Mozilla Firefox\firefox.exe"" domclick.ru
PID:968",13.225.93.10,IpChannelEvent,TcpIpDisconnect,2021-10-09 16:24:28.91,0
13.225.93.10,"""C:\Program Files\Mozilla Firefox\firefox.exe"" domclick.ru
PID:968",IpChannelEvent,TcpIpRecv,2021-10-09 16:24:12.428,15363
"""C:\Program Files\Mozilla Firefox\firefox.exe"" domclick.ru
PID:968",13.225.93.10,IpChannelEvent,TcpIpSend,2021-10-09 16:24:12.428,1282
"""C:\Program Files\Mozilla Firefox\firefox.exe"" domclick.ru
PID:968",213.180.204.90,IpChannelEvent,TcpIpConnect,2021-10-09 16:24:37.128,0
"""C:\Program Files\Mozilla Firefox\firefox.exe"" domclick.ru
PID:968",213.180.204.90,IpChannelEvent,TcpIpDisconnect,2021-10-09 16:24:38.268,0
213.180.204.90,"""C:\Program Files\Mozilla Firefox\firefox.exe"" domclick.ru
PID:968",IpChannelEvent,TcpIpRecv,2021-10-09 16:24:37.434,4500
"""C:\Program Files\Mozilla Firefox\firefox.exe"" domclick.ru
PID:968",213.180.204.90,IpChannelEvent,TcpIpSend,2021-10-09 16:24:37.325,835
"""C:\Program Files\Mozilla Firefox\firefox.exe"" domclick.ru
PID:968",178.248.234.210,IpChannelEvent,TcpIpConnect,2021-10-09 16:24:34.504,0
"""C:\Program Files\Mozilla Firefox\firefox.exe"" domclick.ru
PID:968",178.248.234.210,IpChannelEvent,TcpIpSend,2021-10-09 16:24:34.558,2225
178.248.234.210,"""C:\Program Files\Mozilla Firefox\firefox.exe"" domclick.ru
PID:968",IpChannelEvent,TcpIpRecv,2021-10-09 16:24:34.678,4893
C:\Program Files\Mozilla Firefox\firefox.exe,"""C:\Program Files\Mozilla Firefox\firefox.exe"" domclick.ru
PID:968",FileEvent,Read,2021-10-09 16:24:08.864,2056
C:\Program Files\Mozilla Firefox\firefox.exe,"""C:\Program Files\Mozilla Firefox\firefox.exe"" domclick.ru
PID:968",FileEvent,Read,2021-10-09 16:24:12.342,3096
"""C:\Program Files\Mozilla Firefox\firefox.exe"" domclick.ru
PID:968",C:\Users\jpdz\AppData\Local\Mozilla\Firefox\Profiles\uzjxbbj5.default-release\startupCache\urlCache-new.bin,FileEvent,Write,2021-10-09 16:24:22.748,5264
"""C:\Program Files\Mozilla Firefox\firefox.exe"" domclick.ru
PID:968",203.208.41.38,IpChannelEvent,TcpIpConnect,2021-10-09 16:24:32.126,0
"""C:\Program Files\Mozilla Firefox\firefox.exe"" domclick.ru
PID:968",203.208.41.38,IpChannelEvent,TcpIpDisconnect,2021-10-09 16:24:32.997,0
"""C:\Program Files\Mozilla Firefox\firefox.exe"" domclick.ru
PID:968",203.208.41.38,IpChannelEvent,TcpIpSend,2021-10-09 16:24:32.203,1270
203.208.41.38,"""C:\Program Files\Mozilla Firefox\firefox.exe"" domclick.ru
PID:968",IpChannelEvent,TcpIpRecv,2021-10-09 16:24:32.203,5027
"""C:\Program Files\Mozilla Firefox\firefox.exe"" domclick.ru
PID:968",203.208.41.73,IpChannelEvent,TcpIpConnect,2021-10-09 16:24:30.105,0
"""C:\Program Files\Mozilla Firefox\firefox.exe"" domclick.ru
PID:968",203.208.41.73,IpChannelEvent,TcpIpDisconnect,2021-10-09 16:24:31.448,0
"""C:\Program Files\Mozilla Firefox\firefox.exe"" domclick.ru
PID:968",203.208.41.73,IpChannelEvent,TcpIpSend,2021-10-09 16:24:30.176,1299
203.208.41.73,"""C:\Program Files\Mozilla Firefox\firefox.exe"" domclick.ru
PID:968",IpChannelEvent,TcpIpRecv,2021-10-09 16:24:30.176,165220
"""C:\Program Files\Mozilla Firefox\firefox.exe"" domclick.ru
PID:968",C:\Users\jpdz\AppData\Local\Mozilla\Firefox\Profiles\uzjxbbj5.default-release\cache2\entries\2EEB75F7531D8B593845770BE3C3E2A0D7871538,FileEvent,Write,2021-10-09 16:24:23.26,27238
C:\Windows\system32\spool\drivers\color\sRGB Color Space Profile.icm,"""C:\Program Files\Mozilla Firefox\firefox.exe"" domclick.ru
PID:968",FileEvent,Read,2021-10-09 16:24:08.868,4096
C:\Users\jpdz\AppData\Local\Mozilla\Firefox\Profiles\uzjxbbj5.default-release\safebrowsing\mozplugin-block-digest256.vlpset,"""C:\Program Files\Mozilla Firefox\firefox.exe"" domclick.ru
PID:968",FileEvent,Read,2021-10-09 16:24:12.281,3045
"""C:\Program Files\Mozilla Firefox\firefox.exe"" domclick.ru
PID:968",178.248.234.210,IpChannelEvent,TcpIpConnect,2021-10-09 16:24:33.230,0
"""C:\Program Files\Mozilla Firefox\firefox.exe"" domclick.ru
PID:968",178.248.234.210,IpChannelEvent,TcpIpSend,2021-10-09 16:24:33.298,2214
178.248.234.210,"""C:\Program Files\Mozilla Firefox\firefox.exe"" domclick.ru
PID:968",IpChannelEvent,TcpIpRecv,2021-10-09 16:24:33.425,4893
C:\Windows\system32\MSVFW32.dll,"""C:\Program Files\Mozilla Firefox\firefox.exe"" domclick.ru
PID:968",FileEvent,Read,2021-10-09 16:24:22.855,40960
"""C:\Program Files\Mozilla Firefox\firefox.exe"" domclick.ru
PID:968",125.220.192.143,IpChannelEvent,TcpIpConnect,2021-10-09 16:24:12.330,0
"""C:\Program Files\Mozilla Firefox\firefox.exe"" domclick.ru
PID:968",125.220.192.143,IpChannelEvent,TcpIpDisconnect,2021-10-09 16:24:28.77,0
125.220.192.143,"""C:\Program Files\Mozilla Firefox\firefox.exe"" domclick.ru
PID:968",IpChannelEvent,TcpIpRecv,2021-10-09 16:24:12.360,4516
"""C:\Program Files\Mozilla Firefox\firefox.exe"" domclick.ru
PID:968",125.220.192.143,IpChannelEvent,TcpIpSend,2021-10-09 16:24:12.360,1325
"""C:\Program Files\Mozilla Firefox\firefox.exe"" domclick.ru
PID:968",92.223.76.254,IpChannelEvent,TcpIpConnect,2021-10-09 16:24:30.426,0
"""C:\Program Files\Mozilla Firefox\firefox.exe"" domclick.ru
PID:968",92.223.76.254,IpChannelEvent,TcpIpDisconnect,2021-10-09 16:24:31.203,0
"""C:\Program Files\Mozilla Firefox\firefox.exe"" domclick.ru
PID:968",92.223.76.254,IpChannelEvent,TcpIpSend,2021-10-09 16:24:30.476,808
92.223.76.254,"""C:\Program Files\Mozilla Firefox\firefox.exe"" domclick.ru
PID:968",IpChannelEvent,TcpIpRecv,2021-10-09 16:24:30.476,6071
C:\Users\jpdz\AppData\Roaming\Mozilla\Firefox\Profiles\uzjxbbj5.default-release\storage\permanent\chrome\idb\1657114595AmcateirvtiSty.sqlite,"""C:\Program Files\Mozilla Firefox\firefox.exe"" domclick.ru
PID:968",FileEvent,Read,2021-10-09 16:24:12.307,57644
C:\Windows\Prefetch\FIREFOX.EXE-A606B53C.pf,"""C:\Program Files\Mozilla Firefox\firefox.exe"" domclick.ru
PID:968",FileEvent,Read,2021-10-09 16:24:08.742,61006
"""C:\Program Files\Mozilla Firefox\firefox.exe"" domclick.ru
PID:968",77.88.21.119,IpChannelEvent,TcpIpConnect,2021-10-09 16:24:38.81,0
77.88.21.119,"""C:\Program Files\Mozilla Firefox\firefox.exe"" domclick.ru
PID:968",IpChannelEvent,TcpIpRecv,2021-10-09 16:24:38.381,4965
"""C:\Program Files\Mozilla Firefox\firefox.exe"" domclick.ru
PID:968",77.88.21.119,IpChannelEvent,TcpIpSend,2021-10-09 16:24:38.340,808
"""C:\Program Files\Mozilla Firefox\firefox.exe"" domclick.ru
PID:968",104.18.31.182,IpChannelEvent,TcpIpConnect,2021-10-09 16:24:13.147,0
"""C:\Program Files\Mozilla Firefox\firefox.exe"" domclick.ru
PID:968",104.18.31.182,IpChannelEvent,TcpIpDisconnect,2021-10-09 16:24:28.221,0
"""C:\Program Files\Mozilla Firefox\firefox.exe"" domclick.ru
PID:968",104.18.31.182,IpChannelEvent,TcpIpSend,2021-10-09 16:24:13.192,456
104.18.31.182,"""C:\Program Files\Mozilla Firefox\firefox.exe"" domclick.ru
PID:968",IpChannelEvent,TcpIpRecv,2021-10-09 16:24:13.458,939
C:\Users\jpdz\AppData\Roaming\Mozilla\Firefox\Profiles\uzjxbbj5.default-release\sessionCheckpoints.json,"""C:\Program Files\Mozilla Firefox\firefox.exe"" domclick.ru
PID:968",FileEvent,Read,2021-10-09 16:24:08.971,241
"""C:\Program Files\Mozilla Firefox\firefox.exe"" domclick.ru
PID:968",C:\Users\jpdz\AppData\Local\Mozilla\Firefox\Profiles\uzjxbbj5.default-release\cache2\entries\8155D56D5F7C521AD74833215504BA784460EA4E,FileEvent,Write,2021-10-09 16:24:13.5,2871
C:\Users\jpdz\AppData\Local\Mozilla\Firefox\Profiles\uzjxbbj5.default-release\safebrowsing\base-fingerprinting-track-digest256.sbstore,"""C:\Program Files\Mozilla Firefox\firefox.exe"" domclick.ru
PID:968",FileEvent,Read,2021-10-09 16:24:12.398,359
"""C:\Program Files\Mozilla Firefox\firefox.exe"" domclick.ru
PID:968",92.223.76.254,IpChannelEvent,TcpIpConnect,2021-10-09 16:24:30.433,0
"""C:\Program Files\Mozilla Firefox\firefox.exe"" domclick.ru
PID:968",92.223.76.254,IpChannelEvent,TcpIpDisconnect,2021-10-09 16:24:31.261,0
"""C:\Program Files\Mozilla Firefox\firefox.exe"" domclick.ru
PID:968",92.223.76.254,IpChannelEvent,TcpIpSend,2021-10-09 16:24:30.479,808
92.223.76.254,"""C:\Program Files\Mozilla Firefox\firefox.exe"" domclick.ru
PID:968",IpChannelEvent,TcpIpRecv,2021-10-09 16:24:30.479,6049
"""C:\Program Files\Mozilla Firefox\firefox.exe"" domclick.ru
PID:968",C:\Users\jpdz\AppData\Local\Mozilla\Firefox\Profiles\uzjxbbj5.default-release\cache2\entries\B129EB367B88E3F4CF91AA8E9CCFE7D7F9459304,FileEvent,Write,2021-10-09 16:24:14.122,2082
C:\Users\jpdz\AppData\Local\Mozilla\Firefox\Profiles\uzjxbbj5.default-release\safebrowsing\google4\goog-phish-proto.metadata,"""C:\Program Files\Mozilla Firefox\firefox.exe"" domclick.ru
PID:968",FileEvent,Read,2021-10-09 16:24:12.403,71
"""C:\Program Files\Mozilla Firefox\firefox.exe"" domclick.ru
PID:968",34.117.237.239,IpChannelEvent,TcpIpConnect,2021-10-09 16:24:13.96,0
"""C:\Program Files\Mozilla Firefox\firefox.exe"" domclick.ru
PID:968",34.117.237.239,IpChannelEvent,TcpIpDisconnect,2021-10-09 16:24:28.92,0
"""C:\Program Files\Mozilla Firefox\firefox.exe"" domclick.ru
PID:968",34.117.237.239,IpChannelEvent,TcpIpSend,2021-10-09 16:24:13.152,1151
34.117.237.239,"""C:\Program Files\Mozilla Firefox\firefox.exe"" domclick.ru
PID:968",IpChannelEvent,TcpIpRecv,2021-10-09 16:24:13.152,5382
C:\Users\jpdz\AppData\Roaming\Mozilla\Firefox\Profiles\UZJXBB~1.DEF\key4.db,"""C:\Program Files\Mozilla Firefox\firefox.exe"" domclick.ru
PID:968",FileEvent,Read,2021-10-09 16:24:09.109,131252
C:\Users\jpdz\AppData\Roaming\Mozilla\Firefox\Profiles\UZJXBB~1.DEF\key4.db,"""C:\Program Files\Mozilla Firefox\firefox.exe"" domclick.ru
PID:968",FileEvent,Read,2021-10-09 16:24:12.313,112
"""C:\Program Files\Mozilla Firefox\firefox.exe"" domclick.ru
PID:968",42.99.128.155,IpChannelEvent,TcpIpConnect,2021-10-09 16:24:13.490,0
"""C:\Program Files\Mozilla Firefox\firefox.exe"" domclick.ru
PID:968",42.99.128.155,IpChannelEvent,TcpIpDisconnect,2021-10-09 16:24:28.88,0
42.99.128.155,"""C:\Program Files\Mozilla Firefox\firefox.exe"" domclick.ru
PID:968",IpChannelEvent,TcpIpRecv,2021-10-09 16:24:13.814,888
"""C:\Program Files\Mozilla Firefox\firefox.exe"" domclick.ru
PID:968",42.99.128.155,IpChannelEvent,TcpIpSend,2021-10-09 16:24:13.693,455
"""C:\Program Files\Mozilla Firefox\firefox.exe"" domclick.ru
PID:968",92.223.76.254,IpChannelEvent,TcpIpConnect,2021-10-09 16:24:30.433,0
"""C:\Program Files\Mozilla Firefox\firefox.exe"" domclick.ru
PID:968",92.223.76.254,IpChannelEvent,TcpIpDisconnect,2021-10-09 16:24:31.215,0
"""C:\Program Files\Mozilla Firefox\firefox.exe"" domclick.ru
PID:968",92.223.76.254,IpChannelEvent,TcpIpSend,2021-10-09 16:24:30.482,808
92.223.76.254,"""C:\Program Files\Mozilla Firefox\firefox.exe"" domclick.ru
PID:968",IpChannelEvent,TcpIpRecv,2021-10-09 16:24:30.482,6049
C:\Users\jpdz\AppData\Roaming\Mozilla\Firefox\Profiles\uzjxbbj5.default-release\extensions.json,"""C:\Program Files\Mozilla Firefox\firefox.exe"" domclick.ru
PID:968",FileEvent,Read,2021-10-09 16:24:12.226,57748
"""C:\Program Files\Mozilla Firefox\firefox.exe"" domclick.ru
PID:968",C:\Users\jpdz\AppData\Roaming\Mozilla\Firefox\Profiles\uzjxbbj5.default-release\storage\permanent\chrome\idb\2823318777ntouromlalnodry--naod.sqlite-wal,FileEvent,Delete,2021-10-09 16:24:13.850,0
"""C:\Program Files\Mozilla Firefox\firefox.exe"" domclick.ru
PID:968",C:\Users\jpdz\AppData\Roaming\Mozilla\Firefox\Profiles\uzjxbbj5.default-release\storage\permanent\chrome\idb\2823318777ntouromlalnodry--naod.sqlite-wal,FileEvent,Delete,2021-10-09 16:24:25.897,0
"""C:\Program Files\Mozilla Firefox\firefox.exe"" domclick.ru
PID:968",C:\Users\jpdz\AppData\Roaming\Mozilla\Firefox\Profiles\uzjxbbj5.default-release\storage\default\moz-extension+++0424fd79-b62a-421f-bf32-0d1549ab34f2^userContextId=4294967295\idb\3647222921wleabcEoxlt-eengsairo.sqlite-shm,FileEvent,Delete,2021-10-09 16:24:19.676,0
"""C:\Program Files\Mozilla Firefox\firefox.exe"" domclick.ru
PID:968",C:\Users\jpdz\AppData\Roaming\Mozilla\Firefox\Profiles\uzjxbbj5.default-release\storage\default\moz-extension+++0424fd79-b62a-421f-bf32-0d1549ab34f2^userContextId=4294967295\idb\3647222921wleabcEoxlt-eengsairo.sqlite-shm,FileEvent,Delete,2021-10-09 16:24:37.598,0
C:\Users\jpdz\AppData\Roaming\Mozilla\Firefox\Profiles\uzjxbbj5.default-release\storage\default\moz-extension+++0424fd79-b62a-421f-bf32-0d1549ab34f2^userContextId=4294967295\idb\3647222921wleabcEoxlt-eengsairo.sqlite-shm,"""C:\Program Files\Mozilla Firefox\firefox.exe"" domclick.ru
PID:968",FileEvent,Read,2021-10-09 16:24:19.675,65536
"""C:\Program Files\Mozilla Firefox\firefox.exe"" domclick.ru
PID:968",178.154.131.215,IpChannelEvent,TcpIpConnect,2021-10-09 16:24:36.783,0
"""C:\Program Files\Mozilla Firefox\firefox.exe"" domclick.ru
PID:968",178.154.131.215,IpChannelEvent,TcpIpDisconnect,2021-10-09 16:24:37.618,0
"""C:\Program Files\Mozilla Firefox\firefox.exe"" domclick.ru
PID:968",178.154.131.215,IpChannelEvent,TcpIpSend,2021-10-09 16:24:36.818,808
178.154.131.215,"""C:\Program Files\Mozilla Firefox\firefox.exe"" domclick.ru
PID:968",IpChannelEvent,TcpIpRecv,2021-10-09 16:24:37.87,5360
"""C:\Program Files\Mozilla Firefox\firefox.exe"" domclick.ru
PID:968",C:\Users\jpdz\AppData\Roaming\Mozilla\Firefox\Profiles\uzjxbbj5.default-release\datareporting\glean\tmp\289f183d-becb-44db-bf3a-aeecd6ad9bb1,FileEvent,Write,2021-10-09 16:24:13.26,4416
"""C:\Program Files\Mozilla Firefox\firefox.exe"" domclick.ru
PID:968",C:\Users\jpdz\AppData\Local\Mozilla\Firefox\Profiles\uzjxbbj5.default-release\startupCache\scriptCache-child-new.bin,FileEvent,Write,2021-10-09 16:24:22.758,819666
C:\Users\jpdz\AppData\Roaming\Mozilla\Firefox\Profiles\uzjxbbj5.default-release\cookies.sqlite,"""C:\Program Files\Mozilla Firefox\firefox.exe"" domclick.ru
PID:968",FileEvent,Read,2021-10-09 16:24:08.924,753864
C:\Users\jpdz\AppData\Local\Mozilla\Firefox\Profiles\uzjxbbj5.default-release\safebrowsing\social-track-digest256.vlpset,"""C:\Program Files\Mozilla Firefox\firefox.exe"" domclick.ru
PID:968",FileEvent,Read,2021-10-09 16:24:12.283,2117
C:\Users\jpdz\AppData\Roaming\Mozilla\Firefox\Profiles\uzjxbbj5.default-release\xulstore.json,"""C:\Program Files\Mozilla Firefox\firefox.exe"" domclick.ru
PID:968",FileEvent,Read,2021-10-09 16:24:08.846,453
"""C:\Program Files\Mozilla Firefox\firefox.exe"" domclick.ru
PID:968","""C:\Program Files\Mozilla Firefox\firefox.exe"" -contentproc --channel=""968.0.1533018050\1242954860"" -parentBuildID 20210927210923 -prefsHandle 1016 -prefMapHandle 1000 -prefsLen 1 -prefMapSize 252743 -appdir ""C:\Program Files\Mozilla Firefox\browser"" - 968 ""\\.\pipe\gecko-crash-server-pipe.968"" 1088 d3b1378 gpu
PID:320",ProcessEvent,Create,2021-10-09 16:24:08.864,
C:\Program Files\Mozilla Firefox\dependentlibs.list,"""C:\Program Files\Mozilla Firefox\firefox.exe"" domclick.ru
PID:968",FileEvent,Read,2021-10-09 16:24:08.752,8192
C:\Program Files\Mozilla Firefox\api-ms-win-crt-convert-l1-1-0.dll,"""C:\Program Files\Mozilla Firefox\firefox.exe"" domclick.ru
PID:968",FileEvent,Read,2021-10-09 16:24:08.753,65536
"""C:\Program Files\Mozilla Firefox\firefox.exe"" domclick.ru
PID:968",C:\Users\jpdz\AppData\Roaming\Mozilla\Firefox\Profiles\uzjxbbj5.default-release\storage\permanent\chrome\idb\1657114595AmcateirvtiSty.sqlite-wal,FileEvent,Delete,2021-10-09 16:24:13.18,0
"""C:\Program Files\Mozilla Firefox\firefox.exe"" domclick.ru
PID:968",C:\Users\jpdz\AppData\Roaming\Mozilla\Firefox\Profiles\uzjxbbj5.default-release\storage\permanent\chrome\idb\1657114595AmcateirvtiSty.sqlite-wal,FileEvent,Delete,2021-10-09 16:24:34.989,0
C:\Users\jpdz\AppData\Roaming\Mozilla\Firefox\Profiles\uzjxbbj5.default-release\favicons.sqlite-shm,"""C:\Program Files\Mozilla Firefox\firefox.exe"" domclick.ru
PID:968",FileEvent,Read,2021-10-09 16:24:09.478,32768
C:\Users\jpdz\AppData\Local\Mozilla\Firefox\Profiles\uzjxbbj5.default-release\safebrowsing\google4\goog-unwanted-proto.metadata,"""C:\Program Files\Mozilla Firefox\firefox.exe"" domclick.ru
PID:968",FileEvent,Read,2021-10-09 16:24:12.403,71
"""C:\Program Files\Mozilla Firefox\firefox.exe"" domclick.ru
PID:968",C:\Users\jpdz\AppData\Local\Mozilla\Firefox\Profiles\uzjxbbj5.default-release\cache2\entries\1A8F7591376DA2DAD35E8EC829F2FD5D28983228,FileEvent,Write,2021-10-09 16:24:14.977,31147
C:\Users\jpdz\AppData\Local\Mozilla\Firefox\Profiles\uzjxbbj5.default-release\safebrowsing\except-flashsubdoc-digest256.sbstore,"""C:\Program Files\Mozilla Firefox\firefox.exe"" domclick.ru
PID:968",FileEvent,Read,2021-10-09 16:24:12.401,244
"""C:\Program Files\Mozilla Firefox\firefox.exe"" domclick.ru
PID:968",C:\Users\jpdz\AppData\Roaming\Mozilla\Firefox\Profiles\uzjxbbj5.default-release\storage\permanent\chrome\idb\3561288849sdhlie.sqlite-wal,FileEvent,Delete,2021-10-09 16:24:13.20,0
"""C:\Program Files\Mozilla Firefox\firefox.exe"" domclick.ru
PID:968",C:\Users\jpdz\AppData\Roaming\Mozilla\Firefox\Profiles\uzjxbbj5.default-release\storage\permanent\chrome\idb\3561288849sdhlie.sqlite-wal,FileEvent,Delete,2021-10-09 16:24:24.990,0
C:\Users\jpdz\AppData\Local\Mozilla\Firefox\Profiles\uzjxbbj5.default-release\safebrowsing\google4\goog-phish-proto.vlpset,"""C:\Program Files\Mozilla Firefox\firefox.exe"" domclick.ru
PID:968",FileEvent,Read,2021-10-09 16:24:12.281,393216
C:\Users\jpdz\AppData\Local\Mozilla\Firefox\Profiles\uzjxbbj5.default-release\cache2\entries\E8246BB40873DF388F959075604DEEE43344C56F,"""C:\Program Files\Mozilla Firefox\firefox.exe"" domclick.ru
PID:968",FileEvent,Read,2021-10-09 16:24:13.714,15031
"""C:\Program Files\Mozilla Firefox\firefox.exe"" domclick.ru
PID:968",C:\Users\jpdz\AppData\Local\Mozilla\Firefox\Profiles\uzjxbbj5.default-release\cache2\entries\E8246BB40873DF388F959075604DEEE43344C56F,FileEvent,Write,2021-10-09 16:24:13.715,50705
"""C:\Program Files\Mozilla Firefox\firefox.exe"" domclick.ru
PID:968",203.208.40.97,IpChannelEvent,TcpIpConnect,2021-10-09 16:24:32.122,0
"""C:\Program Files\Mozilla Firefox\firefox.exe"" domclick.ru
PID:968",203.208.40.97,IpChannelEvent,TcpIpDisconnect,2021-10-09 16:24:33.298,0
"""C:\Program Files\Mozilla Firefox\firefox.exe"" domclick.ru
PID:968",203.208.40.97,IpChannelEvent,TcpIpSend,2021-10-09 16:24:32.199,1664
203.208.40.97,"""C:\Program Files\Mozilla Firefox\firefox.exe"" domclick.ru
PID:968",IpChannelEvent,TcpIpRecv,2021-10-09 16:24:32.199,5092
C:\Users\jpdz\AppData\Local\Mozilla\Firefox\Profiles\uzjxbbj5.default-release\safebrowsing\content-track-digest256.sbstore,"""C:\Program Files\Mozilla Firefox\firefox.exe"" domclick.ru
PID:968",FileEvent,Read,2021-10-09 16:24:12.401,734
"""C:\Program Files\Mozilla Firefox\firefox.exe"" domclick.ru
PID:968",C:\Users\jpdz\AppData\Roaming\Mozilla\Firefox\Profiles\uzjxbbj5.default-release\storage\permanent\chrome\idb\3870112724rsegmnoittet-es.sqlite-shm,FileEvent,Delete,2021-10-09 16:24:09.125,0
C:\Users\jpdz\AppData\Roaming\Mozilla\Firefox\Profiles\uzjxbbj5.default-release\storage\permanent\chrome\idb\3870112724rsegmnoittet-es.sqlite-shm,"""C:\Program Files\Mozilla Firefox\firefox.exe"" domclick.ru
PID:968",FileEvent,Read,2021-10-09 16:24:09.125,65536
"""C:\Program Files\Mozilla Firefox\firefox.exe"" domclick.ru
PID:968",C:\Users\jpdz\AppData\Roaming\Mozilla\Firefox\Profiles\uzjxbbj5.default-release\storage\permanent\chrome\idb\3870112724rsegmnoittet-es.sqlite-shm,FileEvent,Delete,2021-10-09 16:24:38.622,0
C:\Program Files\Mozilla Firefox\distribution\distribution.ini,"""C:\Program Files\Mozilla Firefox\firefox.exe"" domclick.ru
PID:968",FileEvent,Read,2021-10-09 16:24:08.847,2952
"""C:\Program Files\Mozilla Firefox\firefox.exe"" domclick.ru
PID:968",42.99.128.155,IpChannelEvent,TcpIpConnect,2021-10-09 16:24:31.709,0
42.99.128.155,"""C:\Program Files\Mozilla Firefox\firefox.exe"" domclick.ru
PID:968",IpChannelEvent,TcpIpRecv,2021-10-09 16:24:31.752,1778
"""C:\Program Files\Mozilla Firefox\firefox.exe"" domclick.ru
PID:968",42.99.128.155,IpChannelEvent,TcpIpSend,2021-10-09 16:24:31.752,910
"""C:\Program Files\Mozilla Firefox\firefox.exe"" domclick.ru
PID:968",C:\Users\jpdz\AppData\Local\Mozilla\Firefox\Profiles\uzjxbbj5.default-release\cache2\entries\BF1CE7C350EFEBF984B23679022188ACC15157ED,FileEvent,Write,2021-10-09 16:24:16.11,29366
"""C:\Program Files\Mozilla Firefox\firefox.exe"" domclick.ru
PID:968",C:\Users\jpdz\AppData\Roaming\Mozilla\Firefox\Profiles\uzjxbbj5.default-release\storage\default\moz-extension+++0c3666b5-67b1-4855-b50d-d5fbfc0d2874^userContextId=4294967295\idb\3647222921wleabcEoxlt-eengsairo.sqlite-shm,FileEvent,Delete,2021-10-09 16:24:13.839,0
"""C:\Program Files\Mozilla Firefox\firefox.exe"" domclick.ru
PID:968",C:\Users\jpdz\AppData\Roaming\Mozilla\Firefox\Profiles\uzjxbbj5.default-release\storage\default\moz-extension+++0c3666b5-67b1-4855-b50d-d5fbfc0d2874^userContextId=4294967295\idb\3647222921wleabcEoxlt-eengsairo.sqlite-shm,FileEvent,Delete,2021-10-09 16:24:36.895,0
C:\Users\jpdz\AppData\Roaming\Mozilla\Firefox\Profiles\uzjxbbj5.default-release\storage\default\moz-extension+++0c3666b5-67b1-4855-b50d-d5fbfc0d2874^userContextId=4294967295\idb\3647222921wleabcEoxlt-eengsairo.sqlite-shm,"""C:\Program Files\Mozilla Firefox\firefox.exe"" domclick.ru
PID:968",FileEvent,Read,2021-10-09 16:24:13.838,65536
C:\Users\jpdz\AppData\Local\Mozilla\Firefox\Profiles\uzjxbbj5.default-release\startupCache\webext.sc.lz4,"""C:\Program Files\Mozilla Firefox\firefox.exe"" domclick.ru
PID:968",FileEvent,Read,2021-10-09 16:24:08.947,131881
"""C:\Program Files\Mozilla Firefox\firefox.exe"" domclick.ru
PID:968",117.18.237.29,IpChannelEvent,TcpIpConnect,2021-10-09 16:24:12.939,0
"""C:\Program Files\Mozilla Firefox\firefox.exe"" domclick.ru
PID:968",117.18.237.29,IpChannelEvent,TcpIpDisconnect,2021-10-09 16:24:28.89,0
117.18.237.29,"""C:\Program Files\Mozilla Firefox\firefox.exe"" domclick.ru
PID:968",IpChannelEvent,TcpIpRecv,2021-10-09 16:24:12.978,799
"""C:\Program Files\Mozilla Firefox\firefox.exe"" domclick.ru
PID:968",117.18.237.29,IpChannelEvent,TcpIpSend,2021-10-09 16:24:12.942,456
C:\Program Files\Mozilla Firefox\nss3.dll,"""C:\Program Files\Mozilla Firefox\firefox.exe"" domclick.ru
PID:968",FileEvent,Read,2021-10-09 16:24:08.753,2031616
C:\Users\jpdz\AppData\Local\Mozilla\Firefox\Profiles\uzjxbbj5.default-release\safebrowsing\content-track-digest256.vlpset,"""C:\Program Files\Mozilla Firefox\firefox.exe"" domclick.ru
PID:968",FileEvent,Read,2021-10-09 16:24:12.275,15525
"""C:\Program Files\Mozilla Firefox\firefox.exe"" domclick.ru
PID:968",C:\Users\jpdz\AppData\Roaming\Mozilla\Firefox\Profiles\uzjxbbj5.default-release\favicons.sqlite-wal,FileEvent,Write,2021-10-09 16:24:14.989,434352
"""C:\Program Files\Mozilla Firefox\firefox.exe"" domclick.ru
PID:968",113.142.81.208,IpChannelEvent,TcpIpConnect,2021-10-09 16:24:13.111,0
"""C:\Program Files\Mozilla Firefox\firefox.exe"" domclick.ru
PID:968",113.142.81.208,IpChannelEvent,TcpIpDisconnect,2021-10-09 16:24:28.96,0
113.142.81.208,"""C:\Program Files\Mozilla Firefox\firefox.exe"" domclick.ru
PID:968",IpChannelEvent,TcpIpRecv,2021-10-09 16:24:13.160,5386
"""C:\Program Files\Mozilla Firefox\firefox.exe"" domclick.ru
PID:968",113.142.81.208,IpChannelEvent,TcpIpSend,2021-10-09 16:24:13.160,1136
"""C:\Program Files\Mozilla Firefox\firefox.exe"" domclick.ru
PID:968",13.225.93.112,IpChannelEvent,TcpIpConnect,2021-10-09 16:24:14.157,0
"""C:\Program Files\Mozilla Firefox\firefox.exe"" domclick.ru
PID:968",13.225.93.112,IpChannelEvent,TcpIpDisconnect,2021-10-09 16:24:28.89,0
"""C:\Program Files\Mozilla Firefox\firefox.exe"" domclick.ru
PID:968",13.225.93.112,IpChannelEvent,TcpIpSend,2021-10-09 16:24:14.194,3039
13.225.93.112,"""C:\Program Files\Mozilla Firefox\firefox.exe"" domclick.ru
PID:968",IpChannelEvent,TcpIpRecv,2021-10-09 16:24:14.195,96407
C:\Program Files\Mozilla Firefox\xul.dll,"""C:\Program Files\Mozilla Firefox\firefox.exe"" domclick.ru
PID:968",FileEvent,Read,2021-10-09 16:24:08.755,104333312
"""C:\Program Files\Mozilla Firefox\firefox.exe"" domclick.ru
PID:968",213.180.204.90,IpChannelEvent,TcpIpConnect,2021-10-09 16:24:37.386,0
"""C:\Program Files\Mozilla Firefox\firefox.exe"" domclick.ru
PID:968",213.180.204.90,IpChannelEvent,TcpIpDisconnect,2021-10-09 16:24:38.293,0
"""C:\Program Files\Mozilla Firefox\firefox.exe"" domclick.ru
PID:968",213.180.204.90,IpChannelEvent,TcpIpSend,2021-10-09 16:24:37.581,835
213.180.204.90,"""C:\Program Files\Mozilla Firefox\firefox.exe"" domclick.ru
PID:968",IpChannelEvent,TcpIpRecv,2021-10-09 16:24:37.698,4500
C:\Windows\Fonts\staticcache.dat,"""C:\Program Files\Mozilla Firefox\firefox.exe"" domclick.ru
PID:968",FileEvent,Read,2021-10-09 16:24:09.61,60
"""C:\Program Files\Mozilla Firefox\firefox.exe"" domclick.ru
PID:968",178.154.131.215,IpChannelEvent,TcpIpConnect,2021-10-09 16:24:37.41,0
"""C:\Program Files\Mozilla Firefox\firefox.exe"" domclick.ru
PID:968",178.154.131.215,IpChannelEvent,TcpIpDisconnect,2021-10-09 16:24:38.278,0
178.154.131.215,"""C:\Program Files\Mozilla Firefox\firefox.exe"" domclick.ru
PID:968",IpChannelEvent,TcpIpRecv,2021-10-09 16:24:37.349,5360
"""C:\Program Files\Mozilla Firefox\firefox.exe"" domclick.ru
PID:968",178.154.131.215,IpChannelEvent,TcpIpSend,2021-10-09 16:24:37.67,808
"""C:\Program Files\Mozilla Firefox\firefox.exe"" domclick.ru
PID:968",104.18.31.182,IpChannelEvent,TcpIpConnect,2021-10-09 16:24:30.864,0
104.18.31.182,"""C:\Program Files\Mozilla Firefox\firefox.exe"" domclick.ru
PID:968",IpChannelEvent,TcpIpRecv,2021-10-09 16:24:31.174,939
"""C:\Program Files\Mozilla Firefox\firefox.exe"" domclick.ru
PID:968",104.18.31.182,IpChannelEvent,TcpIpSend,2021-10-09 16:24:31.19,456
C:\Users\jpdz\AppData\Local\Mozilla\Firefox\Profiles\uzjxbbj5.default-release\safebrowsing\google4\goog-unwanted-proto.vlpset,"""C:\Program Files\Mozilla Firefox\firefox.exe"" domclick.ru
PID:968",FileEvent,Read,2021-10-09 16:24:12.281,53720
"""C:\Program Files\Mozilla Firefox\firefox.exe"" domclick.ru
PID:968",C:\Users\jpdz\AppData\Local\Mozilla\Firefox\Profiles\uzjxbbj5.default-release\startupCache\scriptCache-new.bin,FileEvent,Write,2021-10-09 16:24:22.749,9914638
C:\Users\jpdz\AppData\Local\Mozilla\Firefox\Profiles\uzjxbbj5.default-release\startupCache\scriptCache-new.bin,"""C:\Program Files\Mozilla Firefox\firefox.exe"" domclick.ru
PID:968",FileEvent,Read,2021-10-09 16:24:22.753,32768
"""C:\Program Files\Mozilla Firefox\firefox.exe"" domclick.ru
PID:968","""C:\Program Files\Mozilla Firefox\firefox.exe"" -contentproc --channel=""968.8.1090616033\426827839"" -childID 3 -isForBrowser -prefsHandle 2588 -prefMapHandle 3088 -prefsLen 9927 -prefMapSize 252743 -jsInit 812 286204 -parentBuildID 20210927210923 -appdir ""C:\Program Files\Mozilla Firefox\browser"" - 968 ""\\.\pipe\gecko-crash-server-pipe.968"" 1388 1d8e4f78 tab
PID:2404",ProcessEvent,Create,2021-10-09 16:24:13.474,
C:\Users\jpdz\AppData\Roaming\Mozilla\Firefox\Profiles\uzjxbbj5.default-release\permissions.sqlite,"""C:\Program Files\Mozilla Firefox\firefox.exe"" domclick.ru
PID:968",FileEvent,Read,2021-10-09 16:24:08.908,65700
"""C:\Program Files\Mozilla Firefox\firefox.exe"" domclick.ru
PID:968",178.154.131.215,IpChannelEvent,TcpIpConnect,2021-10-09 16:24:37.41,0
"""C:\Program Files\Mozilla Firefox\firefox.exe"" domclick.ru
PID:968",178.154.131.215,IpChannelEvent,TcpIpDisconnect,2021-10-09 16:24:38.282,0
178.154.131.215,"""C:\Program Files\Mozilla Firefox\firefox.exe"" domclick.ru
PID:968",IpChannelEvent,TcpIpRecv,2021-10-09 16:24:37.359,5358
"""C:\Program Files\Mozilla Firefox\firefox.exe"" domclick.ru
PID:968",178.154.131.215,IpChannelEvent,TcpIpSend,2021-10-09 16:24:37.67,808
"""C:\Program Files\Mozilla Firefox\firefox.exe"" domclick.ru
PID:968",C:\Users\jpdz\AppData\Roaming\Mozilla\Firefox\Profiles\uzjxbbj5.default-release\extensions.json.tmp,FileEvent,Write,2021-10-09 16:24:15.67,57748
"""C:\Program Files\Mozilla Firefox\firefox.exe"" domclick.ru
PID:968",13.225.93.112,IpChannelEvent,TcpIpConnect,2021-10-09 16:24:14.171,0
"""C:\Program Files\Mozilla Firefox\firefox.exe"" domclick.ru
PID:968",13.225.93.112,IpChannelEvent,TcpIpDisconnect,2021-10-09 16:24:19.707,0
"""C:\Program Files\Mozilla Firefox\firefox.exe"" domclick.ru
PID:968",13.225.93.112,IpChannelEvent,TcpIpSend,2021-10-09 16:24:14.194,605
13.225.93.112,"""C:\Program Files\Mozilla Firefox\firefox.exe"" domclick.ru
PID:968",IpChannelEvent,TcpIpRecv,2021-10-09 16:24:14.212,3979
C:\Users\jpdz\AppData\Local\Mozilla\Firefox\Profiles\uzjxbbj5.default-release\safebrowsing\google4\goog-badbinurl-proto.metadata,"""C:\Program Files\Mozilla Firefox\firefox.exe"" domclick.ru
PID:968",FileEvent,Read,2021-10-09 16:24:12.403,71
C:\Users\jpdz\AppData\Local\Mozilla\Firefox\Profiles\uzjxbbj5.default-release\safebrowsing\block-flashsubdoc-digest256.sbstore,"""C:\Program Files\Mozilla Firefox\firefox.exe"" domclick.ru
PID:968",FileEvent,Read,2021-10-09 16:24:12.401,2576
C:\Users\jpdz\AppData\Roaming\Mozilla\Firefox\Profiles\uzjxbbj5.default-release\places.sqlite-shm,"""C:\Program Files\Mozilla Firefox\firefox.exe"" domclick.ru
PID:968",FileEvent,Read,2021-10-09 16:24:09.476,32768
C:\Users\jpdz\AppData\Local\Mozilla\Firefox\Profiles\uzjxbbj5.default-release\safebrowsing\mozplugin-block-digest256.sbstore,"""C:\Program Files\Mozilla Firefox\firefox.exe"" domclick.ru
PID:968",FileEvent,Read,2021-10-09 16:24:12.402,338
C:\Users\jpdz\AppData\Local\Mozilla\Firefox\Profiles\uzjxbbj5.default-release\safebrowsing\google4\goog-badbinurl-proto.vlpset,"""C:\Program Files\Mozilla Firefox\firefox.exe"" domclick.ru
PID:968",FileEvent,Read,2021-10-09 16:24:12.280,393216
"""C:\Program Files\Mozilla Firefox\firefox.exe"" domclick.ru
PID:968",C:\Users\jpdz\AppData\Roaming\Mozilla\Firefox\Profiles\uzjxbbj5.default-release\storage.sqlite-journal,FileEvent,Delete,2021-10-09 16:24:13.835,0
C:\Users\jpdz\AppData\Roaming\Mozilla\Firefox\Profiles\uzjxbbj5.default-release\storage.sqlite-journal,"""C:\Program Files\Mozilla Firefox\firefox.exe"" domclick.ru
PID:968",FileEvent,Read,2021-10-09 16:24:13.24,8
"""C:\Program Files\Mozilla Firefox\firefox.exe"" domclick.ru
PID:968",C:\Users\jpdz\AppData\Roaming\Mozilla\Firefox\Profiles\uzjxbbj5.default-release\storage.sqlite-journal,FileEvent,Write,2021-10-09 16:24:13.24,17492
"""C:\Program Files\Mozilla Firefox\firefox.exe"" domclick.ru
PID:968",C:\Users\jpdz\AppData\Local\Mozilla\Firefox\Profiles\uzjxbbj5.default-release\cache2\entries\6D89348819C8881868053197CA0754F36784BF5F,FileEvent,Write,2021-10-09 16:24:13.47,41848
C:\Users\jpdz\AppData\Local\Mozilla\Firefox\Profiles\uzjxbbj5.default-release\cache2\entries\6D89348819C8881868053197CA0754F36784BF5F,"""C:\Program Files\Mozilla Firefox\firefox.exe"" domclick.ru
PID:968",FileEvent,Read,2021-10-09 16:24:13.44,8378
C:\Users\jpdz\AppData\Roaming\Mozilla\Firefox\Profiles\uzjxbbj5.default-release\storage\permanent\chrome\idb\2823318777ntouromlalnodry--naod.sqlite,"""C:\Program Files\Mozilla Firefox\firefox.exe"" domclick.ru
PID:968",FileEvent,Read,2021-10-09 16:24:13.848,37064
"""C:\Program Files\Mozilla Firefox\firefox.exe"" domclick.ru
PID:968",C:\Users\jpdz\AppData\Local\Mozilla\Firefox\Profiles\uzjxbbj5.default-release\cache2\entries\F81F3EF2C9C31A0E22CE4DB903B6759B4ECEB195,FileEvent,Write,2021-10-09 16:24:14.289,31026
C:\Program Files\Mozilla Firefox\api-ms-win-crt-runtime-l1-1-0.dll,"""C:\Program Files\Mozilla Firefox\firefox.exe"" domclick.ru
PID:968",FileEvent,Read,2021-10-09 16:24:08.752,65536
C:\Users\jpdz\AppData\Roaming\Mozilla\Firefox\Profiles\uzjxbbj5.default-release\content-prefs.sqlite,"""C:\Program Files\Mozilla Firefox\firefox.exe"" domclick.ru
PID:968",FileEvent,Read,2021-10-09 16:24:15.47,65684
C:\Users\jpdz\AppData\Roaming\Mozilla\Firefox\Profiles\uzjxbbj5.default-release\search.json.mozlz4,"""C:\Program Files\Mozilla Firefox\firefox.exe"" domclick.ru
PID:968",FileEvent,Read,2021-10-09 16:24:09.83,187
"""C:\Program Files\Mozilla Firefox\firefox.exe"" domclick.ru
PID:968",C:\Users\jpdz\AppData\Roaming\Mozilla\Firefox\Profiles\uzjxbbj5.default-release\search.json.mozlz4,FileEvent,Write,2021-10-09 16:24:13.302,187
C:\Users\jpdz\AppData\Local\Mozilla\Firefox\Profiles\uzjxbbj5.default-release\safebrowsing\base-cryptomining-track-digest256.sbstore,"""C:\Program Files\Mozilla Firefox\firefox.exe"" domclick.ru
PID:968",FileEvent,Read,2021-10-09 16:24:12.398,314
C:\Users\jpdz\AppData\Local\Mozilla\Firefox\Profiles\uzjxbbj5.default-release\safebrowsing\social-tracking-protection-linkedin-digest256.sbstore,"""C:\Program Files\Mozilla Firefox\firefox.exe"" domclick.ru
PID:968",FileEvent,Read,2021-10-09 16:24:12.402,244
"""C:\Program Files\Mozilla Firefox\firefox.exe"" domclick.ru
PID:968",C:\Users\jpdz\AppData\Local\Mozilla\Firefox\Profiles\uzjxbbj5.default-release\cache2\doomed\6793,FileEvent,Delete,2021-10-09 16:24:14.152,0
C:\Users\jpdz\AppData\Local\Mozilla\Firefox\Profiles\uzjxbbj5.default-release\safebrowsing\block-flash-digest256.sbstore,"""C:\Program Files\Mozilla Firefox\firefox.exe"" domclick.ru
PID:968",FileEvent,Read,2021-10-09 16:24:12.398,451
C:\Users\jpdz\AppData\Roaming\Mozilla\Firefox\Profiles\uzjxbbj5.default-release\datareporting\state.json,"""C:\Program Files\Mozilla Firefox\firefox.exe"" domclick.ru
PID:968",FileEvent,Read,2021-10-09 16:24:12.390,51
"""C:\Program Files\Mozilla Firefox\firefox.exe"" domclick.ru
PID:968",203.208.40.97,IpChannelEvent,TcpIpConnect,2021-10-09 16:24:37.201,0
203.208.40.97,"""C:\Program Files\Mozilla Firefox\firefox.exe"" domclick.ru
PID:968",IpChannelEvent,TcpIpRecv,2021-10-09 16:24:37.275,27219
"""C:\Program Files\Mozilla Firefox\firefox.exe"" domclick.ru
PID:968",203.208.40.97,IpChannelEvent,TcpIpSend,2021-10-09 16:24:37.275,3217
"""C:\Program Files\Mozilla Firefox\firefox.exe"" domclick.ru
PID:968",125.220.192.143,IpChannelEvent,TcpIpConnect,2021-10-09 16:24:09.201,0
125.220.192.143,"""C:\Program Files\Mozilla Firefox\firefox.exe"" domclick.ru
PID:968",IpChannelEvent,TcpIpRecv,2021-10-09 16:24:09.230,3462
"""C:\Program Files\Mozilla Firefox\firefox.exe"" domclick.ru
PID:968",125.220.192.143,IpChannelEvent,TcpIpSend,2021-10-09 16:24:09.230,602
"""C:\Program Files\Mozilla Firefox\firefox.exe"" domclick.ru
PID:968",125.220.192.143,IpChannelEvent,TcpIpDisconnect,2021-10-09 16:24:12.251,0
125.220.192.143,"""C:\Program Files\Mozilla Firefox\firefox.exe"" domclick.ru
PID:968",IpChannelEvent,TcpIpRecv,2021-10-09 16:24:09.637,311
C:\Users\jpdz\AppData\Local\Mozilla\Firefox\Profiles\uzjxbbj5.default-release\safebrowsing\base-fingerprinting-track-digest256.vlpset,"""C:\Program Files\Mozilla Firefox\firefox.exe"" domclick.ru
PID:968",FileEvent,Read,2021-10-09 16:24:12.274,3717
C:\Users\jpdz\AppData\Local\Mozilla\Firefox\Profiles\uzjxbbj5.default-release\safebrowsing\social-tracking-protection-twitter-digest256.sbstore,"""C:\Program Files\Mozilla Firefox\firefox.exe"" domclick.ru
PID:968",FileEvent,Read,2021-10-09 16:24:12.402,247
"""C:\Program Files\Mozilla Firefox\firefox.exe"" domclick.ru
PID:968",213.180.204.90,IpChannelEvent,TcpIpConnect,2021-10-09 16:24:37.386,0
"""C:\Program Files\Mozilla Firefox\firefox.exe"" domclick.ru
PID:968",213.180.204.90,IpChannelEvent,TcpIpDisconnect,2021-10-09 16:24:38.291,0
"""C:\Program Files\Mozilla Firefox\firefox.exe"" domclick.ru
PID:968",213.180.204.90,IpChannelEvent,TcpIpSend,2021-10-09 16:24:37.581,835
213.180.204.90,"""C:\Program Files\Mozilla Firefox\firefox.exe"" domclick.ru
PID:968",IpChannelEvent,TcpIpRecv,2021-10-09 16:24:37.692,4499
"""C:\Program Files\Mozilla Firefox\firefox.exe"" domclick.ru
PID:968",151.101.194.217,IpChannelEvent,TcpIpConnect,2021-10-09 16:24:30.41,0
151.101.194.217,"""C:\Program Files\Mozilla Firefox\firefox.exe"" domclick.ru
PID:968",IpChannelEvent,TcpIpRecv,2021-10-09 16:24:30.84,15272
"""C:\Program Files\Mozilla Firefox\firefox.exe"" domclick.ru
PID:968",151.101.194.217,IpChannelEvent,TcpIpSend,2021-10-09 16:24:30.84,1159
"""C:\Program Files\Mozilla Firefox\firefox.exe"" domclick.ru
PID:968",144.76.219.93,IpChannelEvent,TcpIpConnect,2021-10-09 16:24:31.380,0
144.76.219.93,"""C:\Program Files\Mozilla Firefox\firefox.exe"" domclick.ru
PID:968",IpChannelEvent,TcpIpRecv,2021-10-09 16:24:31.665,4932
"""C:\Program Files\Mozilla Firefox\firefox.exe"" domclick.ru
PID:968",144.76.219.93,IpChannelEvent,TcpIpSend,2021-10-09 16:24:31.516,1315
"""C:\Program Files\Mozilla Firefox\firefox.exe"" domclick.ru
PID:968",34.107.221.82,IpChannelEvent,TcpIpConnect,2021-10-09 16:24:12.413,0
"""C:\Program Files\Mozilla Firefox\firefox.exe"" domclick.ru
PID:968",34.107.221.82,IpChannelEvent,TcpIpDisconnect,2021-10-09 16:24:28.90,0
"""C:\Program Files\Mozilla Firefox\firefox.exe"" domclick.ru
PID:968",34.107.221.82,IpChannelEvent,TcpIpSend,2021-10-09 16:24:12.441,335
34.107.221.82,"""C:\Program Files\Mozilla Firefox\firefox.exe"" domclick.ru
PID:968",IpChannelEvent,TcpIpRecv,2021-10-09 16:24:12.453,220
C:\Users\jpdz\AppData\Local\Mozilla\Firefox\Profiles\uzjxbbj5.default-release\safebrowsing\social-tracking-protection-linkedin-digest256.vlpset,"""C:\Program Files\Mozilla Firefox\firefox.exe"" domclick.ru
PID:968",FileEvent,Read,2021-10-09 16:24:12.283,133
"""C:\Program Files\Mozilla Firefox\firefox.exe"" domclick.ru
PID:968",C:\Users\jpdz\AppData\Roaming\Mozilla\Firefox\Profiles\uzjxbbj5.default-release\storage\default\moz-extension+++7b7c287d-b9ee-4c40-99c0-63c5bd847cee^userContextId=4294967295\idb\3647222921wleabcEoxlt-eengsairo.sqlite-wal,FileEvent,Delete,2021-10-09 16:24:13.837,0
"""C:\Program Files\Mozilla Firefox\firefox.exe"" domclick.ru
PID:968",C:\Users\jpdz\AppData\Roaming\Mozilla\Firefox\Profiles\uzjxbbj5.default-release\storage\default\moz-extension+++7b7c287d-b9ee-4c40-99c0-63c5bd847cee^userContextId=4294967295\idb\3647222921wleabcEoxlt-eengsairo.sqlite-wal,FileEvent,Delete,2021-10-09 16:24:25.896,0
"""C:\Program Files\Mozilla Firefox\firefox.exe"" domclick.ru
PID:968",117.18.237.29,IpChannelEvent,TcpIpConnect,2021-10-09 16:24:09.518,0
"""C:\Program Files\Mozilla Firefox\firefox.exe"" domclick.ru
PID:968",117.18.237.29,IpChannelEvent,TcpIpDisconnect,2021-10-09 16:24:28.89,0
117.18.237.29,"""C:\Program Files\Mozilla Firefox\firefox.exe"" domclick.ru
PID:968",IpChannelEvent,TcpIpRecv,2021-10-09 16:24:09.556,3994
"""C:\Program Files\Mozilla Firefox\firefox.exe"" domclick.ru
PID:968",117.18.237.29,IpChannelEvent,TcpIpSend,2021-10-09 16:24:09.556,2280
"""C:\Program Files\Mozilla Firefox\firefox.exe"" domclick.ru
PID:968",178.248.234.210,IpChannelEvent,TcpIpConnect,2021-10-09 16:24:30.465,0
"""C:\Program Files\Mozilla Firefox\firefox.exe"" domclick.ru
PID:968",178.248.234.210,IpChannelEvent,TcpIpSend,2021-10-09 16:24:30.509,1338
178.248.234.210,"""C:\Program Files\Mozilla Firefox\firefox.exe"" domclick.ru
PID:968",IpChannelEvent,TcpIpRecv,2021-10-09 16:24:30.633,15076
"""C:\Program Files\Mozilla Firefox\firefox.exe"" domclick.ru
PID:968",213.180.204.90,IpChannelEvent,TcpIpConnect,2021-10-09 16:24:37.118,0
"""C:\Program Files\Mozilla Firefox\firefox.exe"" domclick.ru
PID:968",213.180.204.90,IpChannelEvent,TcpIpSend,2021-10-09 16:24:37.325,18203
213.180.204.90,"""C:\Program Files\Mozilla Firefox\firefox.exe"" domclick.ru
PID:968",IpChannelEvent,TcpIpRecv,2021-10-09 16:24:37.421,19222
C:\Users\jpdz\AppData\Local\Mozilla\Firefox\Profiles\uzjxbbj5.default-release\cache2\entries\E863DEE39AB0EF279CE01AF8C128F96010854FC3,"""C:\Program Files\Mozilla Firefox\firefox.exe"" domclick.ru
PID:968",FileEvent,Read,2021-10-09 16:24:13.243,12676
"""C:\Program Files\Mozilla Firefox\firefox.exe"" domclick.ru
PID:968",C:\Users\jpdz\AppData\Local\Mozilla\Firefox\Profiles\uzjxbbj5.default-release\cache2\entries\E863DEE39AB0EF279CE01AF8C128F96010854FC3,FileEvent,Write,2021-10-09 16:24:13.245,63374
C:\Users\jpdz\AppData\Local\Mozilla\Firefox\Profiles\uzjxbbj5.default-release\safebrowsing\mozstd-trackwhite-digest256.vlpset,"""C:\Program Files\Mozilla Firefox\firefox.exe"" domclick.ru
PID:968",FileEvent,Read,2021-10-09 16:24:12.281,655360
C:\Users\jpdz\AppData\Roaming\Mozilla\Firefox\Profiles\uzjxbbj5.default-release\security_state\data.safe.bin,"""C:\Program Files\Mozilla Firefox\firefox.exe"" domclick.ru
PID:968",FileEvent,Read,2021-10-09 16:24:09.351,1222667
"""C:\Program Files\Mozilla Firefox\firefox.exe"" domclick.ru
PID:968",213.180.204.90,IpChannelEvent,TcpIpConnect,2021-10-09 16:24:37.378,0
"""C:\Program Files\Mozilla Firefox\firefox.exe"" domclick.ru
PID:968",213.180.204.90,IpChannelEvent,TcpIpDisconnect,2021-10-09 16:24:38.285,0
"""C:\Program Files\Mozilla Firefox\firefox.exe"" domclick.ru
PID:968",213.180.204.90,IpChannelEvent,TcpIpSend,2021-10-09 16:24:37.583,835
213.180.204.90,"""C:\Program Files\Mozilla Firefox\firefox.exe"" domclick.ru
PID:968",IpChannelEvent,TcpIpRecv,2021-10-09 16:24:37.685,4499
"""C:\Program Files\Mozilla Firefox\firefox.exe"" domclick.ru
PID:968",35.244.247.133,IpChannelEvent,TcpIpConnect,2021-10-09 16:24:13.105,0
"""C:\Program Files\Mozilla Firefox\firefox.exe"" domclick.ru
PID:968",35.244.247.133,IpChannelEvent,TcpIpDisconnect,2021-10-09 16:24:28.92,0
35.244.247.133,"""C:\Program Files\Mozilla Firefox\firefox.exe"" domclick.ru
PID:968",IpChannelEvent,TcpIpRecv,2021-10-09 16:24:13.160,4155
"""C:\Program Files\Mozilla Firefox\firefox.exe"" domclick.ru
PID:968",35.244.247.133,IpChannelEvent,TcpIpSend,2021-10-09 16:24:13.160,3682
C:\Windows\System32\avicap32.dll,"""C:\Program Files\Mozilla Firefox\firefox.exe"" domclick.ru
PID:968",FileEvent,Read,2021-10-09 16:24:29.540,32768
"""C:\Program Files\Mozilla Firefox\firefox.exe"" domclick.ru
PID:968",C:\Users\jpdz\AppData\Local\Mozilla\Firefox\Profiles\uzjxbbj5.default-release\cache2\doomed\27285,FileEvent,Delete,2021-10-09 16:24:14.152,0
"""C:\Program Files\Mozilla Firefox\firefox.exe"" domclick.ru
PID:968",178.154.131.215,IpChannelEvent,TcpIpConnect,2021-10-09 16:24:37.28,0
"""C:\Program Files\Mozilla Firefox\firefox.exe"" domclick.ru
PID:968",178.154.131.215,IpChannelEvent,TcpIpDisconnect,2021-10-09 16:24:38.274,0
"""C:\Program Files\Mozilla Firefox\firefox.exe"" domclick.ru
PID:968",178.154.131.215,IpChannelEvent,TcpIpSend,2021-10-09 16:24:37.67,808
178.154.131.215,"""C:\Program Files\Mozilla Firefox\firefox.exe"" domclick.ru
PID:968",IpChannelEvent,TcpIpRecv,2021-10-09 16:24:37.334,5358
C:\Users\jpdz\AppData\Roaming\Mozilla\Firefox\Profiles\uzjxbbj5.default-release\handlers.json,"""C:\Program Files\Mozilla Firefox\firefox.exe"" domclick.ru
PID:968",FileEvent,Read,2021-10-09 16:24:12.456,733
"""C:\Program Files\Mozilla Firefox\firefox.exe"" domclick.ru
PID:968",127.0.0.1,IpChannelEvent,TcpIpAccept,2021-10-09 16:24:08.824,0
127.0.0.1,"""C:\Program Files\Mozilla Firefox\firefox.exe"" domclick.ru
PID:968",IpChannelEvent,TcpIpRecv,2021-10-09 16:24:08.824,35
127.0.0.1,"""C:\Program Files\Mozilla Firefox\firefox.exe"" domclick.ru
PID:968",IpChannelEvent,TcpIpRecv,2021-10-09 16:24:09.518,2372
"""C:\Program Files\Mozilla Firefox\firefox.exe"" domclick.ru
PID:968",C:\Users\jpdz\AppData\Roaming\Mozilla\Firefox\Profiles\uzjxbbj5.default-release\storage\default\moz-extension+++0c3666b5-67b1-4855-b50d-d5fbfc0d2874^userContextId=4294967295\idb\3647222921wleabcEoxlt-eengsairo.sqlite-wal,FileEvent,Delete,2021-10-09 16:24:13.839,0
"""C:\Program Files\Mozilla Firefox\firefox.exe"" domclick.ru
PID:968",C:\Users\jpdz\AppData\Roaming\Mozilla\Firefox\Profiles\uzjxbbj5.default-release\storage\default\moz-extension+++0c3666b5-67b1-4855-b50d-d5fbfc0d2874^userContextId=4294967295\idb\3647222921wleabcEoxlt-eengsairo.sqlite-wal,FileEvent,Delete,2021-10-09 16:24:36.895,0
C:\Users\jpdz\AppData\Roaming\Mozilla\Firefox\Profiles\uzjxbbj5.default-release\storage\default\moz-extension+++0c3666b5-67b1-4855-b50d-d5fbfc0d2874^userContextId=4294967295\idb\3647222921wleabcEoxlt-eengsairo.sqlite-wal,"""C:\Program Files\Mozilla Firefox\firefox.exe"" domclick.ru
PID:968",FileEvent,Read,2021-10-09 16:24:22.741,4096
"""C:\Program Files\Mozilla Firefox\firefox.exe"" domclick.ru
PID:968",C:\Users\jpdz\AppData\Roaming\Mozilla\Firefox\Profiles\uzjxbbj5.default-release\storage\default\moz-extension+++0c3666b5-67b1-4855-b50d-d5fbfc0d2874^userContextId=4294967295\idb\3647222921wleabcEoxlt-eengsairo.sqlite-wal,FileEvent,Write,2021-10-09 16:24:14.262,53400
C:\Users\jpdz\AppData\Local\Mozilla\Firefox\Profiles\uzjxbbj5.default-release\safebrowsing\except-flashallow-digest256.sbstore,"""C:\Program Files\Mozilla Firefox\firefox.exe"" domclick.ru
PID:968",FileEvent,Read,2021-10-09 16:24:12.401,236
C:\Program Files\Mozilla Firefox\api-ms-win-crt-locale-l1-1-0.dll,"""C:\Program Files\Mozilla Firefox\firefox.exe"" domclick.ru
PID:968",FileEvent,Read,2021-10-09 16:24:08.755,65536
C:\Program Files\Mozilla Firefox\mozglue.dll,"""C:\Program Files\Mozilla Firefox\firefox.exe"" domclick.ru
PID:968",FileEvent,Read,2021-10-09 16:24:08.753,589824
"""C:\Program Files\Mozilla Firefox\firefox.exe"" domclick.ru
PID:968",178.248.234.210,IpChannelEvent,TcpIpConnect,2021-10-09 16:24:12.799,0
"""C:\Program Files\Mozilla Firefox\firefox.exe"" domclick.ru
PID:968",178.248.234.210,IpChannelEvent,TcpIpDisconnect,2021-10-09 16:24:28.213,0
178.248.234.210,"""C:\Program Files\Mozilla Firefox\firefox.exe"" domclick.ru
PID:968",IpChannelEvent,TcpIpRecv,2021-10-09 16:24:14.448,375
"""C:\Program Files\Mozilla Firefox\firefox.exe"" domclick.ru
PID:968",178.248.234.210,IpChannelEvent,TcpIpSend,2021-10-09 16:24:13.942,463
"""C:\Program Files\Mozilla Firefox\firefox.exe"" domclick.ru
PID:968",5.45.205.241,IpChannelEvent,TcpIpConnect,2021-10-09 16:24:33.299,0
5.45.205.241,"""C:\Program Files\Mozilla Firefox\firefox.exe"" domclick.ru
PID:968",IpChannelEvent,TcpIpRecv,2021-10-09 16:24:37.755,1747
"""C:\Program Files\Mozilla Firefox\firefox.exe"" domclick.ru
PID:968",5.45.205.241,IpChannelEvent,TcpIpSend,2021-10-09 16:24:37.581,928
"""C:\Program Files\Mozilla Firefox\firefox.exe"" domclick.ru
PID:968",127.0.0.1,IpChannelEvent,TcpIpConnect,2021-10-09 16:24:08.824,0
"""C:\Program Files\Mozilla Firefox\firefox.exe"" domclick.ru
PID:968",127.0.0.1,IpChannelEvent,TcpIpSend,2021-10-09 16:24:08.824,34
"""C:\Program Files\Mozilla Firefox\firefox.exe"" domclick.ru
PID:968",127.0.0.1,IpChannelEvent,TcpIpSend,2021-10-09 16:24:09.518,2373
"""C:\Program Files\Mozilla Firefox\firefox.exe"" domclick.ru
PID:968",121.194.10.78,IpChannelEvent,TcpIpConnect,2021-10-09 16:24:14.298,0
"""C:\Program Files\Mozilla Firefox\firefox.exe"" domclick.ru
PID:968",121.194.10.78,IpChannelEvent,TcpIpDisconnect,2021-10-09 16:24:28.55,0
121.194.10.78,"""C:\Program Files\Mozilla Firefox\firefox.exe"" domclick.ru
PID:968",IpChannelEvent,TcpIpRecv,2021-10-09 16:24:14.301,2187
"""C:\Program Files\Mozilla Firefox\firefox.exe"" domclick.ru
PID:968",121.194.10.78,IpChannelEvent,TcpIpSend,2021-10-09 16:24:14.301,478
"""C:\Program Files\Mozilla Firefox\firefox.exe"" domclick.ru
PID:968",C:\Users\jpdz\AppData\Local\Mozilla\Firefox\Profiles\uzjxbbj5.default-release\cache2\index,FileEvent,Write,2021-10-09 16:24:08.922,8
C:\Users\jpdz\AppData\Local\Mozilla\Firefox\Profiles\uzjxbbj5.default-release\cache2\index,"""C:\Program Files\Mozilla Firefox\firefox.exe"" domclick.ru
PID:968",FileEvent,Read,2021-10-09 16:24:08.921,348
C:\Program Files\Mozilla Firefox\api-ms-win-crt-math-l1-1-0.dll,"""C:\Program Files\Mozilla Firefox\firefox.exe"" domclick.ru
PID:968",FileEvent,Read,2021-10-09 16:24:08.752,65536
"""C:\Program Files\Mozilla Firefox\firefox.exe"" domclick.ru
PID:968",92.223.76.254,IpChannelEvent,TcpIpConnect,2021-10-09 16:24:30.433,0
"""C:\Program Files\Mozilla Firefox\firefox.exe"" domclick.ru
PID:968",92.223.76.254,IpChannelEvent,TcpIpDisconnect,2021-10-09 16:24:31.231,0
"""C:\Program Files\Mozilla Firefox\firefox.exe"" domclick.ru
PID:968",92.223.76.254,IpChannelEvent,TcpIpSend,2021-10-09 16:24:30.493,808
92.223.76.254,"""C:\Program Files\Mozilla Firefox\firefox.exe"" domclick.ru
PID:968",IpChannelEvent,TcpIpRecv,2021-10-09 16:24:30.493,6049
C:\Program Files\Mozilla Firefox\api-ms-win-crt-stdio-l1-1-0.dll,"""C:\Program Files\Mozilla Firefox\firefox.exe"" domclick.ru
PID:968",FileEvent,Read,2021-10-09 16:24:08.752,65536
C:\Windows\System32\msvfw32.dll,"""C:\Program Files\Mozilla Firefox\firefox.exe"" domclick.ru
PID:968",FileEvent,Read,2021-10-09 16:24:29.506,32768
"""C:\Program Files\Mozilla Firefox\firefox.exe"" domclick.ru
PID:968",104.18.31.182,IpChannelEvent,TcpIpConnect,2021-10-09 16:24:30.838,0
104.18.31.182,"""C:\Program Files\Mozilla Firefox\firefox.exe"" domclick.ru
PID:968",IpChannelEvent,TcpIpRecv,2021-10-09 16:24:31.145,939
"""C:\Program Files\Mozilla Firefox\firefox.exe"" domclick.ru
PID:968",104.18.31.182,IpChannelEvent,TcpIpSend,2021-10-09 16:24:31.19,456
C:\Users\jpdz\AppData\Roaming\Mozilla\Firefox\Profiles\profiles.log,"""C:\Program Files\Mozilla Firefox\firefox.exe"" domclick.ru
PID:968",FileEvent,Read,2021-10-09 16:24:14.106,16384
"""C:\Program Files\Mozilla Firefox\firefox.exe"" domclick.ru
PID:968",C:\Users\jpdz\AppData\Local\Temp\firefox,FileEvent,Delete,2021-10-09 16:24:08.973,0
C:\Program Files\Mozilla Firefox\api-ms-win-crt-utility-l1-1-0.dll,"""C:\Program Files\Mozilla Firefox\firefox.exe"" domclick.ru
PID:968",FileEvent,Read,2021-10-09 16:24:08.753,65536
"""C:\Program Files\Mozilla Firefox\firefox.exe"" domclick.ru
PID:968",121.194.10.74,IpChannelEvent,TcpIpConnect,2021-10-09 16:24:14.278,0
"""C:\Program Files\Mozilla Firefox\firefox.exe"" domclick.ru
PID:968",121.194.10.74,IpChannelEvent,TcpIpDisconnect,2021-10-09 16:24:28.57,0
"""C:\Program Files\Mozilla Firefox\firefox.exe"" domclick.ru
PID:968",121.194.10.74,IpChannelEvent,TcpIpSend,2021-10-09 16:24:14.285,1153
121.194.10.74,"""C:\Program Files\Mozilla Firefox\firefox.exe"" domclick.ru
PID:968",IpChannelEvent,TcpIpRecv,2021-10-09 16:24:14.285,5983
"""C:\Program Files\Mozilla Firefox\firefox.exe"" domclick.ru
PID:968",178.248.234.210,IpChannelEvent,TcpIpConnect,2021-10-09 16:24:33.253,0
"""C:\Program Files\Mozilla Firefox\firefox.exe"" domclick.ru
PID:968",178.248.234.210,IpChannelEvent,TcpIpSend,2021-10-09 16:24:33.298,1636
178.248.234.210,"""C:\Program Files\Mozilla Firefox\firefox.exe"" domclick.ru
PID:968",IpChannelEvent,TcpIpRecv,2021-10-09 16:24:33.433,6851
"""C:\Program Files\Mozilla Firefox\firefox.exe"" domclick.ru
PID:968",C:\Users\jpdz\AppData\Roaming\Mozilla\Firefox\Profiles\uzjxbbj5.default-release\datareporting\glean\tmp\d23a3307-c2fe-43d0-90be-fe43b30a042e,FileEvent,Write,2021-10-09 16:24:13.30,1173
"""C:\Program Files\Mozilla Firefox\firefox.exe"" domclick.ru
PID:968",113.142.81.208,IpChannelEvent,TcpIpConnect,2021-10-09 16:24:17.784,0
"""C:\Program Files\Mozilla Firefox\firefox.exe"" domclick.ru
PID:968",113.142.81.208,IpChannelEvent,TcpIpDisconnect,2021-10-09 16:24:19.714,0
113.142.81.208,"""C:\Program Files\Mozilla Firefox\firefox.exe"" domclick.ru
PID:968",IpChannelEvent,TcpIpRecv,2021-10-09 16:24:17.839,4456
"""C:\Program Files\Mozilla Firefox\firefox.exe"" domclick.ru
PID:968",113.142.81.208,IpChannelEvent,TcpIpSend,2021-10-09 16:24:17.839,811
"""C:\Program Files\Mozilla Firefox\firefox.exe"" domclick.ru
PID:968",C:\Users\jpdz\AppData\Roaming\Mozilla\Firefox\Profiles\uzjxbbj5.default-release\cookies.sqlite-wal,FileEvent,Delete,2021-10-09 16:24:08.925,0
C:\Users\jpdz\AppData\Roaming\Mozilla\Firefox\Profiles\UZJXBB~1.DEF\pkcs11.txt,"""C:\Program Files\Mozilla Firefox\firefox.exe"" domclick.ru
PID:968",FileEvent,Read,2021-10-09 16:24:09.108,8192
C:\Program Files\Mozilla Firefox\lgpllibs.dll,"""C:\Program Files\Mozilla Firefox\firefox.exe"" domclick.ru
PID:968",FileEvent,Read,2021-10-09 16:24:08.755,65536
C:\Users\jpdz\AppData\Roaming\Mozilla\Firefox\Profiles\uzjxbbj5.default-release\addonStartup.json.lz4,"""C:\Program Files\Mozilla Firefox\firefox.exe"" domclick.ru
PID:968",FileEvent,Read,2021-10-09 16:24:08.846,5706
C:\Users\jpdz\AppData\Local\Mozilla\Firefox\Profiles\uzjxbbj5.default-release\safebrowsing\block-flash-digest256.vlpset,"""C:\Program Files\Mozilla Firefox\firefox.exe"" domclick.ru
PID:968",FileEvent,Read,2021-10-09 16:24:12.274,6661
C:\Users\jpdz\AppData\Local\Mozilla\Firefox\Profiles\uzjxbbj5.default-release\safebrowsing\except-flashsubdoc-digest256.vlpset,"""C:\Program Files\Mozilla Firefox\firefox.exe"" domclick.ru
PID:968",FileEvent,Read,2021-10-09 16:24:12.275,133
"""C:\Program Files\Mozilla Firefox\firefox.exe"" domclick.ru
PID:968","""C:\Program Files\Mozilla Firefox\firefox.exe"" -contentproc --channel=""968.1.758942388\1208024258"" -childID 1 -isForBrowser -prefsHandle 2272 -prefMapHandle 2268 -prefsLen 3677 -prefMapSize 252743 -jsInit 812 286204 -parentBuildID 20210927210923 -appdir ""C:\Program Files\Mozilla Firefox\browser"" - 968 ""\\.\pipe\gecko-crash-server-pipe.968"" 2284 160bd648 tab
PID:1356",ProcessEvent,Create,2021-10-09 16:24:09.345,
"""C:\Program Files\Mozilla Firefox\firefox.exe"" domclick.ru
PID:968",C:\Users\jpdz\AppData\Local\Mozilla\Firefox\Profiles\uzjxbbj5.default-release\cache2\entries\BEEAF9180B0A032DEE75D356EF60C8A42A21E761,FileEvent,Write,2021-10-09 16:24:13.48,44153
C:\Users\jpdz\AppData\Local\Mozilla\Firefox\Profiles\uzjxbbj5.default-release\cache2\entries\BEEAF9180B0A032DEE75D356EF60C8A42A21E761,"""C:\Program Files\Mozilla Firefox\firefox.exe"" domclick.ru
PID:968",FileEvent,Read,2021-10-09 16:24:13.48,9135
C:\Windows\system32\ExplorerFrame.dll,"""C:\Program Files\Mozilla Firefox\firefox.exe"" domclick.ru
PID:968",FileEvent,Read,2021-10-09 16:24:08.843,1507328
"""C:\Program Files\Mozilla Firefox\firefox.exe"" domclick.ru
PID:968",C:\Users\jpdz\AppData\Local\Mozilla\Firefox\Profiles\uzjxbbj5.default-release\cache2\entries\3C61513447BC13E3FAEE27886221968D4FD164A0,FileEvent,Write,2021-10-09 16:24:13.811,17432
"""C:\Program Files\Mozilla Firefox\firefox.exe"" domclick.ru
PID:968",92.223.76.254,IpChannelEvent,TcpIpConnect,2021-10-09 16:24:30.426,0
"""C:\Program Files\Mozilla Firefox\firefox.exe"" domclick.ru
PID:968",92.223.76.254,IpChannelEvent,TcpIpSend,2021-10-09 16:24:30.469,1520
92.223.76.254,"""C:\Program Files\Mozilla Firefox\firefox.exe"" domclick.ru
PID:968",IpChannelEvent,TcpIpRecv,2021-10-09 16:24:30.469,106692
"""C:\Program Files\Mozilla Firefox\firefox.exe"" domclick.ru
PID:968",5.45.205.241,IpChannelEvent,TcpIpConnect,2021-10-09 16:24:33.41,0
5.45.205.241,"""C:\Program Files\Mozilla Firefox\firefox.exe"" domclick.ru
PID:968",IpChannelEvent,TcpIpRecv,2021-10-09 16:24:33.335,6984
"""C:\Program Files\Mozilla Firefox\firefox.exe"" domclick.ru
PID:968",5.45.205.241,IpChannelEvent,TcpIpSend,2021-10-09 16:24:33.298,1856
"""C:\Program Files\Mozilla Firefox\firefox.exe"" domclick.ru
PID:968",C:\Users\jpdz\AppData\Local\Mozilla\Firefox\Profiles\uzjxbbj5.default-release\cache2\entries\AFC00A876EDDC334218BCEFC2A62F85E70EB2427,FileEvent,Write,2021-10-09 16:24:15.712,34781
C:\Users\jpdz\AppData\Local\Mozilla\Firefox\Profiles\uzjxbbj5.default-release\safebrowsing\google4\goog-downloadwhite-proto.vlpset,"""C:\Program Files\Mozilla Firefox\firefox.exe"" domclick.ru
PID:968",FileEvent,Read,2021-10-09 16:24:12.280,34085
C:\Users\jpdz\AppData\Roaming\Mozilla\Firefox\Profiles\uzjxbbj5.default-release\serviceworker.txt,"""C:\Program Files\Mozilla Firefox\firefox.exe"" domclick.ru
PID:968",FileEvent,Read,2021-10-09 16:24:08.977,8192
C:\Users\jpdz\AppData\Local\Mozilla\Firefox\Profiles\uzjxbbj5.default-release\settings\main\ms-language-packs\asrouter.ftl,"""C:\Program Files\Mozilla Firefox\firefox.exe"" domclick.ru
PID:968",FileEvent,Read,2021-10-09 16:24:14.259,49957
"""C:\Program Files\Mozilla Firefox\firefox.exe"" domclick.ru
PID:968",203.208.41.101,IpChannelEvent,TcpIpConnect,2021-10-09 16:24:37.205,0
"""C:\Program Files\Mozilla Firefox\firefox.exe"" domclick.ru
PID:968",203.208.41.101,IpChannelEvent,TcpIpDisconnect,2021-10-09 16:24:38.237,0
203.208.41.101,"""C:\Program Files\Mozilla Firefox\firefox.exe"" domclick.ru
PID:968",IpChannelEvent,TcpIpRecv,2021-10-09 16:24:37.283,5358
"""C:\Program Files\Mozilla Firefox\firefox.exe"" domclick.ru
PID:968",203.208.41.101,IpChannelEvent,TcpIpSend,2021-10-09 16:24:37.283,1379
C:\Users\jpdz\AppData\Local\Mozilla\Firefox\Profiles\uzjxbbj5.default-release\safebrowsing\google4\goog-malware-proto.vlpset,"""C:\Program Files\Mozilla Firefox\firefox.exe"" domclick.ru
PID:968",FileEvent,Read,2021-10-09 16:24:12.280,393216
C:\Users\jpdz\AppData\Roaming\Mozilla\Firefox\Profiles\uzjxbbj5.default-release\storage\default\moz-extension+++0c3666b5-67b1-4855-b50d-d5fbfc0d2874^userContextId=4294967295\idb\3647222921wleabcEoxlt-eengsairo.sqlite,"""C:\Program Files\Mozilla Firefox\firefox.exe"" domclick.ru
PID:968",FileEvent,Read,2021-10-09 16:24:13.838,37064
"""C:\Program Files\Mozilla Firefox\firefox.exe"" domclick.ru
PID:968",C:\Users\jpdz\AppData\Roaming\Mozilla\Firefox\Profiles\uzjxbbj5.default-release\storage\default\moz-extension+++0c3666b5-67b1-4855-b50d-d5fbfc0d2874^userContextId=4294967295\idb\3647222921wleabcEoxlt-eengsairo.sqlite,FileEvent,Write,2021-10-09 16:24:22.741,8192
C:\Program Files\Mozilla Firefox\api-ms-win-crt-heap-l1-1-0.dll,"""C:\Program Files\Mozilla Firefox\firefox.exe"" domclick.ru
PID:968",FileEvent,Read,2021-10-09 16:24:08.753,65536
C:\Windows\Prefetch\FIREFOX.EXE-A606B53C.pf,"""C:\Program Files\Mozilla Firefox\firefox.exe"" -contentproc --channel=""968.3.1745197640\2000344211"" -childID 2 -isForBrowser -prefsHandle 2600 -prefMapHandle 2596 -prefsLen 9071 -prefMapSize 252743 -jsInit 812 286204 -parentBuildID 20210927210923 -appdir ""C:\Program Files\Mozilla Firefox\browser"" - 968 ""\\.\pipe\gecko-crash-server-pipe.968"" 2612 1a75d108 tab
PID:2868",FileEvent,Read,2021-10-09 16:24:12.411,61006
C:\Program Files\Mozilla Firefox\dependentlibs.list,"""C:\Program Files\Mozilla Firefox\firefox.exe"" -contentproc --channel=""968.3.1745197640\2000344211"" -childID 2 -isForBrowser -prefsHandle 2600 -prefMapHandle 2596 -prefsLen 9071 -prefMapSize 252743 -jsInit 812 286204 -parentBuildID 20210927210923 -appdir ""C:\Program Files\Mozilla Firefox\browser"" - 968 ""\\.\pipe\gecko-crash-server-pipe.968"" 2612 1a75d108 tab
PID:2868",FileEvent,Read,2021-10-09 16:24:12.453,8192
"""C:\Program Files\Mozilla Firefox\firefox.exe"" -contentproc --channel=""968.3.1745197640\2000344211"" -childID 2 -isForBrowser -prefsHandle 2600 -prefMapHandle 2596 -prefsLen 9071 -prefMapSize 252743 -jsInit 812 286204 -parentBuildID 20210927210923 -appdir ""C:\Program Files\Mozilla Firefox\browser"" - 968 ""\\.\pipe\gecko-crash-server-pipe.968"" 2612 1a75d108 tab
PID:2868",127.0.0.1,IpChannelEvent,TcpIpConnect,2021-10-09 16:24:12.537,0
"""C:\Program Files\Mozilla Firefox\firefox.exe"" -contentproc --channel=""968.3.1745197640\2000344211"" -childID 2 -isForBrowser -prefsHandle 2600 -prefMapHandle 2596 -prefsLen 9071 -prefMapSize 252743 -jsInit 812 286204 -parentBuildID 20210927210923 -appdir ""C:\Program Files\Mozilla Firefox\browser"" - 968 ""\\.\pipe\gecko-crash-server-pipe.968"" 2612 1a75d108 tab
PID:2868",127.0.0.1,IpChannelEvent,TcpIpSend,2021-10-09 16:24:12.537,48
"""C:\Program Files\Mozilla Firefox\firefox.exe"" -contentproc --channel=""968.3.1745197640\2000344211"" -childID 2 -isForBrowser -prefsHandle 2600 -prefMapHandle 2596 -prefsLen 9071 -prefMapSize 252743 -jsInit 812 286204 -parentBuildID 20210927210923 -appdir ""C:\Program Files\Mozilla Firefox\browser"" - 968 ""\\.\pipe\gecko-crash-server-pipe.968"" 2612 1a75d108 tab
PID:2868",127.0.0.1,IpChannelEvent,TcpIpAccept,2021-10-09 16:24:12.537,0
127.0.0.1,"""C:\Program Files\Mozilla Firefox\firefox.exe"" -contentproc --channel=""968.3.1745197640\2000344211"" -childID 2 -isForBrowser -prefsHandle 2600 -prefMapHandle 2596 -prefsLen 9071 -prefMapSize 252743 -jsInit 812 286204 -parentBuildID 20210927210923 -appdir ""C:\Program Files\Mozilla Firefox\browser"" - 968 ""\\.\pipe\gecko-crash-server-pipe.968"" 2612 1a75d108 tab
PID:2868",IpChannelEvent,TcpIpRecv,2021-10-09 16:24:12.537,48
"""C:\Program Files\Mozilla Firefox\firefox.exe"" -contentproc --channel=""968.3.1745197640\2000344211"" -childID 2 -isForBrowser -prefsHandle 2600 -prefMapHandle 2596 -prefsLen 9071 -prefMapSize 252743 -jsInit 812 286204 -parentBuildID 20210927210923 -appdir ""C:\Program Files\Mozilla Firefox\browser"" - 968 ""\\.\pipe\gecko-crash-server-pipe.968"" 2612 1a75d108 tab
PID:2868",C:\Users\jpdz\AppData\Local\Temp\mozilla-temp-files\mozilla-temp-41,FileEvent,Write,2021-10-09 16:24:13.78,98304
C:\Users\jpdz\AppData\Local\Temp\mozilla-temp-files\mozilla-temp-41,"""C:\Program Files\Mozilla Firefox\firefox.exe"" -contentproc --channel=""968.3.1745197640\2000344211"" -childID 2 -isForBrowser -prefsHandle 2600 -prefMapHandle 2596 -prefsLen 9071 -prefMapSize 252743 -jsInit 812 286204 -parentBuildID 20210927210923 -appdir ""C:\Program Files\Mozilla Firefox\browser"" - 968 ""\\.\pipe\gecko-crash-server-pipe.968"" 2612 1a75d108 tab
PID:2868",FileEvent,Read,2021-10-09 16:24:13.383,10000
C:\Windows\Prefetch\FIREFOX.EXE-A606B53C.pf,"""C:\Program Files\Mozilla Firefox\firefox.exe"" -contentproc --channel=""968.5.1520943886\555303493"" -parentBuildID 20210927210923 -prefsHandle 3276 -prefMapHandle 3272 -prefsLen 9770 -prefMapSize 252743 -appdir ""C:\Program Files\Mozilla Firefox\browser"" - 968 ""\\.\pipe\gecko-crash-server-pipe.968"" 3288 d3af2a8 rdd
PID:1628",FileEvent,Read,2021-10-09 16:24:12.912,61006
C:\Program Files\Mozilla Firefox\dependentlibs.list,"""C:\Program Files\Mozilla Firefox\firefox.exe"" -contentproc --channel=""968.5.1520943886\555303493"" -parentBuildID 20210927210923 -prefsHandle 3276 -prefMapHandle 3272 -prefsLen 9770 -prefMapSize 252743 -appdir ""C:\Program Files\Mozilla Firefox\browser"" - 968 ""\\.\pipe\gecko-crash-server-pipe.968"" 3288 d3af2a8 rdd
PID:1628",FileEvent,Read,2021-10-09 16:24:12.921,8192
C:\Windows\Prefetch\FIREFOX.EXE-A606B53C.pf,"""C:\Program Files\Mozilla Firefox\firefox.exe"" -contentproc --channel=""968.0.1533018050\1242954860"" -parentBuildID 20210927210923 -prefsHandle 1016 -prefMapHandle 1000 -prefsLen 1 -prefMapSize 252743 -appdir ""C:\Program Files\Mozilla Firefox\browser"" - 968 ""\\.\pipe\gecko-crash-server-pipe.968"" 1088 d3b1378 gpu
PID:320",FileEvent,Read,2021-10-09 16:24:08.874,61006
C:\Program Files\Mozilla Firefox\dependentlibs.list,"""C:\Program Files\Mozilla Firefox\firefox.exe"" -contentproc --channel=""968.0.1533018050\1242954860"" -parentBuildID 20210927210923 -prefsHandle 1016 -prefMapHandle 1000 -prefsLen 1 -prefMapSize 252743 -appdir ""C:\Program Files\Mozilla Firefox\browser"" - 968 ""\\.\pipe\gecko-crash-server-pipe.968"" 1088 d3b1378 gpu
PID:320",FileEvent,Read,2021-10-09 16:24:08.880,8192
"""C:\Program Files\Mozilla Firefox\firefox.exe"" -contentproc --channel=""968.8.1090616033\426827839"" -childID 3 -isForBrowser -prefsHandle 2588 -prefMapHandle 3088 -prefsLen 9927 -prefMapSize 252743 -jsInit 812 286204 -parentBuildID 20210927210923 -appdir ""C:\Program Files\Mozilla Firefox\browser"" - 968 ""\\.\pipe\gecko-crash-server-pipe.968"" 1388 1d8e4f78 tab
PID:2404",127.0.0.1,IpChannelEvent,TcpIpAccept,2021-10-09 16:24:13.515,0
127.0.0.1,"""C:\Program Files\Mozilla Firefox\firefox.exe"" -contentproc --channel=""968.8.1090616033\426827839"" -childID 3 -isForBrowser -prefsHandle 2588 -prefMapHandle 3088 -prefsLen 9927 -prefMapSize 252743 -jsInit 812 286204 -parentBuildID 20210927210923 -appdir ""C:\Program Files\Mozilla Firefox\browser"" - 968 ""\\.\pipe\gecko-crash-server-pipe.968"" 1388 1d8e4f78 tab
PID:2404",IpChannelEvent,TcpIpRecv,2021-10-09 16:24:13.515,2
"""C:\Program Files\Mozilla Firefox\firefox.exe"" -contentproc --channel=""968.8.1090616033\426827839"" -childID 3 -isForBrowser -prefsHandle 2588 -prefMapHandle 3088 -prefsLen 9927 -prefMapSize 252743 -jsInit 812 286204 -parentBuildID 20210927210923 -appdir ""C:\Program Files\Mozilla Firefox\browser"" - 968 ""\\.\pipe\gecko-crash-server-pipe.968"" 1388 1d8e4f78 tab
PID:2404",127.0.0.1,IpChannelEvent,TcpIpConnect,2021-10-09 16:24:13.515,0
"""C:\Program Files\Mozilla Firefox\firefox.exe"" -contentproc --channel=""968.8.1090616033\426827839"" -childID 3 -isForBrowser -prefsHandle 2588 -prefMapHandle 3088 -prefsLen 9927 -prefMapSize 252743 -jsInit 812 286204 -parentBuildID 20210927210923 -appdir ""C:\Program Files\Mozilla Firefox\browser"" - 968 ""\\.\pipe\gecko-crash-server-pipe.968"" 1388 1d8e4f78 tab
PID:2404",127.0.0.1,IpChannelEvent,TcpIpSend,2021-10-09 16:24:13.515,2
C:\Windows\Prefetch\FIREFOX.EXE-A606B53C.pf,"""C:\Program Files\Mozilla Firefox\firefox.exe"" -contentproc --channel=""968.8.1090616033\426827839"" -childID 3 -isForBrowser -prefsHandle 2588 -prefMapHandle 3088 -prefsLen 9927 -prefMapSize 252743 -jsInit 812 286204 -parentBuildID 20210927210923 -appdir ""C:\Program Files\Mozilla Firefox\browser"" - 968 ""\\.\pipe\gecko-crash-server-pipe.968"" 1388 1d8e4f78 tab
PID:2404",FileEvent,Read,2021-10-09 16:24:13.480,61006
C:\Program Files\Mozilla Firefox\dependentlibs.list,"""C:\Program Files\Mozilla Firefox\firefox.exe"" -contentproc --channel=""968.8.1090616033\426827839"" -childID 3 -isForBrowser -prefsHandle 2588 -prefMapHandle 3088 -prefsLen 9927 -prefMapSize 252743 -jsInit 812 286204 -parentBuildID 20210927210923 -appdir ""C:\Program Files\Mozilla Firefox\browser"" - 968 ""\\.\pipe\gecko-crash-server-pipe.968"" 1388 1d8e4f78 tab
PID:2404",FileEvent,Read,2021-10-09 16:24:13.494,8192
"""C:\Program Files\Mozilla Firefox\firefox.exe"" -contentproc --channel=""968.1.758942388\1208024258"" -childID 1 -isForBrowser -prefsHandle 2272 -prefMapHandle 2268 -prefsLen 3677 -prefMapSize 252743 -jsInit 812 286204 -parentBuildID 20210927210923 -appdir ""C:\Program Files\Mozilla Firefox\browser"" - 968 ""\\.\pipe\gecko-crash-server-pipe.968"" 2284 160bd648 tab
PID:1356",127.0.0.1,IpChannelEvent,TcpIpConnect,2021-10-09 16:24:09.400,0
"""C:\Program Files\Mozilla Firefox\firefox.exe"" -contentproc --channel=""968.1.758942388\1208024258"" -childID 1 -isForBrowser -prefsHandle 2272 -prefMapHandle 2268 -prefsLen 3677 -prefMapSize 252743 -jsInit 812 286204 -parentBuildID 20210927210923 -appdir ""C:\Program Files\Mozilla Firefox\browser"" - 968 ""\\.\pipe\gecko-crash-server-pipe.968"" 2284 160bd648 tab
PID:1356",127.0.0.1,IpChannelEvent,TcpIpSend,2021-10-09 16:24:09.400,2
"""C:\Program Files\Mozilla Firefox\firefox.exe"" -contentproc --channel=""968.1.758942388\1208024258"" -childID 1 -isForBrowser -prefsHandle 2272 -prefMapHandle 2268 -prefsLen 3677 -prefMapSize 252743 -jsInit 812 286204 -parentBuildID 20210927210923 -appdir ""C:\Program Files\Mozilla Firefox\browser"" - 968 ""\\.\pipe\gecko-crash-server-pipe.968"" 2284 160bd648 tab
PID:1356",127.0.0.1,IpChannelEvent,TcpIpSend,2021-10-09 16:24:14.611,1315
"""C:\Program Files\Mozilla Firefox\firefox.exe"" -contentproc --channel=""968.1.758942388\1208024258"" -childID 1 -isForBrowser -prefsHandle 2272 -prefMapHandle 2268 -prefsLen 3677 -prefMapSize 252743 -jsInit 812 286204 -parentBuildID 20210927210923 -appdir ""C:\Program Files\Mozilla Firefox\browser"" - 968 ""\\.\pipe\gecko-crash-server-pipe.968"" 2284 160bd648 tab
PID:1356",127.0.0.1,IpChannelEvent,TcpIpAccept,2021-10-09 16:24:09.400,0
127.0.0.1,"""C:\Program Files\Mozilla Firefox\firefox.exe"" -contentproc --channel=""968.1.758942388\1208024258"" -childID 1 -isForBrowser -prefsHandle 2272 -prefMapHandle 2268 -prefsLen 3677 -prefMapSize 252743 -jsInit 812 286204 -parentBuildID 20210927210923 -appdir ""C:\Program Files\Mozilla Firefox\browser"" - 968 ""\\.\pipe\gecko-crash-server-pipe.968"" 2284 160bd648 tab
PID:1356",IpChannelEvent,TcpIpRecv,2021-10-09 16:24:09.400,2
127.0.0.1,"""C:\Program Files\Mozilla Firefox\firefox.exe"" -contentproc --channel=""968.1.758942388\1208024258"" -childID 1 -isForBrowser -prefsHandle 2272 -prefMapHandle 2268 -prefsLen 3677 -prefMapSize 252743 -jsInit 812 286204 -parentBuildID 20210927210923 -appdir ""C:\Program Files\Mozilla Firefox\browser"" - 968 ""\\.\pipe\gecko-crash-server-pipe.968"" 2284 160bd648 tab
PID:1356",IpChannelEvent,TcpIpRecv,2021-10-09 16:24:14.611,1315
C:\Windows\Prefetch\FIREFOX.EXE-A606B53C.pf,"""C:\Program Files\Mozilla Firefox\firefox.exe"" -contentproc --channel=""968.1.758942388\1208024258"" -childID 1 -isForBrowser -prefsHandle 2272 -prefMapHandle 2268 -prefsLen 3677 -prefMapSize 252743 -jsInit 812 286204 -parentBuildID 20210927210923 -appdir ""C:\Program Files\Mozilla Firefox\browser"" - 968 ""\\.\pipe\gecko-crash-server-pipe.968"" 2284 160bd648 tab
PID:1356",FileEvent,Read,2021-10-09 16:24:09.359,61006
C:\Program Files\Mozilla Firefox\dependentlibs.list,"""C:\Program Files\Mozilla Firefox\firefox.exe"" -contentproc --channel=""968.1.758942388\1208024258"" -childID 1 -isForBrowser -prefsHandle 2272 -prefMapHandle 2268 -prefsLen 3677 -prefMapSize 252743 -jsInit 812 286204 -parentBuildID 20210927210923 -appdir ""C:\Program Files\Mozilla Firefox\browser"" - 968 ""\\.\pipe\gecko-crash-server-pipe.968"" 2284 160bd648 tab
PID:1356",FileEvent,Read,2021-10-09 16:24:09.379,8192
