start,end,eventtype,operationtype,time,ref.size
"""C:\Program Files\Mozilla Firefox\firefox.exe"" https://dteenergypayrollforstaff.weebly.com/
PID:1864",C:\Users\jpdz\AppData\Local\Mozilla\Firefox\Profiles\uzjxbbj5.default-release\cache2\doomed\4732,FileEvent,Delete,2021-10-09 16:24:15.596,0
C:\Program Files\Mozilla Firefox\api-ms-win-crt-multibyte-l1-1-0.dll,"""C:\Program Files\Mozilla Firefox\firefox.exe"" https://dteenergypayrollforstaff.weebly.com/
PID:1864",FileEvent,Read,2021-10-09 16:24:10.113,65536
"""C:\Program Files\Mozilla Firefox\firefox.exe"" https://dteenergypayrollforstaff.weebly.com/
PID:1864",121.194.10.78,IpChannelEvent,TcpIpConnect,2021-10-09 16:24:13.137,0
"""C:\Program Files\Mozilla Firefox\firefox.exe"" https://dteenergypayrollforstaff.weebly.com/
PID:1864",121.194.10.78,IpChannelEvent,TcpIpSend,2021-10-09 16:24:13.176,453
121.194.10.78,"""C:\Program Files\Mozilla Firefox\firefox.exe"" https://dteenergypayrollforstaff.weebly.com/
PID:1864",IpChannelEvent,TcpIpRecv,2021-10-09 16:24:13.189,1094
C:\Users\jpdz\AppData\Local\Mozilla\Firefox\Profiles\uzjxbbj5.default-release\safebrowsing\social-tracking-protection-facebook-digest256.vlpset,"""C:\Program Files\Mozilla Firefox\firefox.exe"" https://dteenergypayrollforstaff.weebly.com/
PID:1864",FileEvent,Read,2021-10-09 16:24:11.522,453
C:\Users\jpdz\AppData\Local\Mozilla\Firefox\Profiles\uzjxbbj5.default-release\safebrowsing\google4\goog-malware-proto.metadata,"""C:\Program Files\Mozilla Firefox\firefox.exe"" https://dteenergypayrollforstaff.weebly.com/
PID:1864",FileEvent,Read,2021-10-09 16:24:11.898,71
C:\Users\jpdz\AppData\Roaming\Mozilla\Firefox\Profiles\uzjxbbj5.default-release\storage\default\moz-extension+++0c3666b5-67b1-4855-b50d-d5fbfc0d2874^userContextId=4294967295\.metadata-v2,"""C:\Program Files\Mozilla Firefox\firefox.exe"" https://dteenergypayrollforstaff.weebly.com/
PID:1864",FileEvent,Read,2021-10-09 16:24:12.491,512
"""C:\Program Files\Mozilla Firefox\firefox.exe"" https://dteenergypayrollforstaff.weebly.com/
PID:1864",C:\Users\jpdz\AppData\Roaming\Mozilla\Firefox\Profiles\uzjxbbj5.default-release\storage\default\moz-extension+++0c3666b5-67b1-4855-b50d-d5fbfc0d2874^userContextId=4294967295\.metadata-v2,FileEvent,Write,2021-10-09 16:24:13.124,8
"""C:\Program Files\Mozilla Firefox\firefox.exe"" https://dteenergypayrollforstaff.weebly.com/
PID:1864",C:\Users\jpdz\AppData\Local\Mozilla\Firefox\Profiles\uzjxbbj5.default-release\cache2\entries\18E64FFFE781C861CC00B838EF65D0E2B543E535,FileEvent,Write,2021-10-09 16:24:11.984,26414
C:\Users\jpdz\AppData\Local\Mozilla\Firefox\Profiles\uzjxbbj5.default-release\safebrowsing\google-trackwhite-digest256.sbstore,"""C:\Program Files\Mozilla Firefox\firefox.exe"" https://dteenergypayrollforstaff.weebly.com/
PID:1864",FileEvent,Read,2021-10-09 16:24:11.896,46359
C:\Users\jpdz\AppData\Roaming\Mozilla\Firefox\Profiles\uzjxbbj5.default-release\extension-settings.json,"""C:\Program Files\Mozilla Firefox\firefox.exe"" https://dteenergypayrollforstaff.weebly.com/
PID:1864",FileEvent,Read,2021-10-09 16:24:10.439,284
C:\Users\jpdz\AppData\Roaming\Mozilla\Firefox\Profiles\uzjxbbj5.default-release\storage\permanent\chrome\idb\1451318868ntouromlalnodry--epcr.sqlite,"""C:\Program Files\Mozilla Firefox\firefox.exe"" https://dteenergypayrollforstaff.weebly.com/
PID:1864",FileEvent,Read,2021-10-09 16:24:10.444,37064
C:\Users\jpdz\AppData\Local\Mozilla\Firefox\Profiles\uzjxbbj5.default-release\safebrowsing\google-trackwhite-digest256.vlpset,"""C:\Program Files\Mozilla Firefox\firefox.exe"" https://dteenergypayrollforstaff.weebly.com/
PID:1864",FileEvent,Read,2021-10-09 16:24:11.515,3014656
C:\Users\jpdz\AppData\Roaming\Microsoft\Internet Explorer\Quick Launch\User Pinned\TaskBar\Firefox.lnk,"""C:\Program Files\Mozilla Firefox\firefox.exe"" https://dteenergypayrollforstaff.weebly.com/
PID:1864",FileEvent,Read,2021-10-09 16:24:11.922,4096
C:\Program Files\desktop.ini,"""C:\Program Files\Mozilla Firefox\firefox.exe"" https://dteenergypayrollforstaff.weebly.com/
PID:1864",FileEvent,Read,2021-10-09 16:24:11.926,176
C:\Users\jpdz\AppData\Roaming\Mozilla\Firefox\Profiles\uzjxbbj5.default-release\storage\default\moz-extension+++0424fd79-b62a-421f-bf32-0d1549ab34f2^userContextId=4294967295\idb\3647222921wleabcEoxlt-eengsairo.sqlite,"""C:\Program Files\Mozilla Firefox\firefox.exe"" https://dteenergypayrollforstaff.weebly.com/
PID:1864",FileEvent,Read,2021-10-09 16:24:17.793,37064
"""C:\Program Files\Mozilla Firefox\firefox.exe"" https://dteenergypayrollforstaff.weebly.com/
PID:1864",C:\Users\jpdz\AppData\Roaming\Mozilla\Firefox\Profiles\uzjxbbj5.default-release\storage\default\moz-extension+++0424fd79-b62a-421f-bf32-0d1549ab34f2^userContextId=4294967295\idb\3647222921wleabcEoxlt-eengsairo.sqlite,FileEvent,Write,2021-10-09 16:24:21.669,8192
"""C:\Program Files\Mozilla Firefox\firefox.exe"" https://dteenergypayrollforstaff.weebly.com/
PID:1864",C:\Users\jpdz\AppData\Roaming\Mozilla\Firefox\Profiles\uzjxbbj5.default-release\storage\default\moz-extension+++7b7c287d-b9ee-4c40-99c0-63c5bd847cee^userContextId=4294967295\idb\3647222921wleabcEoxlt-eengsairo.sqlite-shm,FileEvent,Delete,2021-10-09 16:24:13.123,0
"""C:\Program Files\Mozilla Firefox\firefox.exe"" https://dteenergypayrollforstaff.weebly.com/
PID:1864",C:\Users\jpdz\AppData\Roaming\Mozilla\Firefox\Profiles\uzjxbbj5.default-release\storage\default\moz-extension+++7b7c287d-b9ee-4c40-99c0-63c5bd847cee^userContextId=4294967295\idb\3647222921wleabcEoxlt-eengsairo.sqlite-shm,FileEvent,Delete,2021-10-09 16:24:25.84,0
C:\Users\jpdz\AppData\Roaming\Mozilla\Firefox\Profiles\uzjxbbj5.default-release\storage\default\moz-extension+++7b7c287d-b9ee-4c40-99c0-63c5bd847cee^userContextId=4294967295\idb\3647222921wleabcEoxlt-eengsairo.sqlite-shm,"""C:\Program Files\Mozilla Firefox\firefox.exe"" https://dteenergypayrollforstaff.weebly.com/
PID:1864",FileEvent,Read,2021-10-09 16:24:13.122,65536
C:\Users\jpdz\AppData\Local\Mozilla\Firefox\Profiles\uzjxbbj5.default-release\safebrowsing\base-cryptomining-track-digest256.vlpset,"""C:\Program Files\Mozilla Firefox\firefox.exe"" https://dteenergypayrollforstaff.weebly.com/
PID:1864",FileEvent,Read,2021-10-09 16:24:11.514,2277
"""C:\Program Files\Mozilla Firefox\firefox.exe"" https://dteenergypayrollforstaff.weebly.com/
PID:1864",121.194.10.91,IpChannelEvent,TcpIpConnect,2021-10-09 16:24:11.850,0
121.194.10.91,"""C:\Program Files\Mozilla Firefox\firefox.exe"" https://dteenergypayrollforstaff.weebly.com/
PID:1864",IpChannelEvent,TcpIpRecv,2021-10-09 16:24:11.916,647
"""C:\Program Files\Mozilla Firefox\firefox.exe"" https://dteenergypayrollforstaff.weebly.com/
PID:1864",121.194.10.91,IpChannelEvent,TcpIpSend,2021-10-09 16:24:11.916,365
"""C:\Program Files\Mozilla Firefox\firefox.exe"" https://dteenergypayrollforstaff.weebly.com/
PID:1864","""C:\Program Files\Mozilla Firefox\firefox.exe"" -contentproc --channel=""1864.0.419698110\1917328120"" -parentBuildID 20210927210923 -prefsHandle 1016 -prefMapHandle 988 -prefsLen 1 -prefMapSize 252743 -appdir ""C:\Program Files\Mozilla Firefox\browser"" - 1864 ""\\.\pipe\gecko-crash-server-pipe.1864"" 1088 ceb43d8 gpu
PID:2480",ProcessEvent,Create,2021-10-09 16:24:10.225,
C:\Users\jpdz\AppData\Roaming\Mozilla\Firefox\Profiles\uzjxbbj5.default-release\storage\permanent\chrome\.metadata-v2,"""C:\Program Files\Mozilla Firefox\firefox.exe"" https://dteenergypayrollforstaff.weebly.com/
PID:1864",FileEvent,Read,2021-10-09 16:24:10.440,512
C:\Users\jpdz\AppData\Local\Mozilla\Firefox\Profiles\uzjxbbj5.default-release\safebrowsing\analytics-track-digest256.sbstore,"""C:\Program Files\Mozilla Firefox\firefox.exe"" https://dteenergypayrollforstaff.weebly.com/
PID:1864",FileEvent,Read,2021-10-09 16:24:11.895,559
"""C:\Program Files\Mozilla Firefox\firefox.exe"" https://dteenergypayrollforstaff.weebly.com/
PID:1864",C:\Users\jpdz\AppData\Roaming\Mozilla\Firefox\Profiles\uzjxbbj5.default-release\storage\permanent\chrome\idb\2823318777ntouromlalnodry--naod.sqlite-shm,FileEvent,Delete,2021-10-09 16:24:11.985,0
"""C:\Program Files\Mozilla Firefox\firefox.exe"" https://dteenergypayrollforstaff.weebly.com/
PID:1864",C:\Users\jpdz\AppData\Roaming\Mozilla\Firefox\Profiles\uzjxbbj5.default-release\storage\permanent\chrome\idb\2823318777ntouromlalnodry--naod.sqlite-shm,FileEvent,Delete,2021-10-09 16:24:23.998,0
C:\Users\jpdz\AppData\Roaming\Mozilla\Firefox\Profiles\uzjxbbj5.default-release\storage\permanent\chrome\idb\2823318777ntouromlalnodry--naod.sqlite-shm,"""C:\Program Files\Mozilla Firefox\firefox.exe"" https://dteenergypayrollforstaff.weebly.com/
PID:1864",FileEvent,Read,2021-10-09 16:24:11.984,65536
C:\Users\jpdz\AppData\Roaming\Mozilla\Firefox\Profiles\uzjxbbj5.default-release\storage\ls-archive.sqlite,"""C:\Program Files\Mozilla Firefox\firefox.exe"" https://dteenergypayrollforstaff.weebly.com/
PID:1864",FileEvent,Read,2021-10-09 16:24:10.440,65684
"""C:\Program Files\Mozilla Firefox\firefox.exe"" https://dteenergypayrollforstaff.weebly.com/
PID:1864",125.220.192.143,IpChannelEvent,TcpIpConnect,2021-10-09 16:24:11.632,0
"""C:\Program Files\Mozilla Firefox\firefox.exe"" https://dteenergypayrollforstaff.weebly.com/
PID:1864",125.220.192.143,IpChannelEvent,TcpIpDisconnect,2021-10-09 16:24:12.50,0
"""C:\Program Files\Mozilla Firefox\firefox.exe"" https://dteenergypayrollforstaff.weebly.com/
PID:1864",125.220.192.143,IpChannelEvent,TcpIpSend,2021-10-09 16:24:11.665,811
125.220.192.143,"""C:\Program Files\Mozilla Firefox\firefox.exe"" https://dteenergypayrollforstaff.weebly.com/
PID:1864",IpChannelEvent,TcpIpRecv,2021-10-09 16:24:11.712,3696
"""C:\Program Files\Mozilla Firefox\firefox.exe"" https://dteenergypayrollforstaff.weebly.com/
PID:1864",C:\Users\jpdz\AppData\Roaming\Mozilla\Firefox\Profiles\uzjxbbj5.default-release\places.sqlite-wal,FileEvent,Write,2021-10-09 16:24:10.639,69712
"""C:\Program Files\Mozilla Firefox\firefox.exe"" https://dteenergypayrollforstaff.weebly.com/
PID:1864","""C:\Program Files\Mozilla Firefox\firefox.exe"" -contentproc --channel=""1864.5.1449453683\132676254"" -childID 3 -isForBrowser -prefsHandle 3520 -prefMapHandle 3516 -prefsLen 9770 -prefMapSize 252743 -jsInit 604 286204 -parentBuildID 20210927210923 -appdir ""C:\Program Files\Mozilla Firefox\browser"" - 1864 ""\\.\pipe\gecko-crash-server-pipe.1864"" 3532 1cadbf78 tab
PID:3060",ProcessEvent,Create,2021-10-09 16:24:12.562,
C:\Users\jpdz\AppData\Local\Mozilla\Firefox\Profiles\uzjxbbj5.default-release\safebrowsing\ads-track-digest256.vlpset,"""C:\Program Files\Mozilla Firefox\firefox.exe"" https://dteenergypayrollforstaff.weebly.com/
PID:1864",FileEvent,Read,2021-10-09 16:24:11.514,55877
C:\Users\jpdz\AppData\Local\Mozilla\Firefox\Profiles\uzjxbbj5.default-release\safebrowsing\analytics-track-digest256.vlpset,"""C:\Program Files\Mozilla Firefox\firefox.exe"" https://dteenergypayrollforstaff.weebly.com/
PID:1864",FileEvent,Read,2021-10-09 16:24:11.514,10021
C:\Users\jpdz\AppData\Roaming\Mozilla\Firefox\Profiles\uzjxbbj5.default-release\prefs.js,"""C:\Program Files\Mozilla Firefox\firefox.exe"" https://dteenergypayrollforstaff.weebly.com/
PID:1864",FileEvent,Read,2021-10-09 16:24:10.185,20224
"""C:\Program Files\Mozilla Firefox\firefox.exe"" https://dteenergypayrollforstaff.weebly.com/
PID:1864",125.220.192.143,IpChannelEvent,TcpIpConnect,2021-10-09 16:24:17.614,0
"""C:\Program Files\Mozilla Firefox\firefox.exe"" https://dteenergypayrollforstaff.weebly.com/
PID:1864",125.220.192.143,IpChannelEvent,TcpIpDisconnect,2021-10-09 16:24:17.831,0
125.220.192.143,"""C:\Program Files\Mozilla Firefox\firefox.exe"" https://dteenergypayrollforstaff.weebly.com/
PID:1864",IpChannelEvent,TcpIpRecv,2021-10-09 16:24:17.725,4456
"""C:\Program Files\Mozilla Firefox\firefox.exe"" https://dteenergypayrollforstaff.weebly.com/
PID:1864",125.220.192.143,IpChannelEvent,TcpIpSend,2021-10-09 16:24:17.686,811
"""C:\Program Files\Mozilla Firefox\firefox.exe"" https://dteenergypayrollforstaff.weebly.com/
PID:1864",C:\Users\jpdz\AppData\Roaming\Mozilla\Firefox\Profiles\uzjxbbj5.default-release\sessionCheckpoints.json.tmp,FileEvent,Write,2021-10-09 16:24:10.326,53
"""C:\Program Files\Mozilla Firefox\firefox.exe"" https://dteenergypayrollforstaff.weebly.com/
PID:1864",C:\Users\jpdz\AppData\Roaming\Mozilla\Firefox\Profiles\uzjxbbj5.default-release\sessionCheckpoints.json.tmp,FileEvent,Write,2021-10-09 16:24:11.466,90
C:\Users\jpdz\AppData\Local\Mozilla\Firefox\Profiles\uzjxbbj5.default-release\safebrowsing\allow-flashallow-digest256.vlpset,"""C:\Program Files\Mozilla Firefox\firefox.exe"" https://dteenergypayrollforstaff.weebly.com/
PID:1864",FileEvent,Read,2021-10-09 16:24:11.514,69
"""C:\Program Files\Mozilla Firefox\firefox.exe"" https://dteenergypayrollforstaff.weebly.com/
PID:1864",C:\Users\jpdz\AppData\Roaming\Mozilla\Firefox\Profiles\uzjxbbj5.default-release\cookies.sqlite-shm,FileEvent,Delete,2021-10-09 16:24:10.283,0
C:\Users\jpdz\AppData\Roaming\Mozilla\Firefox\Profiles\uzjxbbj5.default-release\cookies.sqlite-shm,"""C:\Program Files\Mozilla Firefox\firefox.exe"" https://dteenergypayrollforstaff.weebly.com/
PID:1864",FileEvent,Read,2021-10-09 16:24:10.283,65536
C:\Users\jpdz\AppData\Roaming\Mozilla\Firefox\Profiles\UZJXBB~1.DEF\cert9.db,"""C:\Program Files\Mozilla Firefox\firefox.exe"" https://dteenergypayrollforstaff.weebly.com/
PID:1864",FileEvent,Read,2021-10-09 16:24:10.487,65668
C:\Users\jpdz\AppData\Roaming\Mozilla\Firefox\Profiles\UZJXBB~1.DEF\cert9.db,"""C:\Program Files\Mozilla Firefox\firefox.exe"" https://dteenergypayrollforstaff.weebly.com/
PID:1864",FileEvent,Read,2021-10-09 16:24:10.817,68688
C:\Users\jpdz\AppData\Roaming\Mozilla\Firefox\Profiles\uzjxbbj5.default-release\places.sqlite,"""C:\Program Files\Mozilla Firefox\firefox.exe"" https://dteenergypayrollforstaff.weebly.com/
PID:1864",FileEvent,Read,2021-10-09 16:24:10.635,360648
"""C:\Program Files\Mozilla Firefox\firefox.exe"" https://dteenergypayrollforstaff.weebly.com/
PID:1864",C:\Users\jpdz\AppData\Roaming\Mozilla\Firefox\Profiles\uzjxbbj5.default-release\storage\permanent\chrome\idb\1451318868ntouromlalnodry--epcr.sqlite-wal,FileEvent,Delete,2021-10-09 16:24:10.445,0
"""C:\Program Files\Mozilla Firefox\firefox.exe"" https://dteenergypayrollforstaff.weebly.com/
PID:1864",C:\Users\jpdz\AppData\Roaming\Mozilla\Firefox\Profiles\uzjxbbj5.default-release\storage\permanent\chrome\idb\1451318868ntouromlalnodry--epcr.sqlite-wal,FileEvent,Delete,2021-10-09 16:24:23.997,0
C:\Users\jpdz\AppData\Roaming\Mozilla\Firefox\Profiles\uzjxbbj5.default-release\containers.json,"""C:\Program Files\Mozilla Firefox\firefox.exe"" https://dteenergypayrollforstaff.weebly.com/
PID:1864",FileEvent,Read,2021-10-09 16:24:11.891,939
"""C:\Program Files\Mozilla Firefox\firefox.exe"" https://dteenergypayrollforstaff.weebly.com/
PID:1864",C:\Users\jpdz\AppData\Local\Mozilla\Firefox\Profiles\uzjxbbj5.default-release\cache2\entries\57B37B24A38376F9641C889A63FEB7B81BE11A65,FileEvent,Write,2021-10-09 16:24:12.383,17624
"""C:\Program Files\Mozilla Firefox\firefox.exe"" https://dteenergypayrollforstaff.weebly.com/
PID:1864",C:\ProgramData\Mozilla\updates\308046B0AF4A39CB\update.test,FileEvent,Delete,2021-10-09 16:24:12.401,0
"""C:\Program Files\Mozilla Firefox\firefox.exe"" https://dteenergypayrollforstaff.weebly.com/
PID:1864",C:\Users\jpdz\AppData\Roaming\Mozilla\Firefox\Profiles\uzjxbbj5.default-release\broadcast-listeners.json.tmp,FileEvent,Write,2021-10-09 16:24:18.677,216
"""C:\Program Files\Mozilla Firefox\firefox.exe"" https://dteenergypayrollforstaff.weebly.com/
PID:1864",C:\Users\jpdz\AppData\Roaming\Mozilla\Firefox\Profiles\uzjxbbj5.default-release\storage\permanent\chrome\idb\1451318868ntouromlalnodry--epcr.sqlite-shm,FileEvent,Delete,2021-10-09 16:24:10.445,0
C:\Users\jpdz\AppData\Roaming\Mozilla\Firefox\Profiles\uzjxbbj5.default-release\storage\permanent\chrome\idb\1451318868ntouromlalnodry--epcr.sqlite-shm,"""C:\Program Files\Mozilla Firefox\firefox.exe"" https://dteenergypayrollforstaff.weebly.com/
PID:1864",FileEvent,Read,2021-10-09 16:24:10.444,65536
"""C:\Program Files\Mozilla Firefox\firefox.exe"" https://dteenergypayrollforstaff.weebly.com/
PID:1864",C:\Users\jpdz\AppData\Roaming\Mozilla\Firefox\Profiles\uzjxbbj5.default-release\storage\permanent\chrome\idb\1451318868ntouromlalnodry--epcr.sqlite-shm,FileEvent,Delete,2021-10-09 16:24:23.997,0
"""C:\Program Files\Mozilla Firefox\firefox.exe"" https://dteenergypayrollforstaff.weebly.com/
PID:1864",54.148.50.161,IpChannelEvent,TcpIpConnect,2021-10-09 16:24:12.277,0
"""C:\Program Files\Mozilla Firefox\firefox.exe"" https://dteenergypayrollforstaff.weebly.com/
PID:1864",54.148.50.161,IpChannelEvent,TcpIpSend,2021-10-09 16:24:12.420,1456
54.148.50.161,"""C:\Program Files\Mozilla Firefox\firefox.exe"" https://dteenergypayrollforstaff.weebly.com/
PID:1864",IpChannelEvent,TcpIpRecv,2021-10-09 16:24:12.538,3801
C:\Users\jpdz\AppData\Roaming\Mozilla\Firefox\Profiles\uzjxbbj5.default-release\favicons.sqlite,"""C:\Program Files\Mozilla Firefox\firefox.exe"" https://dteenergypayrollforstaff.weebly.com/
PID:1864",FileEvent,Read,2021-10-09 16:24:10.636,360648
C:\Program Files\Mozilla Firefox\api-ms-win-crt-time-l1-1-0.dll,"""C:\Program Files\Mozilla Firefox\firefox.exe"" https://dteenergypayrollforstaff.weebly.com/
PID:1864",FileEvent,Read,2021-10-09 16:24:10.113,65536
C:\Users\jpdz\AppData\Local\Mozilla\Firefox\Profiles\uzjxbbj5.default-release\safebrowsing\mozstd-trackwhite-digest256.sbstore,"""C:\Program Files\Mozilla Firefox\firefox.exe"" https://dteenergypayrollforstaff.weebly.com/
PID:1864",FileEvent,Read,2021-10-09 16:24:11.896,9969
C:\Users\jpdz\AppData\Roaming\Mozilla\Firefox\Crash Reports\InstallTime20210927210923,"""C:\Program Files\Mozilla Firefox\firefox.exe"" https://dteenergypayrollforstaff.weebly.com/
PID:1864",FileEvent,Read,2021-10-09 16:24:10.171,10
"""C:\Program Files\Mozilla Firefox\firefox.exe"" https://dteenergypayrollforstaff.weebly.com/
PID:1864",C:\Users\jpdz\AppData\Local\Mozilla\Firefox\Profiles\uzjxbbj5.default-release\cache2\doomed\8547,FileEvent,Delete,2021-10-09 16:24:12.523,0
C:\Users\jpdz\AppData\Local\Mozilla\Firefox\Profiles\uzjxbbj5.default-release\safebrowsing\block-flashsubdoc-digest256.vlpset,"""C:\Program Files\Mozilla Firefox\firefox.exe"" https://dteenergypayrollforstaff.weebly.com/
PID:1864",FileEvent,Read,2021-10-09 16:24:11.515,262144
C:\Users\jpdz\AppData\Roaming\Mozilla\Firefox\Profiles\uzjxbbj5.default-release\storage.sqlite,"""C:\Program Files\Mozilla Firefox\firefox.exe"" https://dteenergypayrollforstaff.weebly.com/
PID:1864",FileEvent,Read,2021-10-09 16:24:10.440,2180
"""C:\Program Files\Mozilla Firefox\firefox.exe"" https://dteenergypayrollforstaff.weebly.com/
PID:1864",C:\Users\jpdz\AppData\Roaming\Mozilla\Firefox\Profiles\uzjxbbj5.default-release\storage.sqlite,FileEvent,Write,2021-10-09 16:24:12.949,4096
C:\Users\jpdz\AppData\Roaming\Mozilla\Firefox\Profiles\uzjxbbj5.default-release\storage.sqlite,"""C:\Program Files\Mozilla Firefox\firefox.exe"" https://dteenergypayrollforstaff.weebly.com/
PID:1864",FileEvent,Read,2021-10-09 16:24:12.491,3120
C:\Users\jpdz\AppData\Roaming\Mozilla\Firefox\Profiles\uzjxbbj5.default-release\storage\default\moz-extension+++7b7c287d-b9ee-4c40-99c0-63c5bd847cee^userContextId=4294967295\idb\3647222921wleabcEoxlt-eengsairo.sqlite,"""C:\Program Files\Mozilla Firefox\firefox.exe"" https://dteenergypayrollforstaff.weebly.com/
PID:1864",FileEvent,Read,2021-10-09 16:24:13.121,37064
"""C:\Program Files\Mozilla Firefox\firefox.exe"" https://dteenergypayrollforstaff.weebly.com/
PID:1864",C:\Users\jpdz\AppData\Local\Mozilla\Firefox\Profiles\uzjxbbj5.default-release\activity-stream.discovery_stream.json.tmp,FileEvent,Write,2021-10-09 16:24:11.866,244956
"""C:\Program Files\Mozilla Firefox\firefox.exe"" https://dteenergypayrollforstaff.weebly.com/
PID:1864",C:\Users\jpdz\AppData\Roaming\Mozilla\Firefox\Profiles\uzjxbbj5.default-release\storage\permanent\chrome\idb\3561288849sdhlie.sqlite-shm,FileEvent,Delete,2021-10-09 16:24:11.843,0
"""C:\Program Files\Mozilla Firefox\firefox.exe"" https://dteenergypayrollforstaff.weebly.com/
PID:1864",C:\Users\jpdz\AppData\Roaming\Mozilla\Firefox\Profiles\uzjxbbj5.default-release\storage\permanent\chrome\idb\3561288849sdhlie.sqlite-shm,FileEvent,Delete,2021-10-09 16:24:23.999,0
C:\Users\jpdz\AppData\Roaming\Mozilla\Firefox\Profiles\uzjxbbj5.default-release\storage\permanent\chrome\idb\3561288849sdhlie.sqlite-shm,"""C:\Program Files\Mozilla Firefox\firefox.exe"" https://dteenergypayrollforstaff.weebly.com/
PID:1864",FileEvent,Read,2021-10-09 16:24:11.843,65536
C:\Users\jpdz\AppData\Roaming\Mozilla\Firefox\Profiles\uzjxbbj5.default-release\gmp-widevinecdm\4.10.2209.1\manifest.json,"""C:\Program Files\Mozilla Firefox\firefox.exe"" https://dteenergypayrollforstaff.weebly.com/
PID:1864",FileEvent,Read,2021-10-09 16:24:10.552,373
"""C:\Program Files\Mozilla Firefox\firefox.exe"" https://dteenergypayrollforstaff.weebly.com/
PID:1864",C:\Users\jpdz\AppData\Roaming\Mozilla\Firefox\Profiles\uzjxbbj5.default-release\extension-settings.json.tmp,FileEvent,Write,2021-10-09 16:24:12.242,284
C:\Users\jpdz\AppData\Roaming\Mozilla\Firefox\Profiles\uzjxbbj5.default-release\SiteSecurityServiceState.txt,"""C:\Program Files\Mozilla Firefox\firefox.exe"" https://dteenergypayrollforstaff.weebly.com/
PID:1864",FileEvent,Read,2021-10-09 16:24:10.488,433
"""C:\Program Files\Mozilla Firefox\firefox.exe"" https://dteenergypayrollforstaff.weebly.com/
PID:1864",113.142.81.208,IpChannelEvent,TcpIpConnect,2021-10-09 16:24:11.950,0
113.142.81.208,"""C:\Program Files\Mozilla Firefox\firefox.exe"" https://dteenergypayrollforstaff.weebly.com/
PID:1864",IpChannelEvent,TcpIpRecv,2021-10-09 16:24:12.9,5402
"""C:\Program Files\Mozilla Firefox\firefox.exe"" https://dteenergypayrollforstaff.weebly.com/
PID:1864",113.142.81.208,IpChannelEvent,TcpIpSend,2021-10-09 16:24:12.9,1075
C:\Users\jpdz\AppData\Roaming\Mozilla\Firefox\Profiles\uzjxbbj5.default-release\addons.json,"""C:\Program Files\Mozilla Firefox\firefox.exe"" https://dteenergypayrollforstaff.weebly.com/
PID:1864",FileEvent,Read,2021-10-09 16:24:12.244,1022
"""C:\Program Files\Mozilla Firefox\firefox.exe"" https://dteenergypayrollforstaff.weebly.com/
PID:1864",C:\Users\jpdz\AppData\Local\Mozilla\Firefox\Profiles\uzjxbbj5.default-release\cache2\doomed\20303,FileEvent,Delete,2021-10-09 16:24:10.281,0
C:\Users\jpdz\AppData\Local\Mozilla\Firefox\Profiles\uzjxbbj5.default-release\safebrowsing\ads-track-digest256.sbstore,"""C:\Program Files\Mozilla Firefox\firefox.exe"" https://dteenergypayrollforstaff.weebly.com/
PID:1864",FileEvent,Read,2021-10-09 16:24:11.895,2019
C:\Program Files\Mozilla Firefox\api-ms-win-crt-filesystem-l1-1-0.dll,"""C:\Program Files\Mozilla Firefox\firefox.exe"" https://dteenergypayrollforstaff.weebly.com/
PID:1864",FileEvent,Read,2021-10-09 16:24:10.113,65536
"""C:\Program Files\Mozilla Firefox\firefox.exe"" https://dteenergypayrollforstaff.weebly.com/
PID:1864",13.227.254.89,IpChannelEvent,TcpIpConnect,2021-10-09 16:24:11.949,0
13.227.254.89,"""C:\Program Files\Mozilla Firefox\firefox.exe"" https://dteenergypayrollforstaff.weebly.com/
PID:1864",IpChannelEvent,TcpIpRecv,2021-10-09 16:24:12.71,9644
"""C:\Program Files\Mozilla Firefox\firefox.exe"" https://dteenergypayrollforstaff.weebly.com/
PID:1864",13.227.254.89,IpChannelEvent,TcpIpSend,2021-10-09 16:24:12.71,1102
"""C:\Program Files\Mozilla Firefox\firefox.exe"" https://dteenergypayrollforstaff.weebly.com/
PID:1864",C:\Users\jpdz\AppData\Roaming\Mozilla\Firefox\Profiles\uzjxbbj5.default-release\datareporting\glean\pending_pings\e0cad8ad-0683-4fde-9219-99d46d1aff42,FileEvent,Delete,2021-10-09 16:24:12.707,0
C:\Users\jpdz\AppData\Roaming\Mozilla\Firefox\Profiles\uzjxbbj5.default-release\datareporting\glean\pending_pings\e0cad8ad-0683-4fde-9219-99d46d1aff42,"""C:\Program Files\Mozilla Firefox\firefox.exe"" https://dteenergypayrollforstaff.weebly.com/
PID:1864",FileEvent,Read,2021-10-09 16:24:12.391,49152
"""C:\Program Files\Mozilla Firefox\firefox.exe"" https://dteenergypayrollforstaff.weebly.com/
PID:1864",C:\Users\jpdz\AppData\Roaming\Mozilla\Firefox\Profiles\uzjxbbj5.default-release\storage\permanent\chrome\idb\2918063365piupsah.sqlite-wal,FileEvent,Delete,2021-10-09 16:24:11.921,0
"""C:\Program Files\Mozilla Firefox\firefox.exe"" https://dteenergypayrollforstaff.weebly.com/
PID:1864",C:\Users\jpdz\AppData\Roaming\Mozilla\Firefox\Profiles\uzjxbbj5.default-release\storage\permanent\chrome\idb\2918063365piupsah.sqlite-wal,FileEvent,Delete,2021-10-09 16:24:25.83,0
"""C:\Program Files\Mozilla Firefox\firefox.exe"" https://dteenergypayrollforstaff.weebly.com/
PID:1864",C:\Users\jpdz\AppData\Roaming\Mozilla\Firefox\Profiles\uzjxbbj5.default-release\datareporting\glean\tmp\e0cad8ad-0683-4fde-9219-99d46d1aff42,FileEvent,Write,2021-10-09 16:24:12.391,4416
C:\Users\jpdz\AppData\Roaming\Microsoft\Network\Connections\Pbk\_hiddenPbk\rasphone.pbk,"""C:\Program Files\Mozilla Firefox\firefox.exe"" https://dteenergypayrollforstaff.weebly.com/
PID:1864",FileEvent,Read,2021-10-09 16:24:10.523,2048
C:\Users\jpdz\AppData\Local\Mozilla\Firefox\Profiles\uzjxbbj5.default-release\safebrowsing\social-track-digest256.sbstore,"""C:\Program Files\Mozilla Firefox\firefox.exe"" https://dteenergypayrollforstaff.weebly.com/
PID:1864",FileEvent,Read,2021-10-09 16:24:11.896,309
C:\Program Files\Mozilla Firefox\api-ms-win-crt-environment-l1-1-0.dll,"""C:\Program Files\Mozilla Firefox\firefox.exe"" https://dteenergypayrollforstaff.weebly.com/
PID:1864",FileEvent,Read,2021-10-09 16:24:10.113,65536
C:\Users\jpdz\AppData\Roaming\Mozilla\Firefox\Profiles\uzjxbbj5.default-release\datareporting\glean\db\data.safe.bin,"""C:\Program Files\Mozilla Firefox\firefox.exe"" https://dteenergypayrollforstaff.weebly.com/
PID:1864",FileEvent,Read,2021-10-09 16:24:12.263,2579
"""C:\Program Files\Mozilla Firefox\firefox.exe"" https://dteenergypayrollforstaff.weebly.com/
PID:1864",C:\Users\jpdz\AppData\Roaming\Mozilla\Firefox\Profiles\uzjxbbj5.default-release\datareporting\glean\db\data.safe.bin,FileEvent,Write,2021-10-09 16:24:12.388,46693
C:\Users\jpdz\AppData\Roaming\Mozilla\Firefox\Profiles\uzjxbbj5.default-release\storage\permanent\chrome\idb\2918063365piupsah.sqlite,"""C:\Program Files\Mozilla Firefox\firefox.exe"" https://dteenergypayrollforstaff.weebly.com/
PID:1864",FileEvent,Read,2021-10-09 16:24:11.920,41160
C:\Users\jpdz\AppData\Roaming\Mozilla\Firefox\profiles.ini,"""C:\Program Files\Mozilla Firefox\firefox.exe"" https://dteenergypayrollforstaff.weebly.com/
PID:1864",FileEvent,Read,2021-10-09 16:24:10.172,305
C:\Users\jpdz\AppData\Local\Mozilla\Firefox\Profiles\uzjxbbj5.default-release\safebrowsing\except-flash-digest256.sbstore,"""C:\Program Files\Mozilla Firefox\firefox.exe"" https://dteenergypayrollforstaff.weebly.com/
PID:1864",FileEvent,Read,2021-10-09 16:24:11.896,240
C:\Users\jpdz\AppData\Local\Mozilla\Firefox\Profiles\uzjxbbj5.default-release\safebrowsing\except-flash-digest256.vlpset,"""C:\Program Files\Mozilla Firefox\firefox.exe"" https://dteenergypayrollforstaff.weebly.com/
PID:1864",FileEvent,Read,2021-10-09 16:24:11.515,101
"""C:\Program Files\Mozilla Firefox\firefox.exe"" https://dteenergypayrollforstaff.weebly.com/
PID:1864",39.107.233.151,IpChannelEvent,TcpIpConnect,2021-10-09 16:24:15.527,0
"""C:\Program Files\Mozilla Firefox\firefox.exe"" https://dteenergypayrollforstaff.weebly.com/
PID:1864",39.107.233.151,IpChannelEvent,TcpIpSend,2021-10-09 16:24:15.574,532
39.107.233.151,"""C:\Program Files\Mozilla Firefox\firefox.exe"" https://dteenergypayrollforstaff.weebly.com/
PID:1864",IpChannelEvent,TcpIpRecv,2021-10-09 16:24:15.574,382
"""C:\Program Files\Mozilla Firefox\firefox.exe"" https://dteenergypayrollforstaff.weebly.com/
PID:1864",C:\Users\jpdz\AppData\Local\Mozilla\Firefox\Profiles\uzjxbbj5.default-release\cache2\doomed\11062,FileEvent,Delete,2021-10-09 16:24:15.596,0
"""C:\Program Files\Mozilla Firefox\firefox.exe"" https://dteenergypayrollforstaff.weebly.com/
PID:1864",C:\Users\jpdz\AppData\Local\Mozilla\Firefox\Profiles\uzjxbbj5.default-release\cache2\entries\1CFC4CCAC9427D69B33262944F85D84479ABA9C7,FileEvent,Write,2021-10-09 16:24:11.918,2871
C:\Users\jpdz\AppData\Local\Mozilla\Firefox\Profiles\uzjxbbj5.default-release\safebrowsing\google4\goog-downloadwhite-proto.metadata,"""C:\Program Files\Mozilla Firefox\firefox.exe"" https://dteenergypayrollforstaff.weebly.com/
PID:1864",FileEvent,Read,2021-10-09 16:24:11.898,69
"""C:\Program Files\Mozilla Firefox\firefox.exe"" https://dteenergypayrollforstaff.weebly.com/
PID:1864",C:\Users\jpdz\AppData\Roaming\Mozilla\Firefox\Profiles\uzjxbbj5.default-release\storage\permanent\chrome\idb\3870112724rsegmnoittet-es.sqlite-wal,FileEvent,Delete,2021-10-09 16:24:10.443,0
"""C:\Program Files\Mozilla Firefox\firefox.exe"" https://dteenergypayrollforstaff.weebly.com/
PID:1864",C:\Users\jpdz\AppData\Roaming\Mozilla\Firefox\Profiles\uzjxbbj5.default-release\storage\permanent\chrome\idb\3870112724rsegmnoittet-es.sqlite-wal,FileEvent,Delete,2021-10-09 16:24:31.794,0
"""C:\Program Files\Mozilla Firefox\firefox.exe"" https://dteenergypayrollforstaff.weebly.com/
PID:1864",C:\Users\jpdz\AppData\Roaming\Mozilla\Firefox\Profiles\uzjxbbj5.default-release\storage\permanent\chrome\idb\3870112724rsegmnoittet-es.sqlite-wal,FileEvent,Write,2021-10-09 16:24:14.374,480624
C:\Users\jpdz\AppData\Roaming\Mozilla\Firefox\Profiles\uzjxbbj5.default-release\storage\permanent\chrome\idb\3870112724rsegmnoittet-es.sqlite-wal,"""C:\Program Files\Mozilla Firefox\firefox.exe"" https://dteenergypayrollforstaff.weebly.com/
PID:1864",FileEvent,Read,2021-10-09 16:24:20.162,204800
"""C:\Program Files\Mozilla Firefox\firefox.exe"" https://dteenergypayrollforstaff.weebly.com/
PID:1864",C:\Users\jpdz\AppData\Roaming\Mozilla\Firefox\Profiles\uzjxbbj5.default-release\storage\permanent\chrome\idb\1657114595AmcateirvtiSty.sqlite-shm,FileEvent,Delete,2021-10-09 16:24:11.817,0
"""C:\Program Files\Mozilla Firefox\firefox.exe"" https://dteenergypayrollforstaff.weebly.com/
PID:1864",C:\Users\jpdz\AppData\Roaming\Mozilla\Firefox\Profiles\uzjxbbj5.default-release\storage\permanent\chrome\idb\1657114595AmcateirvtiSty.sqlite-shm,FileEvent,Delete,2021-10-09 16:24:25.85,0
C:\Users\jpdz\AppData\Roaming\Mozilla\Firefox\Profiles\uzjxbbj5.default-release\storage\permanent\chrome\idb\1657114595AmcateirvtiSty.sqlite-shm,"""C:\Program Files\Mozilla Firefox\firefox.exe"" https://dteenergypayrollforstaff.weebly.com/
PID:1864",FileEvent,Read,2021-10-09 16:24:11.816,65536
C:\Users\jpdz\AppData\Local\Mozilla\Firefox\Profiles\uzjxbbj5.default-release\safebrowsing\social-tracking-protection-facebook-digest256.sbstore,"""C:\Program Files\Mozilla Firefox\firefox.exe"" https://dteenergypayrollforstaff.weebly.com/
PID:1864",FileEvent,Read,2021-10-09 16:24:11.896,256
"""C:\Program Files\Mozilla Firefox\firefox.exe"" https://dteenergypayrollforstaff.weebly.com/
PID:1864",C:\Users\jpdz\AppData\Roaming\Mozilla\Firefox\Profiles\uzjxbbj5.default-release\addonStartup.json.lz4.tmp,FileEvent,Write,2021-10-09 16:24:14.189,5706
C:\Users\jpdz\AppData\Local\Mozilla\Firefox\Profiles\uzjxbbj5.default-release\cache2\entries\3B2DB0CC02AD1DD0C4C39368E12A8E60370437C4,"""C:\Program Files\Mozilla Firefox\firefox.exe"" https://dteenergypayrollforstaff.weebly.com/
PID:1864",FileEvent,Read,2021-10-09 16:24:12.38,10113
"""C:\Program Files\Mozilla Firefox\firefox.exe"" https://dteenergypayrollforstaff.weebly.com/
PID:1864",C:\Users\jpdz\AppData\Local\Mozilla\Firefox\Profiles\uzjxbbj5.default-release\cache2\entries\3B2DB0CC02AD1DD0C4C39368E12A8E60370437C4,FileEvent,Write,2021-10-09 16:24:12.288,59040
C:\Users\jpdz\AppData\Roaming\Mozilla\Firefox\Profiles\uzjxbbj5.default-release\gmp-gmpopenh264\1.8.1.1\gmpopenh264.info,"""C:\Program Files\Mozilla Firefox\firefox.exe"" https://dteenergypayrollforstaff.weebly.com/
PID:1864",FileEvent,Read,2021-10-09 16:24:10.552,116
C:\Users\jpdz\AppData\Roaming\Mozilla\Firefox\Profiles\uzjxbbj5.default-release\broadcast-listeners.json,"""C:\Program Files\Mozilla Firefox\firefox.exe"" https://dteenergypayrollforstaff.weebly.com/
PID:1864",FileEvent,Read,2021-10-09 16:24:12.3,216
"""C:\Program Files\Mozilla Firefox\firefox.exe"" https://dteenergypayrollforstaff.weebly.com/
PID:1864",C:\Users\jpdz\AppData\Local\Mozilla\Firefox\Profiles\uzjxbbj5.default-release\cache2\entries\8B5CCF916574398AB42C1F9D614CC9857D4B21FF,FileEvent,Write,2021-10-09 16:24:17.87,52564
C:\Program Files\Mozilla Firefox\api-ms-win-crt-string-l1-1-0.dll,"""C:\Program Files\Mozilla Firefox\firefox.exe"" https://dteenergypayrollforstaff.weebly.com/
PID:1864",FileEvent,Read,2021-10-09 16:24:10.113,65536
C:\Users\jpdz\AppData\Local\Mozilla\Firefox\Profiles\uzjxbbj5.default-release\cache2\entries\58076067EBEB56951E5BA3FCA84F5F2CE2203F7A,"""C:\Program Files\Mozilla Firefox\firefox.exe"" https://dteenergypayrollforstaff.weebly.com/
PID:1864",FileEvent,Read,2021-10-09 16:24:11.551,24887
"""C:\Program Files\Mozilla Firefox\firefox.exe"" https://dteenergypayrollforstaff.weebly.com/
PID:1864",C:\Users\jpdz\AppData\Local\Mozilla\Firefox\Profiles\uzjxbbj5.default-release\cache2\entries\58076067EBEB56951E5BA3FCA84F5F2CE2203F7A,FileEvent,Write,2021-10-09 16:24:11.559,84935
"""C:\Program Files\Mozilla Firefox\firefox.exe"" https://dteenergypayrollforstaff.weebly.com/
PID:1864",C:\Users\jpdz\AppData\Local\Temp\firefox\parent.lock,FileEvent,Delete,2021-10-09 16:24:10.327,0
"""C:\Program Files\Mozilla Firefox\firefox.exe"" https://dteenergypayrollforstaff.weebly.com/
PID:1864",C:\Users\jpdz\AppData\Roaming\Mozilla\Firefox\Profiles\uzjxbbj5.default-release\prefs-1.js,FileEvent,Write,2021-10-09 16:24:11.527,141440
C:\Users\jpdz\AppData\Roaming\Mozilla\Firefox\Profiles\uzjxbbj5.default-release\storage\default\moz-extension+++7b7c287d-b9ee-4c40-99c0-63c5bd847cee^userContextId=4294967295\.metadata-v2,"""C:\Program Files\Mozilla Firefox\firefox.exe"" https://dteenergypayrollforstaff.weebly.com/
PID:1864",FileEvent,Read,2021-10-09 16:24:12.492,512
"""C:\Program Files\Mozilla Firefox\firefox.exe"" https://dteenergypayrollforstaff.weebly.com/
PID:1864",C:\Users\jpdz\AppData\Roaming\Mozilla\Firefox\Profiles\uzjxbbj5.default-release\storage\default\moz-extension+++0424fd79-b62a-421f-bf32-0d1549ab34f2^userContextId=4294967295\idb\3647222921wleabcEoxlt-eengsairo.sqlite-wal,FileEvent,Delete,2021-10-09 16:24:17.794,0
"""C:\Program Files\Mozilla Firefox\firefox.exe"" https://dteenergypayrollforstaff.weebly.com/
PID:1864",C:\Users\jpdz\AppData\Roaming\Mozilla\Firefox\Profiles\uzjxbbj5.default-release\storage\default\moz-extension+++0424fd79-b62a-421f-bf32-0d1549ab34f2^userContextId=4294967295\idb\3647222921wleabcEoxlt-eengsairo.sqlite-wal,FileEvent,Delete,2021-10-09 16:24:31.797,0
"""C:\Program Files\Mozilla Firefox\firefox.exe"" https://dteenergypayrollforstaff.weebly.com/
PID:1864",C:\Users\jpdz\AppData\Roaming\Mozilla\Firefox\Profiles\uzjxbbj5.default-release\storage\default\moz-extension+++0424fd79-b62a-421f-bf32-0d1549ab34f2^userContextId=4294967295\idb\3647222921wleabcEoxlt-eengsairo.sqlite-wal,FileEvent,Write,2021-10-09 16:24:17.815,20560
C:\Users\jpdz\AppData\Roaming\Mozilla\Firefox\Profiles\uzjxbbj5.default-release\storage\default\moz-extension+++0424fd79-b62a-421f-bf32-0d1549ab34f2^userContextId=4294967295\idb\3647222921wleabcEoxlt-eengsairo.sqlite-wal,"""C:\Program Files\Mozilla Firefox\firefox.exe"" https://dteenergypayrollforstaff.weebly.com/
PID:1864",FileEvent,Read,2021-10-09 16:24:21.668,4096
C:\Users\jpdz\AppData\Roaming\Mozilla\Firefox\Profiles\uzjxbbj5.default-release\shield-preference-experiments.json,"""C:\Program Files\Mozilla Firefox\firefox.exe"" https://dteenergypayrollforstaff.weebly.com/
PID:1864",FileEvent,Read,2021-10-09 16:24:10.594,18
C:\Program Files\Mozilla Firefox\gmp-clearkey\0.1\manifest.json,"""C:\Program Files\Mozilla Firefox\firefox.exe"" https://dteenergypayrollforstaff.weebly.com/
PID:1864",FileEvent,Read,2021-10-09 16:24:10.552,229
C:\Users\jpdz\AppData\Local\Mozilla\Firefox\Profiles\uzjxbbj5.default-release\safebrowsing\allow-flashallow-digest256.sbstore,"""C:\Program Files\Mozilla Firefox\firefox.exe"" https://dteenergypayrollforstaff.weebly.com/
PID:1864",FileEvent,Read,2021-10-09 16:24:11.895,236
C:\Users\jpdz\AppData\Roaming\Mozilla\Firefox\Profiles\uzjxbbj5.default-release\times.json,"""C:\Program Files\Mozilla Firefox\firefox.exe"" https://dteenergypayrollforstaff.weebly.com/
PID:1864",FileEvent,Read,2021-10-09 16:24:10.354,50
C:\Users\jpdz\AppData\Roaming\Mozilla\Firefox\Profiles\uzjxbbj5.default-release\storage\permanent\chrome\idb\3561288849sdhlie.sqlite,"""C:\Program Files\Mozilla Firefox\firefox.exe"" https://dteenergypayrollforstaff.weebly.com/
PID:1864",FileEvent,Read,2021-10-09 16:24:11.842,37064
"""C:\Program Files\Mozilla Firefox\firefox.exe"" https://dteenergypayrollforstaff.weebly.com/
PID:1864",C:\Users\jpdz\AppData\Roaming\Mozilla\Firefox\Profiles\uzjxbbj5.default-release\storage\permanent\chrome\idb\2918063365piupsah.sqlite-shm,FileEvent,Delete,2021-10-09 16:24:11.921,0
"""C:\Program Files\Mozilla Firefox\firefox.exe"" https://dteenergypayrollforstaff.weebly.com/
PID:1864",C:\Users\jpdz\AppData\Roaming\Mozilla\Firefox\Profiles\uzjxbbj5.default-release\storage\permanent\chrome\idb\2918063365piupsah.sqlite-shm,FileEvent,Delete,2021-10-09 16:24:25.83,0
C:\Users\jpdz\AppData\Roaming\Mozilla\Firefox\Profiles\uzjxbbj5.default-release\storage\permanent\chrome\idb\2918063365piupsah.sqlite-shm,"""C:\Program Files\Mozilla Firefox\firefox.exe"" https://dteenergypayrollforstaff.weebly.com/
PID:1864",FileEvent,Read,2021-10-09 16:24:11.921,65536
"""C:\Program Files\Mozilla Firefox\firefox.exe"" https://dteenergypayrollforstaff.weebly.com/
PID:1864","""C:\Program Files\Mozilla Firefox\firefox.exe"" -contentproc --channel=""1864.3.52122801\199287267"" -childID 2 -isForBrowser -prefsHandle 2500 -prefMapHandle 2496 -prefsLen 9000 -prefMapSize 252743 -jsInit 604 286204 -parentBuildID 20210927210923 -appdir ""C:\Program Files\Mozilla Firefox\browser"" - 1864 ""\\.\pipe\gecko-crash-server-pipe.1864"" 2512 19d1d108 tab
PID:1900",ProcessEvent,Create,2021-10-09 16:24:11.774,
C:\Program Files\Mozilla Firefox\defaults\pref\channel-prefs.js,"""C:\Program Files\Mozilla Firefox\firefox.exe"" https://dteenergypayrollforstaff.weebly.com/
PID:1864",FileEvent,Read,2021-10-09 16:24:10.178,429
C:\Users\jpdz\AppData\Roaming\Mozilla\Firefox\Profiles\uzjxbbj5.default-release\compatibility.ini,"""C:\Program Files\Mozilla Firefox\firefox.exe"" https://dteenergypayrollforstaff.weebly.com/
PID:1864",FileEvent,Read,2021-10-09 16:24:10.172,194
C:\Users\jpdz\AppData\Local\Mozilla\Firefox\Profiles\uzjxbbj5.default-release\cache2\index.tmp,"""C:\Program Files\Mozilla Firefox\firefox.exe"" https://dteenergypayrollforstaff.weebly.com/
PID:1864",FileEvent,Read,2021-10-09 16:24:10.280,1439
C:\Users\jpdz\AppData\Roaming\Mozilla\Firefox\Profiles\uzjxbbj5.default-release\storage\permanent\chrome\idb\3870112724rsegmnoittet-es.sqlite,"""C:\Program Files\Mozilla Firefox\firefox.exe"" https://dteenergypayrollforstaff.weebly.com/
PID:1864",FileEvent,Read,2021-10-09 16:24:10.442,61640
C:\Users\jpdz\AppData\Roaming\Mozilla\Firefox\Profiles\uzjxbbj5.default-release\storage\permanent\chrome\idb\3870112724rsegmnoittet-es.sqlite,"""C:\Program Files\Mozilla Firefox\firefox.exe"" https://dteenergypayrollforstaff.weebly.com/
PID:1864",FileEvent,Read,2021-10-09 16:24:10.599,1294336
"""C:\Program Files\Mozilla Firefox\firefox.exe"" https://dteenergypayrollforstaff.weebly.com/
PID:1864",C:\Users\jpdz\AppData\Roaming\Mozilla\Firefox\Profiles\uzjxbbj5.default-release\storage\permanent\chrome\idb\3870112724rsegmnoittet-es.sqlite,FileEvent,Write,2021-10-09 16:24:20.162,208896
C:\Users\jpdz\AppData\Local\Mozilla\Firefox\Profiles\uzjxbbj5.default-release\safebrowsing\except-flashallow-digest256.vlpset,"""C:\Program Files\Mozilla Firefox\firefox.exe"" https://dteenergypayrollforstaff.weebly.com/
PID:1864",FileEvent,Read,2021-10-09 16:24:11.515,69
C:\Users\jpdz\AppData\Roaming\Mozilla\Firefox\Profiles\uzjxbbj5.default-release\storage\default\moz-extension+++0424fd79-b62a-421f-bf32-0d1549ab34f2^userContextId=4294967295\.metadata-v2,"""C:\Program Files\Mozilla Firefox\firefox.exe"" https://dteenergypayrollforstaff.weebly.com/
PID:1864",FileEvent,Read,2021-10-09 16:24:12.492,512
"""C:\Program Files\Mozilla Firefox\firefox.exe"" https://dteenergypayrollforstaff.weebly.com/
PID:1864",C:\Users\jpdz\AppData\Roaming\Mozilla\Firefox\Profiles\uzjxbbj5.default-release\storage\default\moz-extension+++0424fd79-b62a-421f-bf32-0d1549ab34f2^userContextId=4294967295\.metadata-v2,FileEvent,Write,2021-10-09 16:24:17.793,8
C:\Users\jpdz\AppData\Local\Mozilla\Firefox\Profiles\uzjxbbj5.default-release\safebrowsing\social-tracking-protection-twitter-digest256.vlpset,"""C:\Program Files\Mozilla Firefox\firefox.exe"" https://dteenergypayrollforstaff.weebly.com/
PID:1864",FileEvent,Read,2021-10-09 16:24:11.522,229
C:\Users\jpdz\AppData\Local\Mozilla\Firefox\Profiles\uzjxbbj5.default-release\activity-stream.discovery_stream.json,"""C:\Program Files\Mozilla Firefox\firefox.exe"" https://dteenergypayrollforstaff.weebly.com/
PID:1864",FileEvent,Read,2021-10-09 16:24:11.858,61086
"""C:\Program Files\Mozilla Firefox\firefox.exe"" https://dteenergypayrollforstaff.weebly.com/
PID:1864",35.244.247.133,IpChannelEvent,TcpIpConnect,2021-10-09 16:24:12.517,0
"""C:\Program Files\Mozilla Firefox\firefox.exe"" https://dteenergypayrollforstaff.weebly.com/
PID:1864",35.244.247.133,IpChannelEvent,TcpIpDisconnect,2021-10-09 16:24:12.813,0
"""C:\Program Files\Mozilla Firefox\firefox.exe"" https://dteenergypayrollforstaff.weebly.com/
PID:1864",35.244.247.133,IpChannelEvent,TcpIpSend,2021-10-09 16:24:12.634,792
35.244.247.133,"""C:\Program Files\Mozilla Firefox\firefox.exe"" https://dteenergypayrollforstaff.weebly.com/
PID:1864",IpChannelEvent,TcpIpRecv,2021-10-09 16:24:12.634,4009
C:\ProgramData\Mozilla\updates\308046B0AF4A39CB\update-config.json,"""C:\Program Files\Mozilla Firefox\firefox.exe"" https://dteenergypayrollforstaff.weebly.com/
PID:1864",FileEvent,Read,2021-10-09 16:24:10.362,206
"""C:\Program Files\Mozilla Firefox\firefox.exe"" https://dteenergypayrollforstaff.weebly.com/
PID:1864",C:\ProgramData\Mozilla\updates\308046B0AF4A39CB\update-config.json,FileEvent,Write,2021-10-09 16:24:12.57,103
C:\ProgramData\Mozilla\updates\308046B0AF4A39CB\update-config.json,"""C:\Program Files\Mozilla Firefox\firefox.exe"" https://dteenergypayrollforstaff.weebly.com/
PID:1864",FileEvent,Read,2021-10-09 16:24:12.14,309
"""C:\Program Files\Mozilla Firefox\firefox.exe"" https://dteenergypayrollforstaff.weebly.com/
PID:1864",34.117.237.239,IpChannelEvent,TcpIpConnect,2021-10-09 16:24:11.979,0
34.117.237.239,"""C:\Program Files\Mozilla Firefox\firefox.exe"" https://dteenergypayrollforstaff.weebly.com/
PID:1864",IpChannelEvent,TcpIpRecv,2021-10-09 16:24:12.94,5382
"""C:\Program Files\Mozilla Firefox\firefox.exe"" https://dteenergypayrollforstaff.weebly.com/
PID:1864",34.117.237.239,IpChannelEvent,TcpIpSend,2021-10-09 16:24:12.94,1088
"""C:\Program Files\Mozilla Firefox\firefox.exe"" https://dteenergypayrollforstaff.weebly.com/
PID:1864",34.107.221.82,IpChannelEvent,TcpIpConnect,2021-10-09 16:24:11.808,0
34.107.221.82,"""C:\Program Files\Mozilla Firefox\firefox.exe"" https://dteenergypayrollforstaff.weebly.com/
PID:1864",IpChannelEvent,TcpIpRecv,2021-10-09 16:24:11.916,302
"""C:\Program Files\Mozilla Firefox\firefox.exe"" https://dteenergypayrollforstaff.weebly.com/
PID:1864",34.107.221.82,IpChannelEvent,TcpIpSend,2021-10-09 16:24:11.916,333
C:\Program Files\Mozilla Firefox\firefox.exe,"""C:\Program Files\Mozilla Firefox\firefox.exe"" https://dteenergypayrollforstaff.weebly.com/
PID:1864",FileEvent,Read,2021-10-09 16:24:10.226,2048
C:\Program Files\Mozilla Firefox\firefox.exe,"""C:\Program Files\Mozilla Firefox\firefox.exe"" https://dteenergypayrollforstaff.weebly.com/
PID:1864",FileEvent,Read,2021-10-09 16:24:10.542,3104
"""C:\Program Files\Mozilla Firefox\firefox.exe"" https://dteenergypayrollforstaff.weebly.com/
PID:1864",C:\Users\jpdz\AppData\Local\Mozilla\Firefox\Profiles\uzjxbbj5.default-release\startupCache\urlCache-new.bin,FileEvent,Write,2021-10-09 16:24:22.450,5264
"""C:\Program Files\Mozilla Firefox\firefox.exe"" https://dteenergypayrollforstaff.weebly.com/
PID:1864",C:\Users\jpdz\AppData\Local\Mozilla\Firefox\Profiles\uzjxbbj5.default-release\cache2\entries\5A21BC0C5909A01156BAE8A3E2214024A8CE4A6E,FileEvent,Write,2021-10-09 16:24:13.970,48345
"""C:\Program Files\Mozilla Firefox\firefox.exe"" https://dteenergypayrollforstaff.weebly.com/
PID:1864",C:\Users\jpdz\AppData\Local\Mozilla\Firefox\Profiles\uzjxbbj5.default-release\cache2\entries\3D42EF5BD2EAAF800CC60C4BDA131732DE5DEDCF,FileEvent,Write,2021-10-09 16:24:14.373,29731
"""C:\Program Files\Mozilla Firefox\firefox.exe"" https://dteenergypayrollforstaff.weebly.com/
PID:1864",C:\Users\jpdz\AppData\Local\Mozilla\Firefox\Profiles\uzjxbbj5.default-release\cache2\doomed\32752,FileEvent,Delete,2021-10-09 16:24:15.596,0
C:\Windows\system32\spool\drivers\color\sRGB Color Space Profile.icm,"""C:\Program Files\Mozilla Firefox\firefox.exe"" https://dteenergypayrollforstaff.weebly.com/
PID:1864",FileEvent,Read,2021-10-09 16:24:10.230,4096
C:\Users\jpdz\AppData\Local\Mozilla\Firefox\Profiles\uzjxbbj5.default-release\safebrowsing\mozplugin-block-digest256.vlpset,"""C:\Program Files\Mozilla Firefox\firefox.exe"" https://dteenergypayrollforstaff.weebly.com/
PID:1864",FileEvent,Read,2021-10-09 16:24:11.521,3045
C:\Users\jpdz\AppData\Roaming\Mozilla\Firefox\Profiles\uzjxbbj5.default-release\storage\permanent\chrome\idb\1657114595AmcateirvtiSty.sqlite,"""C:\Program Files\Mozilla Firefox\firefox.exe"" https://dteenergypayrollforstaff.weebly.com/
PID:1864",FileEvent,Read,2021-10-09 16:24:11.567,57644
"""C:\Program Files\Mozilla Firefox\firefox.exe"" https://dteenergypayrollforstaff.weebly.com/
PID:1864",34.107.221.82,IpChannelEvent,TcpIpConnect,2021-10-09 16:24:12.27,0
34.107.221.82,"""C:\Program Files\Mozilla Firefox\firefox.exe"" https://dteenergypayrollforstaff.weebly.com/
PID:1864",IpChannelEvent,TcpIpRecv,2021-10-09 16:24:12.126,220
"""C:\Program Files\Mozilla Firefox\firefox.exe"" https://dteenergypayrollforstaff.weebly.com/
PID:1864",34.107.221.82,IpChannelEvent,TcpIpSend,2021-10-09 16:24:12.126,335
C:\Windows\Prefetch\FIREFOX.EXE-A606B53C.pf,"""C:\Program Files\Mozilla Firefox\firefox.exe"" https://dteenergypayrollforstaff.weebly.com/
PID:1864",FileEvent,Read,2021-10-09 16:24:10.104,61006
C:\Users\jpdz\AppData\Roaming\Mozilla\Firefox\Profiles\uzjxbbj5.default-release\sessionCheckpoints.json,"""C:\Program Files\Mozilla Firefox\firefox.exe"" https://dteenergypayrollforstaff.weebly.com/
PID:1864",FileEvent,Read,2021-10-09 16:24:10.325,241
C:\Users\jpdz\AppData\Local\Mozilla\Firefox\Profiles\uzjxbbj5.default-release\safebrowsing\base-fingerprinting-track-digest256.sbstore,"""C:\Program Files\Mozilla Firefox\firefox.exe"" https://dteenergypayrollforstaff.weebly.com/
PID:1864",FileEvent,Read,2021-10-09 16:24:11.895,359
C:\Users\jpdz\AppData\Local\Mozilla\Firefox\Profiles\uzjxbbj5.default-release\safebrowsing\google4\goog-phish-proto.metadata,"""C:\Program Files\Mozilla Firefox\firefox.exe"" https://dteenergypayrollforstaff.weebly.com/
PID:1864",FileEvent,Read,2021-10-09 16:24:11.898,71
"""C:\Program Files\Mozilla Firefox\firefox.exe"" https://dteenergypayrollforstaff.weebly.com/
PID:1864",C:\Users\jpdz\AppData\Roaming\Mozilla\Firefox\Profiles\uzjxbbj5.default-release\datareporting\glean\pending_pings\54c6647a-e4e5-44fb-95fe-8b9e8f31ba83,FileEvent,Delete,2021-10-09 16:24:13.0,0
C:\Users\jpdz\AppData\Roaming\Mozilla\Firefox\Profiles\uzjxbbj5.default-release\datareporting\glean\pending_pings\54c6647a-e4e5-44fb-95fe-8b9e8f31ba83,"""C:\Program Files\Mozilla Firefox\firefox.exe"" https://dteenergypayrollforstaff.weebly.com/
PID:1864",FileEvent,Read,2021-10-09 16:24:12.395,49152
C:\Users\jpdz\AppData\Roaming\Mozilla\Firefox\Profiles\UZJXBB~1.DEF\key4.db,"""C:\Program Files\Mozilla Firefox\firefox.exe"" https://dteenergypayrollforstaff.weebly.com/
PID:1864",FileEvent,Read,2021-10-09 16:24:10.487,98468
C:\Users\jpdz\AppData\Roaming\Mozilla\Firefox\Profiles\UZJXBB~1.DEF\key4.db,"""C:\Program Files\Mozilla Firefox\firefox.exe"" https://dteenergypayrollforstaff.weebly.com/
PID:1864",FileEvent,Read,2021-10-09 16:24:10.821,32880
C:\Users\jpdz\AppData\Roaming\Mozilla\Firefox\Profiles\uzjxbbj5.default-release\extensions.json,"""C:\Program Files\Mozilla Firefox\firefox.exe"" https://dteenergypayrollforstaff.weebly.com/
PID:1864",FileEvent,Read,2021-10-09 16:24:11.468,57748
"""C:\Program Files\Mozilla Firefox\firefox.exe"" https://dteenergypayrollforstaff.weebly.com/
PID:1864",C:\Users\jpdz\AppData\Roaming\Mozilla\Firefox\Profiles\uzjxbbj5.default-release\storage\permanent\chrome\idb\2823318777ntouromlalnodry--naod.sqlite-wal,FileEvent,Delete,2021-10-09 16:24:11.985,0
"""C:\Program Files\Mozilla Firefox\firefox.exe"" https://dteenergypayrollforstaff.weebly.com/
PID:1864",C:\Users\jpdz\AppData\Roaming\Mozilla\Firefox\Profiles\uzjxbbj5.default-release\storage\permanent\chrome\idb\2823318777ntouromlalnodry--naod.sqlite-wal,FileEvent,Delete,2021-10-09 16:24:23.999,0
"""C:\Program Files\Mozilla Firefox\firefox.exe"" https://dteenergypayrollforstaff.weebly.com/
PID:1864",C:\Users\jpdz\AppData\Roaming\Mozilla\Firefox\Profiles\uzjxbbj5.default-release\storage\default\moz-extension+++0424fd79-b62a-421f-bf32-0d1549ab34f2^userContextId=4294967295\idb\3647222921wleabcEoxlt-eengsairo.sqlite-shm,FileEvent,Delete,2021-10-09 16:24:17.794,0
"""C:\Program Files\Mozilla Firefox\firefox.exe"" https://dteenergypayrollforstaff.weebly.com/
PID:1864",C:\Users\jpdz\AppData\Roaming\Mozilla\Firefox\Profiles\uzjxbbj5.default-release\storage\default\moz-extension+++0424fd79-b62a-421f-bf32-0d1549ab34f2^userContextId=4294967295\idb\3647222921wleabcEoxlt-eengsairo.sqlite-shm,FileEvent,Delete,2021-10-09 16:24:31.796,0
C:\Users\jpdz\AppData\Roaming\Mozilla\Firefox\Profiles\uzjxbbj5.default-release\storage\default\moz-extension+++0424fd79-b62a-421f-bf32-0d1549ab34f2^userContextId=4294967295\idb\3647222921wleabcEoxlt-eengsairo.sqlite-shm,"""C:\Program Files\Mozilla Firefox\firefox.exe"" https://dteenergypayrollforstaff.weebly.com/
PID:1864",FileEvent,Read,2021-10-09 16:24:17.794,65536
"""C:\Program Files\Mozilla Firefox\firefox.exe"" https://dteenergypayrollforstaff.weebly.com/
PID:1864",C:\Users\jpdz\AppData\Local\Mozilla\Firefox\Profiles\uzjxbbj5.default-release\startupCache\scriptCache-child-new.bin,FileEvent,Write,2021-10-09 16:24:22.478,815930
"""C:\Program Files\Mozilla Firefox\firefox.exe"" https://dteenergypayrollforstaff.weebly.com/
PID:1864",103.254.188.158,IpChannelEvent,TcpIpConnect,2021-10-09 16:24:12.767,0
103.254.188.158,"""C:\Program Files\Mozilla Firefox\firefox.exe"" https://dteenergypayrollforstaff.weebly.com/
PID:1864",IpChannelEvent,TcpIpRecv,2021-10-09 16:24:12.850,5471
"""C:\Program Files\Mozilla Firefox\firefox.exe"" https://dteenergypayrollforstaff.weebly.com/
PID:1864",103.254.188.158,IpChannelEvent,TcpIpSend,2021-10-09 16:24:12.850,1077
"""C:\Program Files\Mozilla Firefox\firefox.exe"" https://dteenergypayrollforstaff.weebly.com/
PID:1864",13.227.254.129,IpChannelEvent,TcpIpConnect,2021-10-09 16:24:13.461,0
"""C:\Program Files\Mozilla Firefox\firefox.exe"" https://dteenergypayrollforstaff.weebly.com/
PID:1864",13.227.254.129,IpChannelEvent,TcpIpSend,2021-10-09 16:24:13.588,1905
13.227.254.129,"""C:\Program Files\Mozilla Firefox\firefox.exe"" https://dteenergypayrollforstaff.weebly.com/
PID:1864",IpChannelEvent,TcpIpRecv,2021-10-09 16:24:13.588,51792
C:\Users\jpdz\AppData\Roaming\Mozilla\Firefox\Profiles\uzjxbbj5.default-release\cookies.sqlite,"""C:\Program Files\Mozilla Firefox\firefox.exe"" https://dteenergypayrollforstaff.weebly.com/
PID:1864",FileEvent,Read,2021-10-09 16:24:10.282,753864
C:\Users\jpdz\AppData\Local\Mozilla\Firefox\Profiles\uzjxbbj5.default-release\safebrowsing\social-track-digest256.vlpset,"""C:\Program Files\Mozilla Firefox\firefox.exe"" https://dteenergypayrollforstaff.weebly.com/
PID:1864",FileEvent,Read,2021-10-09 16:24:11.522,2117
C:\Users\jpdz\AppData\Roaming\Mozilla\Firefox\Profiles\uzjxbbj5.default-release\xulstore.json,"""C:\Program Files\Mozilla Firefox\firefox.exe"" https://dteenergypayrollforstaff.weebly.com/
PID:1864",FileEvent,Read,2021-10-09 16:24:10.209,453
C:\Program Files\Mozilla Firefox\dependentlibs.list,"""C:\Program Files\Mozilla Firefox\firefox.exe"" https://dteenergypayrollforstaff.weebly.com/
PID:1864",FileEvent,Read,2021-10-09 16:24:10.113,8192
C:\Program Files\Mozilla Firefox\api-ms-win-crt-convert-l1-1-0.dll,"""C:\Program Files\Mozilla Firefox\firefox.exe"" https://dteenergypayrollforstaff.weebly.com/
PID:1864",FileEvent,Read,2021-10-09 16:24:10.113,65536
"""C:\Program Files\Mozilla Firefox\firefox.exe"" https://dteenergypayrollforstaff.weebly.com/
PID:1864",C:\Users\jpdz\AppData\Roaming\Mozilla\Firefox\Profiles\uzjxbbj5.default-release\storage\permanent\chrome\idb\1657114595AmcateirvtiSty.sqlite-wal,FileEvent,Delete,2021-10-09 16:24:11.817,0
"""C:\Program Files\Mozilla Firefox\firefox.exe"" https://dteenergypayrollforstaff.weebly.com/
PID:1864",C:\Users\jpdz\AppData\Roaming\Mozilla\Firefox\Profiles\uzjxbbj5.default-release\storage\permanent\chrome\idb\1657114595AmcateirvtiSty.sqlite-wal,FileEvent,Delete,2021-10-09 16:24:25.86,0
C:\Users\jpdz\AppData\Roaming\Mozilla\Firefox\Profiles\uzjxbbj5.default-release\favicons.sqlite-shm,"""C:\Program Files\Mozilla Firefox\firefox.exe"" https://dteenergypayrollforstaff.weebly.com/
PID:1864",FileEvent,Read,2021-10-09 16:24:10.637,32768
C:\Users\jpdz\AppData\Local\Mozilla\Firefox\Profiles\uzjxbbj5.default-release\safebrowsing\google4\goog-unwanted-proto.metadata,"""C:\Program Files\Mozilla Firefox\firefox.exe"" https://dteenergypayrollforstaff.weebly.com/
PID:1864",FileEvent,Read,2021-10-09 16:24:11.898,71
"""C:\Program Files\Mozilla Firefox\firefox.exe"" https://dteenergypayrollforstaff.weebly.com/
PID:1864",117.18.237.29,IpChannelEvent,TcpIpConnect,2021-10-09 16:24:12.392,0
117.18.237.29,"""C:\Program Files\Mozilla Firefox\firefox.exe"" https://dteenergypayrollforstaff.weebly.com/
PID:1864",IpChannelEvent,TcpIpRecv,2021-10-09 16:24:12.498,799
"""C:\Program Files\Mozilla Firefox\firefox.exe"" https://dteenergypayrollforstaff.weebly.com/
PID:1864",117.18.237.29,IpChannelEvent,TcpIpSend,2021-10-09 16:24:12.420,456
C:\Users\jpdz\AppData\Local\Mozilla\Firefox\Profiles\uzjxbbj5.default-release\safebrowsing\except-flashsubdoc-digest256.sbstore,"""C:\Program Files\Mozilla Firefox\firefox.exe"" https://dteenergypayrollforstaff.weebly.com/
PID:1864",FileEvent,Read,2021-10-09 16:24:11.896,244
"""C:\Program Files\Mozilla Firefox\firefox.exe"" https://dteenergypayrollforstaff.weebly.com/
PID:1864",C:\Users\jpdz\AppData\Roaming\Mozilla\Firefox\Profiles\uzjxbbj5.default-release\storage\permanent\chrome\idb\3561288849sdhlie.sqlite-wal,FileEvent,Delete,2021-10-09 16:24:11.843,0
"""C:\Program Files\Mozilla Firefox\firefox.exe"" https://dteenergypayrollforstaff.weebly.com/
PID:1864",C:\Users\jpdz\AppData\Roaming\Mozilla\Firefox\Profiles\uzjxbbj5.default-release\storage\permanent\chrome\idb\3561288849sdhlie.sqlite-wal,FileEvent,Delete,2021-10-09 16:24:24.0,0
"""C:\Program Files\Mozilla Firefox\firefox.exe"" https://dteenergypayrollforstaff.weebly.com/
PID:1864",23.74.15.72,IpChannelEvent,TcpIpConnect,2021-10-09 16:24:12.598,0
23.74.15.72,"""C:\Program Files\Mozilla Firefox\firefox.exe"" https://dteenergypayrollforstaff.weebly.com/
PID:1864",IpChannelEvent,TcpIpRecv,2021-10-09 16:24:12.692,888
"""C:\Program Files\Mozilla Firefox\firefox.exe"" https://dteenergypayrollforstaff.weebly.com/
PID:1864",23.74.15.72,IpChannelEvent,TcpIpSend,2021-10-09 16:24:12.669,455
C:\Users\jpdz\AppData\Local\Mozilla\Firefox\Profiles\uzjxbbj5.default-release\safebrowsing\google4\goog-phish-proto.vlpset,"""C:\Program Files\Mozilla Firefox\firefox.exe"" https://dteenergypayrollforstaff.weebly.com/
PID:1864",FileEvent,Read,2021-10-09 16:24:11.520,393216
C:\Users\jpdz\AppData\Local\Mozilla\Firefox\Profiles\uzjxbbj5.default-release\cache2\entries\E8246BB40873DF388F959075604DEEE43344C56F,"""C:\Program Files\Mozilla Firefox\firefox.exe"" https://dteenergypayrollforstaff.weebly.com/
PID:1864",FileEvent,Read,2021-10-09 16:24:12.780,15031
"""C:\Program Files\Mozilla Firefox\firefox.exe"" https://dteenergypayrollforstaff.weebly.com/
PID:1864",C:\Users\jpdz\AppData\Local\Mozilla\Firefox\Profiles\uzjxbbj5.default-release\cache2\entries\E8246BB40873DF388F959075604DEEE43344C56F,FileEvent,Write,2021-10-09 16:24:12.781,41851
"""C:\Program Files\Mozilla Firefox\firefox.exe"" https://dteenergypayrollforstaff.weebly.com/
PID:1864",C:\Users\jpdz\AppData\Local\Mozilla\Firefox\Profiles\uzjxbbj5.default-release\cache2\entries\E426E72D1BC23DCE5857040472AFD1343A6EF935,FileEvent,Write,2021-10-09 16:24:15.575,2082
C:\Users\jpdz\AppData\Local\Mozilla\Firefox\Profiles\uzjxbbj5.default-release\safebrowsing\content-track-digest256.sbstore,"""C:\Program Files\Mozilla Firefox\firefox.exe"" https://dteenergypayrollforstaff.weebly.com/
PID:1864",FileEvent,Read,2021-10-09 16:24:11.896,734
"""C:\Program Files\Mozilla Firefox\firefox.exe"" https://dteenergypayrollforstaff.weebly.com/
PID:1864",C:\Users\jpdz\AppData\Roaming\Mozilla\Firefox\Profiles\uzjxbbj5.default-release\storage\permanent\chrome\idb\3870112724rsegmnoittet-es.sqlite-shm,FileEvent,Delete,2021-10-09 16:24:10.443,0
C:\Users\jpdz\AppData\Roaming\Mozilla\Firefox\Profiles\uzjxbbj5.default-release\storage\permanent\chrome\idb\3870112724rsegmnoittet-es.sqlite-shm,"""C:\Program Files\Mozilla Firefox\firefox.exe"" https://dteenergypayrollforstaff.weebly.com/
PID:1864",FileEvent,Read,2021-10-09 16:24:10.443,65536
"""C:\Program Files\Mozilla Firefox\firefox.exe"" https://dteenergypayrollforstaff.weebly.com/
PID:1864",C:\Users\jpdz\AppData\Roaming\Mozilla\Firefox\Profiles\uzjxbbj5.default-release\storage\permanent\chrome\idb\3870112724rsegmnoittet-es.sqlite-shm,FileEvent,Delete,2021-10-09 16:24:31.793,0
C:\Program Files\Mozilla Firefox\distribution\distribution.ini,"""C:\Program Files\Mozilla Firefox\firefox.exe"" https://dteenergypayrollforstaff.weebly.com/
PID:1864",FileEvent,Read,2021-10-09 16:24:10.209,2952
"""C:\Program Files\Mozilla Firefox\firefox.exe"" https://dteenergypayrollforstaff.weebly.com/
PID:1864",C:\Users\jpdz\AppData\Roaming\Mozilla\Firefox\Profiles\uzjxbbj5.default-release\storage\default\moz-extension+++0c3666b5-67b1-4855-b50d-d5fbfc0d2874^userContextId=4294967295\idb\3647222921wleabcEoxlt-eengsairo.sqlite-shm,FileEvent,Delete,2021-10-09 16:24:13.126,0
"""C:\Program Files\Mozilla Firefox\firefox.exe"" https://dteenergypayrollforstaff.weebly.com/
PID:1864",C:\Users\jpdz\AppData\Roaming\Mozilla\Firefox\Profiles\uzjxbbj5.default-release\storage\default\moz-extension+++0c3666b5-67b1-4855-b50d-d5fbfc0d2874^userContextId=4294967295\idb\3647222921wleabcEoxlt-eengsairo.sqlite-shm,FileEvent,Delete,2021-10-09 16:24:27.966,0
C:\Users\jpdz\AppData\Roaming\Mozilla\Firefox\Profiles\uzjxbbj5.default-release\storage\default\moz-extension+++0c3666b5-67b1-4855-b50d-d5fbfc0d2874^userContextId=4294967295\idb\3647222921wleabcEoxlt-eengsairo.sqlite-shm,"""C:\Program Files\Mozilla Firefox\firefox.exe"" https://dteenergypayrollforstaff.weebly.com/
PID:1864",FileEvent,Read,2021-10-09 16:24:13.125,65536
C:\Users\jpdz\AppData\Local\Mozilla\Firefox\Profiles\uzjxbbj5.default-release\startupCache\webext.sc.lz4,"""C:\Program Files\Mozilla Firefox\firefox.exe"" https://dteenergypayrollforstaff.weebly.com/
PID:1864",FileEvent,Read,2021-10-09 16:24:10.303,131881
C:\Program Files\Mozilla Firefox\nss3.dll,"""C:\Program Files\Mozilla Firefox\firefox.exe"" https://dteenergypayrollforstaff.weebly.com/
PID:1864",FileEvent,Read,2021-10-09 16:24:10.113,2031616
C:\Users\jpdz\AppData\Local\Mozilla\Firefox\Profiles\uzjxbbj5.default-release\safebrowsing\content-track-digest256.vlpset,"""C:\Program Files\Mozilla Firefox\firefox.exe"" https://dteenergypayrollforstaff.weebly.com/
PID:1864",FileEvent,Read,2021-10-09 16:24:11.515,15525
C:\Program Files\Mozilla Firefox\xul.dll,"""C:\Program Files\Mozilla Firefox\firefox.exe"" https://dteenergypayrollforstaff.weebly.com/
PID:1864",FileEvent,Read,2021-10-09 16:24:10.115,104333312
"""C:\Program Files\Mozilla Firefox\firefox.exe"" https://dteenergypayrollforstaff.weebly.com/
PID:1864",C:\Users\jpdz\AppData\Roaming\Mozilla\Firefox\Profiles\uzjxbbj5.default-release\datareporting\glean\tmp\54c6647a-e4e5-44fb-95fe-8b9e8f31ba83,FileEvent,Write,2021-10-09 16:24:12.395,1173
C:\Windows\Fonts\staticcache.dat,"""C:\Program Files\Mozilla Firefox\firefox.exe"" https://dteenergypayrollforstaff.weebly.com/
PID:1864",FileEvent,Read,2021-10-09 16:24:10.416,60
C:\Users\jpdz\AppData\Local\Mozilla\Firefox\Profiles\uzjxbbj5.default-release\safebrowsing\google4\goog-unwanted-proto.vlpset,"""C:\Program Files\Mozilla Firefox\firefox.exe"" https://dteenergypayrollforstaff.weebly.com/
PID:1864",FileEvent,Read,2021-10-09 16:24:11.521,53720
"""C:\Program Files\Mozilla Firefox\firefox.exe"" https://dteenergypayrollforstaff.weebly.com/
PID:1864",35.244.247.133,IpChannelEvent,TcpIpConnect,2021-10-09 16:24:11.990,0
"""C:\Program Files\Mozilla Firefox\firefox.exe"" https://dteenergypayrollforstaff.weebly.com/
PID:1864",35.244.247.133,IpChannelEvent,TcpIpSend,2021-10-09 16:24:12.107,3603
35.244.247.133,"""C:\Program Files\Mozilla Firefox\firefox.exe"" https://dteenergypayrollforstaff.weebly.com/
PID:1864",IpChannelEvent,TcpIpRecv,2021-10-09 16:24:12.107,4155
"""C:\Program Files\Mozilla Firefox\firefox.exe"" https://dteenergypayrollforstaff.weebly.com/
PID:1864",C:\Users\jpdz\AppData\Local\Mozilla\Firefox\Profiles\uzjxbbj5.default-release\startupCache\scriptCache-new.bin,FileEvent,Write,2021-10-09 16:24:22.455,9864752
C:\Users\jpdz\AppData\Local\Mozilla\Firefox\Profiles\uzjxbbj5.default-release\startupCache\scriptCache-new.bin,"""C:\Program Files\Mozilla Firefox\firefox.exe"" https://dteenergypayrollforstaff.weebly.com/
PID:1864",FileEvent,Read,2021-10-09 16:24:22.465,65536
C:\Users\jpdz\AppData\Roaming\Mozilla\Firefox\Profiles\uzjxbbj5.default-release\permissions.sqlite,"""C:\Program Files\Mozilla Firefox\firefox.exe"" https://dteenergypayrollforstaff.weebly.com/
PID:1864",FileEvent,Read,2021-10-09 16:24:10.267,65700
"""C:\Program Files\Mozilla Firefox\firefox.exe"" https://dteenergypayrollforstaff.weebly.com/
PID:1864",C:\Users\jpdz\AppData\Roaming\Mozilla\Firefox\Profiles\uzjxbbj5.default-release\extensions.json.tmp,FileEvent,Write,2021-10-09 16:24:16.939,57748
"""C:\Program Files\Mozilla Firefox\firefox.exe"" https://dteenergypayrollforstaff.weebly.com/
PID:1864",117.18.237.29,IpChannelEvent,TcpIpConnect,2021-10-09 16:24:12.903,0
117.18.237.29,"""C:\Program Files\Mozilla Firefox\firefox.exe"" https://dteenergypayrollforstaff.weebly.com/
PID:1864",IpChannelEvent,TcpIpRecv,2021-10-09 16:24:12.988,799
"""C:\Program Files\Mozilla Firefox\firefox.exe"" https://dteenergypayrollforstaff.weebly.com/
PID:1864",117.18.237.29,IpChannelEvent,TcpIpSend,2021-10-09 16:24:12.924,456
C:\Users\jpdz\AppData\Local\Mozilla\Firefox\Profiles\uzjxbbj5.default-release\safebrowsing\google4\goog-badbinurl-proto.metadata,"""C:\Program Files\Mozilla Firefox\firefox.exe"" https://dteenergypayrollforstaff.weebly.com/
PID:1864",FileEvent,Read,2021-10-09 16:24:11.898,71
C:\Users\jpdz\AppData\Local\Mozilla\Firefox\Profiles\uzjxbbj5.default-release\safebrowsing\block-flashsubdoc-digest256.sbstore,"""C:\Program Files\Mozilla Firefox\firefox.exe"" https://dteenergypayrollforstaff.weebly.com/
PID:1864",FileEvent,Read,2021-10-09 16:24:11.895,2576
C:\Users\jpdz\AppData\Roaming\Mozilla\Firefox\Profiles\uzjxbbj5.default-release\places.sqlite-shm,"""C:\Program Files\Mozilla Firefox\firefox.exe"" https://dteenergypayrollforstaff.weebly.com/
PID:1864",FileEvent,Read,2021-10-09 16:24:10.635,32768
C:\Users\jpdz\AppData\Local\Mozilla\Firefox\Profiles\uzjxbbj5.default-release\safebrowsing\mozplugin-block-digest256.sbstore,"""C:\Program Files\Mozilla Firefox\firefox.exe"" https://dteenergypayrollforstaff.weebly.com/
PID:1864",FileEvent,Read,2021-10-09 16:24:11.896,338
C:\Users\jpdz\AppData\Local\Mozilla\Firefox\Profiles\uzjxbbj5.default-release\safebrowsing\google4\goog-badbinurl-proto.vlpset,"""C:\Program Files\Mozilla Firefox\firefox.exe"" https://dteenergypayrollforstaff.weebly.com/
PID:1864",FileEvent,Read,2021-10-09 16:24:11.519,393216
"""C:\Program Files\Mozilla Firefox\firefox.exe"" https://dteenergypayrollforstaff.weebly.com/
PID:1864",C:\Users\jpdz\AppData\Roaming\Mozilla\Firefox\Profiles\uzjxbbj5.default-release\storage.sqlite-journal,FileEvent,Delete,2021-10-09 16:24:13.121,0
"""C:\Program Files\Mozilla Firefox\firefox.exe"" https://dteenergypayrollforstaff.weebly.com/
PID:1864",C:\Users\jpdz\AppData\Roaming\Mozilla\Firefox\Profiles\uzjxbbj5.default-release\storage.sqlite-journal,FileEvent,Write,2021-10-09 16:24:12.493,17492
C:\Users\jpdz\AppData\Roaming\Mozilla\Firefox\Profiles\uzjxbbj5.default-release\storage.sqlite-journal,"""C:\Program Files\Mozilla Firefox\firefox.exe"" https://dteenergypayrollforstaff.weebly.com/
PID:1864",FileEvent,Read,2021-10-09 16:24:12.493,8
"""C:\Program Files\Mozilla Firefox\firefox.exe"" https://dteenergypayrollforstaff.weebly.com/
PID:1864",C:\Users\jpdz\AppData\Local\Mozilla\Firefox\Profiles\uzjxbbj5.default-release\cache2\entries\6D89348819C8881868053197CA0754F36784BF5F,FileEvent,Write,2021-10-09 16:24:11.868,33480
C:\Users\jpdz\AppData\Local\Mozilla\Firefox\Profiles\uzjxbbj5.default-release\cache2\entries\6D89348819C8881868053197CA0754F36784BF5F,"""C:\Program Files\Mozilla Firefox\firefox.exe"" https://dteenergypayrollforstaff.weebly.com/
PID:1864",FileEvent,Read,2021-10-09 16:24:11.860,8378
C:\Users\jpdz\AppData\Roaming\Mozilla\Firefox\Profiles\uzjxbbj5.default-release\storage\permanent\chrome\idb\2823318777ntouromlalnodry--naod.sqlite,"""C:\Program Files\Mozilla Firefox\firefox.exe"" https://dteenergypayrollforstaff.weebly.com/
PID:1864",FileEvent,Read,2021-10-09 16:24:11.982,37064
C:\Program Files\Mozilla Firefox\api-ms-win-crt-runtime-l1-1-0.dll,"""C:\Program Files\Mozilla Firefox\firefox.exe"" https://dteenergypayrollforstaff.weebly.com/
PID:1864",FileEvent,Read,2021-10-09 16:24:10.113,65536
C:\Users\jpdz\AppData\Roaming\Mozilla\Firefox\Profiles\uzjxbbj5.default-release\search.json.mozlz4,"""C:\Program Files\Mozilla Firefox\firefox.exe"" https://dteenergypayrollforstaff.weebly.com/
PID:1864",FileEvent,Read,2021-10-09 16:24:10.439,187
"""C:\Program Files\Mozilla Firefox\firefox.exe"" https://dteenergypayrollforstaff.weebly.com/
PID:1864",C:\Users\jpdz\AppData\Roaming\Mozilla\Firefox\Profiles\uzjxbbj5.default-release\search.json.mozlz4,FileEvent,Write,2021-10-09 16:24:12.495,187
"""C:\Program Files\Mozilla Firefox\firefox.exe"" https://dteenergypayrollforstaff.weebly.com/
PID:1864",125.220.192.143,IpChannelEvent,TcpIpConnect,2021-10-09 16:24:10.734,0
125.220.192.143,"""C:\Program Files\Mozilla Firefox\firefox.exe"" https://dteenergypayrollforstaff.weebly.com/
PID:1864",IpChannelEvent,TcpIpRecv,2021-10-09 16:24:10.816,4465
"""C:\Program Files\Mozilla Firefox\firefox.exe"" https://dteenergypayrollforstaff.weebly.com/
PID:1864",125.220.192.143,IpChannelEvent,TcpIpSend,2021-10-09 16:24:10.816,1259
C:\Users\jpdz\AppData\Local\Mozilla\Firefox\Profiles\uzjxbbj5.default-release\safebrowsing\base-cryptomining-track-digest256.sbstore,"""C:\Program Files\Mozilla Firefox\firefox.exe"" https://dteenergypayrollforstaff.weebly.com/
PID:1864",FileEvent,Read,2021-10-09 16:24:11.895,314
"""C:\Program Files\Mozilla Firefox\firefox.exe"" https://dteenergypayrollforstaff.weebly.com/
PID:1864",C:\Users\jpdz\AppData\Local\Mozilla\Firefox\Profiles\uzjxbbj5.default-release\cache2\doomed\15538,FileEvent,Delete,2021-10-09 16:24:15.596,0
C:\Users\jpdz\AppData\Local\Mozilla\Firefox\Profiles\uzjxbbj5.default-release\safebrowsing\social-tracking-protection-linkedin-digest256.sbstore,"""C:\Program Files\Mozilla Firefox\firefox.exe"" https://dteenergypayrollforstaff.weebly.com/
PID:1864",FileEvent,Read,2021-10-09 16:24:11.897,244
"""C:\Program Files\Mozilla Firefox\firefox.exe"" https://dteenergypayrollforstaff.weebly.com/
PID:1864","""C:\Program Files\Mozilla Firefox\firefox.exe"" -contentproc --channel=""1864.7.400368476\544677293"" -parentBuildID 20210927210923 -prefsHandle 3640 -prefMapHandle 3636 -prefsLen 9770 -prefMapSize 252743 -appdir ""C:\Program Files\Mozilla Firefox\browser"" - 1864 ""\\.\pipe\gecko-crash-server-pipe.1864"" 3620 ceb4ba8 rdd
PID:1612",ProcessEvent,Create,2021-10-09 16:24:12.728,
C:\Users\jpdz\AppData\Local\Mozilla\Firefox\Profiles\uzjxbbj5.default-release\safebrowsing\block-flash-digest256.sbstore,"""C:\Program Files\Mozilla Firefox\firefox.exe"" https://dteenergypayrollforstaff.weebly.com/
PID:1864",FileEvent,Read,2021-10-09 16:24:11.895,451
C:\Users\jpdz\AppData\Roaming\Mozilla\Firefox\Profiles\uzjxbbj5.default-release\datareporting\state.json,"""C:\Program Files\Mozilla Firefox\firefox.exe"" https://dteenergypayrollforstaff.weebly.com/
PID:1864",FileEvent,Read,2021-10-09 16:24:11.873,51
C:\Users\jpdz\AppData\Local\Mozilla\Firefox\Profiles\uzjxbbj5.default-release\safebrowsing\base-fingerprinting-track-digest256.vlpset,"""C:\Program Files\Mozilla Firefox\firefox.exe"" https://dteenergypayrollforstaff.weebly.com/
PID:1864",FileEvent,Read,2021-10-09 16:24:11.515,3717
C:\Users\jpdz\AppData\Local\Mozilla\Firefox\Profiles\uzjxbbj5.default-release\safebrowsing\social-tracking-protection-twitter-digest256.sbstore,"""C:\Program Files\Mozilla Firefox\firefox.exe"" https://dteenergypayrollforstaff.weebly.com/
PID:1864",FileEvent,Read,2021-10-09 16:24:11.897,247
"""C:\Program Files\Mozilla Firefox\firefox.exe"" https://dteenergypayrollforstaff.weebly.com/
PID:1864",54.148.50.161,IpChannelEvent,TcpIpConnect,2021-10-09 16:24:12.526,0
"""C:\Program Files\Mozilla Firefox\firefox.exe"" https://dteenergypayrollforstaff.weebly.com/
PID:1864",54.148.50.161,IpChannelEvent,TcpIpDisconnect,2021-10-09 16:24:13.38,0
"""C:\Program Files\Mozilla Firefox\firefox.exe"" https://dteenergypayrollforstaff.weebly.com/
PID:1864",54.148.50.161,IpChannelEvent,TcpIpSend,2021-10-09 16:24:12.669,643
54.148.50.161,"""C:\Program Files\Mozilla Firefox\firefox.exe"" https://dteenergypayrollforstaff.weebly.com/
PID:1864",IpChannelEvent,TcpIpRecv,2021-10-09 16:24:12.781,3444
C:\Users\jpdz\AppData\Local\Mozilla\Firefox\Profiles\uzjxbbj5.default-release\safebrowsing\social-tracking-protection-linkedin-digest256.vlpset,"""C:\Program Files\Mozilla Firefox\firefox.exe"" https://dteenergypayrollforstaff.weebly.com/
PID:1864",FileEvent,Read,2021-10-09 16:24:11.522,133
"""C:\Program Files\Mozilla Firefox\firefox.exe"" https://dteenergypayrollforstaff.weebly.com/
PID:1864",C:\Users\jpdz\AppData\Roaming\Mozilla\Firefox\Profiles\uzjxbbj5.default-release\storage\default\moz-extension+++7b7c287d-b9ee-4c40-99c0-63c5bd847cee^userContextId=4294967295\idb\3647222921wleabcEoxlt-eengsairo.sqlite-wal,FileEvent,Delete,2021-10-09 16:24:13.123,0
"""C:\Program Files\Mozilla Firefox\firefox.exe"" https://dteenergypayrollforstaff.weebly.com/
PID:1864",C:\Users\jpdz\AppData\Roaming\Mozilla\Firefox\Profiles\uzjxbbj5.default-release\storage\default\moz-extension+++7b7c287d-b9ee-4c40-99c0-63c5bd847cee^userContextId=4294967295\idb\3647222921wleabcEoxlt-eengsairo.sqlite-wal,FileEvent,Delete,2021-10-09 16:24:25.84,0
"""C:\Program Files\Mozilla Firefox\firefox.exe"" https://dteenergypayrollforstaff.weebly.com/
PID:1864",C:\Users\jpdz\AppData\Local\Mozilla\Firefox\Profiles\uzjxbbj5.default-release\cache2\doomed\22081,FileEvent,Delete,2021-10-09 16:24:15.596,0
"""C:\Program Files\Mozilla Firefox\firefox.exe"" https://dteenergypayrollforstaff.weebly.com/
PID:1864",13.227.254.89,IpChannelEvent,TcpIpConnect,2021-10-09 16:24:12.10,0
"""C:\Program Files\Mozilla Firefox\firefox.exe"" https://dteenergypayrollforstaff.weebly.com/
PID:1864",13.227.254.89,IpChannelEvent,TcpIpDisconnect,2021-10-09 16:24:12.491,0
"""C:\Program Files\Mozilla Firefox\firefox.exe"" https://dteenergypayrollforstaff.weebly.com/
PID:1864",13.227.254.89,IpChannelEvent,TcpIpSend,2021-10-09 16:24:12.134,792
13.227.254.89,"""C:\Program Files\Mozilla Firefox\firefox.exe"" https://dteenergypayrollforstaff.weebly.com/
PID:1864",IpChannelEvent,TcpIpRecv,2021-10-09 16:24:12.134,3904
"""C:\Program Files\Mozilla Firefox\firefox.exe"" https://dteenergypayrollforstaff.weebly.com/
PID:1864",125.220.192.143,IpChannelEvent,TcpIpConnect,2021-10-09 16:24:13.300,0
125.220.192.143,"""C:\Program Files\Mozilla Firefox\firefox.exe"" https://dteenergypayrollforstaff.weebly.com/
PID:1864",IpChannelEvent,TcpIpRecv,2021-10-09 16:24:13.379,10286
"""C:\Program Files\Mozilla Firefox\firefox.exe"" https://dteenergypayrollforstaff.weebly.com/
PID:1864",125.220.192.143,IpChannelEvent,TcpIpSend,2021-10-09 16:24:13.379,1187
"""C:\Program Files\Mozilla Firefox\firefox.exe"" https://dteenergypayrollforstaff.weebly.com/
PID:1864","""C:\Program Files\Mozilla Firefox\firefox.exe"" -contentproc --channel=""1864.1.314837147\1532116865"" -childID 1 -isForBrowser -prefsHandle 1684 -prefMapHandle 1708 -prefsLen 3677 -prefMapSize 252743 -jsInit 604 286204 -parentBuildID 20210927210923 -appdir ""C:\Program Files\Mozilla Firefox\browser"" - 1864 ""\\.\pipe\gecko-crash-server-pipe.1864"" 2024 1637b8e8 tab
PID:2200",ProcessEvent,Create,2021-10-09 16:24:10.538,
C:\Users\jpdz\AppData\Local\Mozilla\Firefox\Profiles\uzjxbbj5.default-release\cache2\entries\E863DEE39AB0EF279CE01AF8C128F96010854FC3,"""C:\Program Files\Mozilla Firefox\firefox.exe"" https://dteenergypayrollforstaff.weebly.com/
PID:1864",FileEvent,Read,2021-10-09 16:24:12.551,12676
"""C:\Program Files\Mozilla Firefox\firefox.exe"" https://dteenergypayrollforstaff.weebly.com/
PID:1864",C:\Users\jpdz\AppData\Local\Mozilla\Firefox\Profiles\uzjxbbj5.default-release\cache2\entries\E863DEE39AB0EF279CE01AF8C128F96010854FC3,FileEvent,Write,2021-10-09 16:24:12.553,63374
C:\Users\jpdz\AppData\Local\Mozilla\Firefox\Profiles\uzjxbbj5.default-release\safebrowsing\mozstd-trackwhite-digest256.vlpset,"""C:\Program Files\Mozilla Firefox\firefox.exe"" https://dteenergypayrollforstaff.weebly.com/
PID:1864",FileEvent,Read,2021-10-09 16:24:11.521,655360
C:\Users\jpdz\AppData\Roaming\Mozilla\Firefox\Profiles\uzjxbbj5.default-release\security_state\data.safe.bin,"""C:\Program Files\Mozilla Firefox\firefox.exe"" https://dteenergypayrollforstaff.weebly.com/
PID:1864",FileEvent,Read,2021-10-09 16:24:10.827,1222667
"""C:\Program Files\Mozilla Firefox\firefox.exe"" https://dteenergypayrollforstaff.weebly.com/
PID:1864",C:\Users\jpdz\AppData\Local\Mozilla\Firefox\Profiles\uzjxbbj5.default-release\cache2\entries\ED0BF2BAC488E3979C85AE7A9110A3732C289CA4,FileEvent,Write,2021-10-09 16:24:12.708,26148
"""C:\Program Files\Mozilla Firefox\firefox.exe"" https://dteenergypayrollforstaff.weebly.com/
PID:1864",111.206.176.78,IpChannelEvent,TcpIpConnect,2021-10-09 16:24:12.823,0
"""C:\Program Files\Mozilla Firefox\firefox.exe"" https://dteenergypayrollforstaff.weebly.com/
PID:1864",111.206.176.78,IpChannelEvent,TcpIpSend,2021-10-09 16:24:12.843,1069
111.206.176.78,"""C:\Program Files\Mozilla Firefox\firefox.exe"" https://dteenergypayrollforstaff.weebly.com/
PID:1864",IpChannelEvent,TcpIpRecv,2021-10-09 16:24:12.843,11555
"""C:\Program Files\Mozilla Firefox\firefox.exe"" https://dteenergypayrollforstaff.weebly.com/
PID:1864",121.194.10.91,IpChannelEvent,TcpIpConnect,2021-10-09 16:24:12.760,0
121.194.10.91,"""C:\Program Files\Mozilla Firefox\firefox.exe"" https://dteenergypayrollforstaff.weebly.com/
PID:1864",IpChannelEvent,TcpIpRecv,2021-10-09 16:24:12.816,647
"""C:\Program Files\Mozilla Firefox\firefox.exe"" https://dteenergypayrollforstaff.weebly.com/
PID:1864",121.194.10.91,IpChannelEvent,TcpIpSend,2021-10-09 16:24:12.816,326
C:\Users\jpdz\AppData\Roaming\Mozilla\Firefox\Profiles\uzjxbbj5.default-release\handlers.json,"""C:\Program Files\Mozilla Firefox\firefox.exe"" https://dteenergypayrollforstaff.weebly.com/
PID:1864",FileEvent,Read,2021-10-09 16:24:11.987,733
"""C:\Program Files\Mozilla Firefox\firefox.exe"" https://dteenergypayrollforstaff.weebly.com/
PID:1864",117.18.237.29,IpChannelEvent,TcpIpConnect,2021-10-09 16:24:11.683,0
"""C:\Program Files\Mozilla Firefox\firefox.exe"" https://dteenergypayrollforstaff.weebly.com/
PID:1864",117.18.237.29,IpChannelEvent,TcpIpSend,2021-10-09 16:24:11.792,1824
117.18.237.29,"""C:\Program Files\Mozilla Firefox\firefox.exe"" https://dteenergypayrollforstaff.weebly.com/
PID:1864",IpChannelEvent,TcpIpRecv,2021-10-09 16:24:11.792,3196
"""C:\Program Files\Mozilla Firefox\firefox.exe"" https://dteenergypayrollforstaff.weebly.com/
PID:1864",127.0.0.1,IpChannelEvent,TcpIpAccept,2021-10-09 16:24:10.201,0
127.0.0.1,"""C:\Program Files\Mozilla Firefox\firefox.exe"" https://dteenergypayrollforstaff.weebly.com/
PID:1864",IpChannelEvent,TcpIpRecv,2021-10-09 16:24:10.201,5
127.0.0.1,"""C:\Program Files\Mozilla Firefox\firefox.exe"" https://dteenergypayrollforstaff.weebly.com/
PID:1864",IpChannelEvent,TcpIpRecv,2021-10-09 16:24:10.556,650
"""C:\Program Files\Mozilla Firefox\firefox.exe"" https://dteenergypayrollforstaff.weebly.com/
PID:1864",C:\Users\jpdz\AppData\Local\Mozilla\Firefox\Profiles\uzjxbbj5.default-release\cache2\entries\01B51EF3CD429A50CCB59FD6F117D3D6923D4B51,FileEvent,Write,2021-10-09 16:24:13.0,17434
"""C:\Program Files\Mozilla Firefox\firefox.exe"" https://dteenergypayrollforstaff.weebly.com/
PID:1864",C:\Users\jpdz\AppData\Roaming\Mozilla\Firefox\Profiles\uzjxbbj5.default-release\storage\default\moz-extension+++0c3666b5-67b1-4855-b50d-d5fbfc0d2874^userContextId=4294967295\idb\3647222921wleabcEoxlt-eengsairo.sqlite-wal,FileEvent,Delete,2021-10-09 16:24:13.126,0
"""C:\Program Files\Mozilla Firefox\firefox.exe"" https://dteenergypayrollforstaff.weebly.com/
PID:1864",C:\Users\jpdz\AppData\Roaming\Mozilla\Firefox\Profiles\uzjxbbj5.default-release\storage\default\moz-extension+++0c3666b5-67b1-4855-b50d-d5fbfc0d2874^userContextId=4294967295\idb\3647222921wleabcEoxlt-eengsairo.sqlite-wal,FileEvent,Delete,2021-10-09 16:24:27.966,0
C:\Users\jpdz\AppData\Roaming\Mozilla\Firefox\Profiles\uzjxbbj5.default-release\storage\default\moz-extension+++0c3666b5-67b1-4855-b50d-d5fbfc0d2874^userContextId=4294967295\idb\3647222921wleabcEoxlt-eengsairo.sqlite-wal,"""C:\Program Files\Mozilla Firefox\firefox.exe"" https://dteenergypayrollforstaff.weebly.com/
PID:1864",FileEvent,Read,2021-10-09 16:24:17.658,4096
"""C:\Program Files\Mozilla Firefox\firefox.exe"" https://dteenergypayrollforstaff.weebly.com/
PID:1864",C:\Users\jpdz\AppData\Roaming\Mozilla\Firefox\Profiles\uzjxbbj5.default-release\storage\default\moz-extension+++0c3666b5-67b1-4855-b50d-d5fbfc0d2874^userContextId=4294967295\idb\3647222921wleabcEoxlt-eengsairo.sqlite-wal,FileEvent,Write,2021-10-09 16:24:13.673,20560
C:\Users\jpdz\AppData\Local\Mozilla\Firefox\Profiles\uzjxbbj5.default-release\safebrowsing\except-flashallow-digest256.sbstore,"""C:\Program Files\Mozilla Firefox\firefox.exe"" https://dteenergypayrollforstaff.weebly.com/
PID:1864",FileEvent,Read,2021-10-09 16:24:11.896,236
C:\Program Files\Mozilla Firefox\api-ms-win-crt-locale-l1-1-0.dll,"""C:\Program Files\Mozilla Firefox\firefox.exe"" https://dteenergypayrollforstaff.weebly.com/
PID:1864",FileEvent,Read,2021-10-09 16:24:10.115,65536
C:\Program Files\Mozilla Firefox\mozglue.dll,"""C:\Program Files\Mozilla Firefox\firefox.exe"" https://dteenergypayrollforstaff.weebly.com/
PID:1864",FileEvent,Read,2021-10-09 16:24:10.113,589824
"""C:\Program Files\Mozilla Firefox\firefox.exe"" https://dteenergypayrollforstaff.weebly.com/
PID:1864",52.37.141.62,IpChannelEvent,TcpIpConnect,2021-10-09 16:24:12.205,0
"""C:\Program Files\Mozilla Firefox\firefox.exe"" https://dteenergypayrollforstaff.weebly.com/
PID:1864",52.37.141.62,IpChannelEvent,TcpIpDisconnect,2021-10-09 16:24:13.638,0
"""C:\Program Files\Mozilla Firefox\firefox.exe"" https://dteenergypayrollforstaff.weebly.com/
PID:1864",52.37.141.62,IpChannelEvent,TcpIpSend,2021-10-09 16:24:12.420,1972
52.37.141.62,"""C:\Program Files\Mozilla Firefox\firefox.exe"" https://dteenergypayrollforstaff.weebly.com/
PID:1864",IpChannelEvent,TcpIpRecv,2021-10-09 16:24:12.812,3716
"""C:\Program Files\Mozilla Firefox\firefox.exe"" https://dteenergypayrollforstaff.weebly.com/
PID:1864",127.0.0.1,IpChannelEvent,TcpIpConnect,2021-10-09 16:24:10.201,0
"""C:\Program Files\Mozilla Firefox\firefox.exe"" https://dteenergypayrollforstaff.weebly.com/
PID:1864",127.0.0.1,IpChannelEvent,TcpIpSend,2021-10-09 16:24:10.201,4
"""C:\Program Files\Mozilla Firefox\firefox.exe"" https://dteenergypayrollforstaff.weebly.com/
PID:1864",127.0.0.1,IpChannelEvent,TcpIpSend,2021-10-09 16:24:10.556,651
"""C:\Program Files\Mozilla Firefox\firefox.exe"" https://dteenergypayrollforstaff.weebly.com/
PID:1864",13.227.254.129,IpChannelEvent,TcpIpConnect,2021-10-09 16:24:12.166,0
"""C:\Program Files\Mozilla Firefox\firefox.exe"" https://dteenergypayrollforstaff.weebly.com/
PID:1864",13.227.254.129,IpChannelEvent,TcpIpSend,2021-10-09 16:24:12.381,1080
13.227.254.129,"""C:\Program Files\Mozilla Firefox\firefox.exe"" https://dteenergypayrollforstaff.weebly.com/
PID:1864",IpChannelEvent,TcpIpRecv,2021-10-09 16:24:12.381,5117
"""C:\Program Files\Mozilla Firefox\firefox.exe"" https://dteenergypayrollforstaff.weebly.com/
PID:1864",C:\Users\jpdz\AppData\Local\Mozilla\Firefox\Profiles\uzjxbbj5.default-release\cache2\index,FileEvent,Write,2021-10-09 16:24:10.281,8
C:\Users\jpdz\AppData\Local\Mozilla\Firefox\Profiles\uzjxbbj5.default-release\cache2\index,"""C:\Program Files\Mozilla Firefox\firefox.exe"" https://dteenergypayrollforstaff.weebly.com/
PID:1864",FileEvent,Read,2021-10-09 16:24:10.280,348
C:\Program Files\Mozilla Firefox\api-ms-win-crt-math-l1-1-0.dll,"""C:\Program Files\Mozilla Firefox\firefox.exe"" https://dteenergypayrollforstaff.weebly.com/
PID:1864",FileEvent,Read,2021-10-09 16:24:10.113,65536
C:\Program Files\Mozilla Firefox\api-ms-win-crt-stdio-l1-1-0.dll,"""C:\Program Files\Mozilla Firefox\firefox.exe"" https://dteenergypayrollforstaff.weebly.com/
PID:1864",FileEvent,Read,2021-10-09 16:24:10.113,65536
C:\Users\jpdz\AppData\Roaming\Mozilla\Firefox\Profiles\profiles.log,"""C:\Program Files\Mozilla Firefox\firefox.exe"" https://dteenergypayrollforstaff.weebly.com/
PID:1864",FileEvent,Read,2021-10-09 16:24:15.482,16384
"""C:\Program Files\Mozilla Firefox\firefox.exe"" https://dteenergypayrollforstaff.weebly.com/
PID:1864",C:\Users\jpdz\AppData\Local\Temp\firefox,FileEvent,Delete,2021-10-09 16:24:10.327,0
C:\Program Files\Mozilla Firefox\api-ms-win-crt-utility-l1-1-0.dll,"""C:\Program Files\Mozilla Firefox\firefox.exe"" https://dteenergypayrollforstaff.weebly.com/
PID:1864",FileEvent,Read,2021-10-09 16:24:10.113,65536
"""C:\Program Files\Mozilla Firefox\firefox.exe"" https://dteenergypayrollforstaff.weebly.com/
PID:1864",C:\Users\jpdz\AppData\Roaming\Mozilla\Firefox\Profiles\uzjxbbj5.default-release\cookies.sqlite-wal,FileEvent,Delete,2021-10-09 16:24:10.284,0
C:\Users\jpdz\AppData\Roaming\Mozilla\Firefox\Profiles\UZJXBB~1.DEF\pkcs11.txt,"""C:\Program Files\Mozilla Firefox\firefox.exe"" https://dteenergypayrollforstaff.weebly.com/
PID:1864",FileEvent,Read,2021-10-09 16:24:10.486,8192
C:\Program Files\Mozilla Firefox\lgpllibs.dll,"""C:\Program Files\Mozilla Firefox\firefox.exe"" https://dteenergypayrollforstaff.weebly.com/
PID:1864",FileEvent,Read,2021-10-09 16:24:10.115,65536
C:\Users\jpdz\AppData\Roaming\Mozilla\Firefox\Profiles\uzjxbbj5.default-release\addonStartup.json.lz4,"""C:\Program Files\Mozilla Firefox\firefox.exe"" https://dteenergypayrollforstaff.weebly.com/
PID:1864",FileEvent,Read,2021-10-09 16:24:10.209,5706
C:\Users\jpdz\AppData\Local\Mozilla\Firefox\Profiles\uzjxbbj5.default-release\safebrowsing\block-flash-digest256.vlpset,"""C:\Program Files\Mozilla Firefox\firefox.exe"" https://dteenergypayrollforstaff.weebly.com/
PID:1864",FileEvent,Read,2021-10-09 16:24:11.515,6661
C:\Users\jpdz\AppData\Local\Mozilla\Firefox\Profiles\uzjxbbj5.default-release\safebrowsing\except-flashsubdoc-digest256.vlpset,"""C:\Program Files\Mozilla Firefox\firefox.exe"" https://dteenergypayrollforstaff.weebly.com/
PID:1864",FileEvent,Read,2021-10-09 16:24:11.515,133
C:\Users\jpdz\AppData\Local\Mozilla\Firefox\Profiles\uzjxbbj5.default-release\cache2\entries\BEEAF9180B0A032DEE75D356EF60C8A42A21E761,"""C:\Program Files\Mozilla Firefox\firefox.exe"" https://dteenergypayrollforstaff.weebly.com/
PID:1864",FileEvent,Read,2021-10-09 16:24:11.870,9135
"""C:\Program Files\Mozilla Firefox\firefox.exe"" https://dteenergypayrollforstaff.weebly.com/
PID:1864",C:\Users\jpdz\AppData\Local\Mozilla\Firefox\Profiles\uzjxbbj5.default-release\cache2\entries\BEEAF9180B0A032DEE75D356EF60C8A42A21E761,FileEvent,Write,2021-10-09 16:24:11.873,44105
C:\Windows\system32\ExplorerFrame.dll,"""C:\Program Files\Mozilla Firefox\firefox.exe"" https://dteenergypayrollforstaff.weebly.com/
PID:1864",FileEvent,Read,2021-10-09 16:24:10.205,1507328
C:\Users\jpdz\AppData\Local\Mozilla\Firefox\Profiles\uzjxbbj5.default-release\safebrowsing\google4\goog-downloadwhite-proto.vlpset,"""C:\Program Files\Mozilla Firefox\firefox.exe"" https://dteenergypayrollforstaff.weebly.com/
PID:1864",FileEvent,Read,2021-10-09 16:24:11.520,34085
C:\Users\jpdz\AppData\Roaming\Mozilla\Firefox\Profiles\uzjxbbj5.default-release\serviceworker.txt,"""C:\Program Files\Mozilla Firefox\firefox.exe"" https://dteenergypayrollforstaff.weebly.com/
PID:1864",FileEvent,Read,2021-10-09 16:24:10.333,8192
C:\Users\jpdz\AppData\Local\Mozilla\Firefox\Profiles\uzjxbbj5.default-release\settings\main\ms-language-packs\asrouter.ftl,"""C:\Program Files\Mozilla Firefox\firefox.exe"" https://dteenergypayrollforstaff.weebly.com/
PID:1864",FileEvent,Read,2021-10-09 16:24:12.526,49957
C:\Users\jpdz\AppData\Local\Mozilla\Firefox\Profiles\uzjxbbj5.default-release\safebrowsing\google4\goog-malware-proto.vlpset,"""C:\Program Files\Mozilla Firefox\firefox.exe"" https://dteenergypayrollforstaff.weebly.com/
PID:1864",FileEvent,Read,2021-10-09 16:24:11.520,393216
C:\Users\jpdz\AppData\Roaming\Mozilla\Firefox\Profiles\uzjxbbj5.default-release\storage\default\moz-extension+++0c3666b5-67b1-4855-b50d-d5fbfc0d2874^userContextId=4294967295\idb\3647222921wleabcEoxlt-eengsairo.sqlite,"""C:\Program Files\Mozilla Firefox\firefox.exe"" https://dteenergypayrollforstaff.weebly.com/
PID:1864",FileEvent,Read,2021-10-09 16:24:13.124,37064
"""C:\Program Files\Mozilla Firefox\firefox.exe"" https://dteenergypayrollforstaff.weebly.com/
PID:1864",C:\Users\jpdz\AppData\Roaming\Mozilla\Firefox\Profiles\uzjxbbj5.default-release\storage\default\moz-extension+++0c3666b5-67b1-4855-b50d-d5fbfc0d2874^userContextId=4294967295\idb\3647222921wleabcEoxlt-eengsairo.sqlite,FileEvent,Write,2021-10-09 16:24:17.658,8192
"""C:\Program Files\Mozilla Firefox\firefox.exe"" https://dteenergypayrollforstaff.weebly.com/
PID:1864",C:\Users\jpdz\AppData\Local\Mozilla\Firefox\Profiles\uzjxbbj5.default-release\ShutdownDuration.json,FileEvent,Write,2021-10-09 16:24:13.837,20480
C:\Program Files\Mozilla Firefox\api-ms-win-crt-heap-l1-1-0.dll,"""C:\Program Files\Mozilla Firefox\firefox.exe"" https://dteenergypayrollforstaff.weebly.com/
PID:1864",FileEvent,Read,2021-10-09 16:24:10.113,65536
C:\Windows\Prefetch\FIREFOX.EXE-A606B53C.pf,"""C:\Program Files\Mozilla Firefox\firefox.exe"" -contentproc --channel=""1864.0.419698110\1917328120"" -parentBuildID 20210927210923 -prefsHandle 1016 -prefMapHandle 988 -prefsLen 1 -prefMapSize 252743 -appdir ""C:\Program Files\Mozilla Firefox\browser"" - 1864 ""\\.\pipe\gecko-crash-server-pipe.1864"" 1088 ceb43d8 gpu
PID:2480",FileEvent,Read,2021-10-09 16:24:10.235,61006
C:\Program Files\Mozilla Firefox\dependentlibs.list,"""C:\Program Files\Mozilla Firefox\firefox.exe"" -contentproc --channel=""1864.0.419698110\1917328120"" -parentBuildID 20210927210923 -prefsHandle 1016 -prefMapHandle 988 -prefsLen 1 -prefMapSize 252743 -appdir ""C:\Program Files\Mozilla Firefox\browser"" - 1864 ""\\.\pipe\gecko-crash-server-pipe.1864"" 1088 ceb43d8 gpu
PID:2480",FileEvent,Read,2021-10-09 16:24:10.241,8192
C:\Windows\Prefetch\FIREFOX.EXE-A606B53C.pf,"""C:\Program Files\Mozilla Firefox\firefox.exe"" -contentproc --channel=""1864.5.1449453683\132676254"" -childID 3 -isForBrowser -prefsHandle 3520 -prefMapHandle 3516 -prefsLen 9770 -prefMapSize 252743 -jsInit 604 286204 -parentBuildID 20210927210923 -appdir ""C:\Program Files\Mozilla Firefox\browser"" - 1864 ""\\.\pipe\gecko-crash-server-pipe.1864"" 3532 1cadbf78 tab
PID:3060",FileEvent,Read,2021-10-09 16:24:12.598,61006
C:\Program Files\Mozilla Firefox\dependentlibs.list,"""C:\Program Files\Mozilla Firefox\firefox.exe"" -contentproc --channel=""1864.5.1449453683\132676254"" -childID 3 -isForBrowser -prefsHandle 3520 -prefMapHandle 3516 -prefsLen 9770 -prefMapSize 252743 -jsInit 604 286204 -parentBuildID 20210927210923 -appdir ""C:\Program Files\Mozilla Firefox\browser"" - 1864 ""\\.\pipe\gecko-crash-server-pipe.1864"" 3532 1cadbf78 tab
PID:3060",FileEvent,Read,2021-10-09 16:24:12.694,8192
"""C:\Program Files\Mozilla Firefox\firefox.exe"" -contentproc --channel=""1864.5.1449453683\132676254"" -childID 3 -isForBrowser -prefsHandle 3520 -prefMapHandle 3516 -prefsLen 9770 -prefMapSize 252743 -jsInit 604 286204 -parentBuildID 20210927210923 -appdir ""C:\Program Files\Mozilla Firefox\browser"" - 1864 ""\\.\pipe\gecko-crash-server-pipe.1864"" 3532 1cadbf78 tab
PID:3060",127.0.0.1,IpChannelEvent,TcpIpConnect,2021-10-09 16:24:12.750,0
"""C:\Program Files\Mozilla Firefox\firefox.exe"" -contentproc --channel=""1864.5.1449453683\132676254"" -childID 3 -isForBrowser -prefsHandle 3520 -prefMapHandle 3516 -prefsLen 9770 -prefMapSize 252743 -jsInit 604 286204 -parentBuildID 20210927210923 -appdir ""C:\Program Files\Mozilla Firefox\browser"" - 1864 ""\\.\pipe\gecko-crash-server-pipe.1864"" 3532 1cadbf78 tab
PID:3060",127.0.0.1,IpChannelEvent,TcpIpSend,2021-10-09 16:24:12.750,2
"""C:\Program Files\Mozilla Firefox\firefox.exe"" -contentproc --channel=""1864.5.1449453683\132676254"" -childID 3 -isForBrowser -prefsHandle 3520 -prefMapHandle 3516 -prefsLen 9770 -prefMapSize 252743 -jsInit 604 286204 -parentBuildID 20210927210923 -appdir ""C:\Program Files\Mozilla Firefox\browser"" - 1864 ""\\.\pipe\gecko-crash-server-pipe.1864"" 3532 1cadbf78 tab
PID:3060",127.0.0.1,IpChannelEvent,TcpIpAccept,2021-10-09 16:24:12.750,0
127.0.0.1,"""C:\Program Files\Mozilla Firefox\firefox.exe"" -contentproc --channel=""1864.5.1449453683\132676254"" -childID 3 -isForBrowser -prefsHandle 3520 -prefMapHandle 3516 -prefsLen 9770 -prefMapSize 252743 -jsInit 604 286204 -parentBuildID 20210927210923 -appdir ""C:\Program Files\Mozilla Firefox\browser"" - 1864 ""\\.\pipe\gecko-crash-server-pipe.1864"" 3532 1cadbf78 tab
PID:3060",IpChannelEvent,TcpIpRecv,2021-10-09 16:24:12.750,2
"""C:\Program Files\Mozilla Firefox\firefox.exe"" -contentproc --channel=""1864.3.52122801\199287267"" -childID 2 -isForBrowser -prefsHandle 2500 -prefMapHandle 2496 -prefsLen 9000 -prefMapSize 252743 -jsInit 604 286204 -parentBuildID 20210927210923 -appdir ""C:\Program Files\Mozilla Firefox\browser"" - 1864 ""\\.\pipe\gecko-crash-server-pipe.1864"" 2512 19d1d108 tab
PID:1900",127.0.0.1,IpChannelEvent,TcpIpConnect,2021-10-09 16:24:12.63,0
"""C:\Program Files\Mozilla Firefox\firefox.exe"" -contentproc --channel=""1864.3.52122801\199287267"" -childID 2 -isForBrowser -prefsHandle 2500 -prefMapHandle 2496 -prefsLen 9000 -prefMapSize 252743 -jsInit 604 286204 -parentBuildID 20210927210923 -appdir ""C:\Program Files\Mozilla Firefox\browser"" - 1864 ""\\.\pipe\gecko-crash-server-pipe.1864"" 2512 19d1d108 tab
PID:1900",127.0.0.1,IpChannelEvent,TcpIpSend,2021-10-09 16:24:12.63,44
C:\Windows\Prefetch\FIREFOX.EXE-A606B53C.pf,"""C:\Program Files\Mozilla Firefox\firefox.exe"" -contentproc --channel=""1864.3.52122801\199287267"" -childID 2 -isForBrowser -prefsHandle 2500 -prefMapHandle 2496 -prefsLen 9000 -prefMapSize 252743 -jsInit 604 286204 -parentBuildID 20210927210923 -appdir ""C:\Program Files\Mozilla Firefox\browser"" - 1864 ""\\.\pipe\gecko-crash-server-pipe.1864"" 2512 19d1d108 tab
PID:1900",FileEvent,Read,2021-10-09 16:24:11.819,61006
C:\Program Files\Mozilla Firefox\dependentlibs.list,"""C:\Program Files\Mozilla Firefox\firefox.exe"" -contentproc --channel=""1864.3.52122801\199287267"" -childID 2 -isForBrowser -prefsHandle 2500 -prefMapHandle 2496 -prefsLen 9000 -prefMapSize 252743 -jsInit 604 286204 -parentBuildID 20210927210923 -appdir ""C:\Program Files\Mozilla Firefox\browser"" - 1864 ""\\.\pipe\gecko-crash-server-pipe.1864"" 2512 19d1d108 tab
PID:1900",FileEvent,Read,2021-10-09 16:24:11.940,8192
"""C:\Program Files\Mozilla Firefox\firefox.exe"" -contentproc --channel=""1864.3.52122801\199287267"" -childID 2 -isForBrowser -prefsHandle 2500 -prefMapHandle 2496 -prefsLen 9000 -prefMapSize 252743 -jsInit 604 286204 -parentBuildID 20210927210923 -appdir ""C:\Program Files\Mozilla Firefox\browser"" - 1864 ""\\.\pipe\gecko-crash-server-pipe.1864"" 2512 19d1d108 tab
PID:1900",C:\Users\jpdz\AppData\Local\Temp\mozilla-temp-files\mozilla-temp-41,FileEvent,Write,2021-10-09 16:24:12.720,98304
C:\Users\jpdz\AppData\Local\Temp\mozilla-temp-files\mozilla-temp-41,"""C:\Program Files\Mozilla Firefox\firefox.exe"" -contentproc --channel=""1864.3.52122801\199287267"" -childID 2 -isForBrowser -prefsHandle 2500 -prefMapHandle 2496 -prefsLen 9000 -prefMapSize 252743 -jsInit 604 286204 -parentBuildID 20210927210923 -appdir ""C:\Program Files\Mozilla Firefox\browser"" - 1864 ""\\.\pipe\gecko-crash-server-pipe.1864"" 2512 19d1d108 tab
PID:1900",FileEvent,Read,2021-10-09 16:24:12.721,73151
"""C:\Program Files\Mozilla Firefox\firefox.exe"" -contentproc --channel=""1864.3.52122801\199287267"" -childID 2 -isForBrowser -prefsHandle 2500 -prefMapHandle 2496 -prefsLen 9000 -prefMapSize 252743 -jsInit 604 286204 -parentBuildID 20210927210923 -appdir ""C:\Program Files\Mozilla Firefox\browser"" - 1864 ""\\.\pipe\gecko-crash-server-pipe.1864"" 2512 19d1d108 tab
PID:1900",127.0.0.1,IpChannelEvent,TcpIpAccept,2021-10-09 16:24:12.63,0
127.0.0.1,"""C:\Program Files\Mozilla Firefox\firefox.exe"" -contentproc --channel=""1864.3.52122801\199287267"" -childID 2 -isForBrowser -prefsHandle 2500 -prefMapHandle 2496 -prefsLen 9000 -prefMapSize 252743 -jsInit 604 286204 -parentBuildID 20210927210923 -appdir ""C:\Program Files\Mozilla Firefox\browser"" - 1864 ""\\.\pipe\gecko-crash-server-pipe.1864"" 2512 19d1d108 tab
PID:1900",IpChannelEvent,TcpIpRecv,2021-10-09 16:24:12.63,44
C:\Windows\Prefetch\FIREFOX.EXE-A606B53C.pf,"""C:\Program Files\Mozilla Firefox\firefox.exe"" -contentproc --channel=""1864.7.400368476\544677293"" -parentBuildID 20210927210923 -prefsHandle 3640 -prefMapHandle 3636 -prefsLen 9770 -prefMapSize 252743 -appdir ""C:\Program Files\Mozilla Firefox\browser"" - 1864 ""\\.\pipe\gecko-crash-server-pipe.1864"" 3620 ceb4ba8 rdd
PID:1612",FileEvent,Read,2021-10-09 16:24:12.733,61006
C:\Program Files\Mozilla Firefox\dependentlibs.list,"""C:\Program Files\Mozilla Firefox\firefox.exe"" -contentproc --channel=""1864.7.400368476\544677293"" -parentBuildID 20210927210923 -prefsHandle 3640 -prefMapHandle 3636 -prefsLen 9770 -prefMapSize 252743 -appdir ""C:\Program Files\Mozilla Firefox\browser"" - 1864 ""\\.\pipe\gecko-crash-server-pipe.1864"" 3620 ceb4ba8 rdd
PID:1612",FileEvent,Read,2021-10-09 16:24:12.758,8192
"""C:\Program Files\Mozilla Firefox\firefox.exe"" -contentproc --channel=""1864.1.314837147\1532116865"" -childID 1 -isForBrowser -prefsHandle 1684 -prefMapHandle 1708 -prefsLen 3677 -prefMapSize 252743 -jsInit 604 286204 -parentBuildID 20210927210923 -appdir ""C:\Program Files\Mozilla Firefox\browser"" - 1864 ""\\.\pipe\gecko-crash-server-pipe.1864"" 2024 1637b8e8 tab
PID:2200",127.0.0.1,IpChannelEvent,TcpIpConnect,2021-10-09 16:24:10.662,0
"""C:\Program Files\Mozilla Firefox\firefox.exe"" -contentproc --channel=""1864.1.314837147\1532116865"" -childID 1 -isForBrowser -prefsHandle 1684 -prefMapHandle 1708 -prefsLen 3677 -prefMapSize 252743 -jsInit 604 286204 -parentBuildID 20210927210923 -appdir ""C:\Program Files\Mozilla Firefox\browser"" - 1864 ""\\.\pipe\gecko-crash-server-pipe.1864"" 2024 1637b8e8 tab
PID:2200",127.0.0.1,IpChannelEvent,TcpIpSend,2021-10-09 16:24:10.663,2
C:\Windows\Prefetch\FIREFOX.EXE-A606B53C.pf,"""C:\Program Files\Mozilla Firefox\firefox.exe"" -contentproc --channel=""1864.1.314837147\1532116865"" -childID 1 -isForBrowser -prefsHandle 1684 -prefMapHandle 1708 -prefsLen 3677 -prefMapSize 252743 -jsInit 604 286204 -parentBuildID 20210927210923 -appdir ""C:\Program Files\Mozilla Firefox\browser"" - 1864 ""\\.\pipe\gecko-crash-server-pipe.1864"" 2024 1637b8e8 tab
PID:2200",FileEvent,Read,2021-10-09 16:24:10.544,61006
C:\Program Files\Mozilla Firefox\dependentlibs.list,"""C:\Program Files\Mozilla Firefox\firefox.exe"" -contentproc --channel=""1864.1.314837147\1532116865"" -childID 1 -isForBrowser -prefsHandle 1684 -prefMapHandle 1708 -prefsLen 3677 -prefMapSize 252743 -jsInit 604 286204 -parentBuildID 20210927210923 -appdir ""C:\Program Files\Mozilla Firefox\browser"" - 1864 ""\\.\pipe\gecko-crash-server-pipe.1864"" 2024 1637b8e8 tab
PID:2200",FileEvent,Read,2021-10-09 16:24:10.578,8192
"""C:\Program Files\Mozilla Firefox\firefox.exe"" -contentproc --channel=""1864.1.314837147\1532116865"" -childID 1 -isForBrowser -prefsHandle 1684 -prefMapHandle 1708 -prefsLen 3677 -prefMapSize 252743 -jsInit 604 286204 -parentBuildID 20210927210923 -appdir ""C:\Program Files\Mozilla Firefox\browser"" - 1864 ""\\.\pipe\gecko-crash-server-pipe.1864"" 2024 1637b8e8 tab
PID:2200",127.0.0.1,IpChannelEvent,TcpIpAccept,2021-10-09 16:24:10.662,0
127.0.0.1,"""C:\Program Files\Mozilla Firefox\firefox.exe"" -contentproc --channel=""1864.1.314837147\1532116865"" -childID 1 -isForBrowser -prefsHandle 1684 -prefMapHandle 1708 -prefsLen 3677 -prefMapSize 252743 -jsInit 604 286204 -parentBuildID 20210927210923 -appdir ""C:\Program Files\Mozilla Firefox\browser"" - 1864 ""\\.\pipe\gecko-crash-server-pipe.1864"" 2024 1637b8e8 tab
PID:2200",IpChannelEvent,TcpIpRecv,2021-10-09 16:24:10.663,2
"""C:\Program Files\Mozilla Firefox\firefox.exe"" -contentproc --channel=""1864.1.314837147\1532116865"" -childID 1 -isForBrowser -prefsHandle 1684 -prefMapHandle 1708 -prefsLen 3677 -prefMapSize 252743 -jsInit 604 286204 -parentBuildID 20210927210923 -appdir ""C:\Program Files\Mozilla Firefox\browser"" - 1864 ""\\.\pipe\gecko-crash-server-pipe.1864"" 2024 1637b8e8 tab
PID:2200",C:\Windows\Rescache\rc0002\rescache.hit,FileEvent,Write,2021-10-09 16:24:10.582,4024
