start,end,eventtype,operationtype,time,ref.size
"""C:\Program Files\Mozilla Firefox\firefox.exe"" http://host.omni4africa.com/mps/redirect.php
PID:2304",13.227.254.104,IpChannelEvent,TcpIpConnect,2021-10-09 16:24:12.756,0
"""C:\Program Files\Mozilla Firefox\firefox.exe"" http://host.omni4africa.com/mps/redirect.php
PID:2304",13.227.254.104,IpChannelEvent,TcpIpSend,2021-10-09 16:24:12.982,1080
13.227.254.104,"""C:\Program Files\Mozilla Firefox\firefox.exe"" http://host.omni4africa.com/mps/redirect.php
PID:2304",IpChannelEvent,TcpIpRecv,2021-10-09 16:24:13.72,5117
"""C:\Program Files\Mozilla Firefox\firefox.exe"" http://host.omni4africa.com/mps/redirect.php
PID:2304",35.244.247.133,IpChannelEvent,TcpIpConnect,2021-10-09 16:24:12.452,0
"""C:\Program Files\Mozilla Firefox\firefox.exe"" http://host.omni4africa.com/mps/redirect.php
PID:2304",35.244.247.133,IpChannelEvent,TcpIpSend,2021-10-09 16:24:12.478,3567
35.244.247.133,"""C:\Program Files\Mozilla Firefox\firefox.exe"" http://host.omni4africa.com/mps/redirect.php
PID:2304",IpChannelEvent,TcpIpRecv,2021-10-09 16:24:12.561,4155
C:\Program Files\Mozilla Firefox\api-ms-win-crt-multibyte-l1-1-0.dll,"""C:\Program Files\Mozilla Firefox\firefox.exe"" http://host.omni4africa.com/mps/redirect.php
PID:2304",FileEvent,Read,2021-10-09 16:24:07.833,65536
"""C:\Program Files\Mozilla Firefox\firefox.exe"" http://host.omni4africa.com/mps/redirect.php
PID:2304",C:\Users\jpdz\AppData\Roaming\Mozilla\Firefox\Profiles\uzjxbbj5.default-release\datareporting\glean\pending_pings\6b4f38d6-ed03-4ef2-a7d9-7c9fa6e8fc1b,FileEvent,Delete,2021-10-09 16:24:13.348,0
C:\Users\jpdz\AppData\Roaming\Mozilla\Firefox\Profiles\uzjxbbj5.default-release\datareporting\glean\pending_pings\6b4f38d6-ed03-4ef2-a7d9-7c9fa6e8fc1b,"""C:\Program Files\Mozilla Firefox\firefox.exe"" http://host.omni4africa.com/mps/redirect.php
PID:2304",FileEvent,Read,2021-10-09 16:24:12.997,49152
C:\Users\jpdz\AppData\Local\Mozilla\Firefox\Profiles\uzjxbbj5.default-release\safebrowsing\social-tracking-protection-facebook-digest256.vlpset,"""C:\Program Files\Mozilla Firefox\firefox.exe"" http://host.omni4africa.com/mps/redirect.php
PID:2304",FileEvent,Read,2021-10-09 16:24:11.959,453
C:\Users\jpdz\AppData\Local\Mozilla\Firefox\Profiles\uzjxbbj5.default-release\safebrowsing\google4\goog-malware-proto.metadata,"""C:\Program Files\Mozilla Firefox\firefox.exe"" http://host.omni4africa.com/mps/redirect.php
PID:2304",FileEvent,Read,2021-10-09 16:24:12.348,71
C:\Users\jpdz\AppData\Roaming\Mozilla\Firefox\Profiles\uzjxbbj5.default-release\storage\default\moz-extension+++0c3666b5-67b1-4855-b50d-d5fbfc0d2874^userContextId=4294967295\.metadata-v2,"""C:\Program Files\Mozilla Firefox\firefox.exe"" http://host.omni4africa.com/mps/redirect.php
PID:2304",FileEvent,Read,2021-10-09 16:24:12.985,512
C:\Users\jpdz\AppData\Local\Mozilla\Firefox\Profiles\uzjxbbj5.default-release\safebrowsing\google-trackwhite-digest256.sbstore,"""C:\Program Files\Mozilla Firefox\firefox.exe"" http://host.omni4africa.com/mps/redirect.php
PID:2304",FileEvent,Read,2021-10-09 16:24:12.347,46359
C:\Users\jpdz\AppData\Roaming\Mozilla\Firefox\Profiles\uzjxbbj5.default-release\extension-settings.json,"""C:\Program Files\Mozilla Firefox\firefox.exe"" http://host.omni4africa.com/mps/redirect.php
PID:2304",FileEvent,Read,2021-10-09 16:24:08.157,284
C:\Users\jpdz\AppData\Roaming\Mozilla\Firefox\Profiles\uzjxbbj5.default-release\storage\permanent\chrome\idb\1451318868ntouromlalnodry--epcr.sqlite,"""C:\Program Files\Mozilla Firefox\firefox.exe"" http://host.omni4africa.com/mps/redirect.php
PID:2304",FileEvent,Read,2021-10-09 16:24:08.161,37064
C:\Users\jpdz\AppData\Local\Mozilla\Firefox\Profiles\uzjxbbj5.default-release\safebrowsing\google-trackwhite-digest256.vlpset,"""C:\Program Files\Mozilla Firefox\firefox.exe"" http://host.omni4africa.com/mps/redirect.php
PID:2304",FileEvent,Read,2021-10-09 16:24:11.952,3014656
C:\Users\jpdz\AppData\Roaming\Microsoft\Internet Explorer\Quick Launch\User Pinned\TaskBar\Firefox.lnk,"""C:\Program Files\Mozilla Firefox\firefox.exe"" http://host.omni4africa.com/mps/redirect.php
PID:2304",FileEvent,Read,2021-10-09 16:24:12.535,4096
C:\Program Files\desktop.ini,"""C:\Program Files\Mozilla Firefox\firefox.exe"" http://host.omni4africa.com/mps/redirect.php
PID:2304",FileEvent,Read,2021-10-09 16:24:12.537,176
"""C:\Program Files\Mozilla Firefox\firefox.exe"" http://host.omni4africa.com/mps/redirect.php
PID:2304",C:\Users\jpdz\AppData\Roaming\Mozilla\Firefox\Profiles\uzjxbbj5.default-release\storage\default\moz-extension+++0424fd79-b62a-421f-bf32-0d1549ab34f2^userContextId=4294967295\idb\3647222921wleabcEoxlt-eengsairo.sqlite,FileEvent,Write,2021-10-09 16:24:22.37,8192
C:\Users\jpdz\AppData\Roaming\Mozilla\Firefox\Profiles\uzjxbbj5.default-release\storage\default\moz-extension+++0424fd79-b62a-421f-bf32-0d1549ab34f2^userContextId=4294967295\idb\3647222921wleabcEoxlt-eengsairo.sqlite,"""C:\Program Files\Mozilla Firefox\firefox.exe"" http://host.omni4africa.com/mps/redirect.php
PID:2304",FileEvent,Read,2021-10-09 16:24:18.914,37064
"""C:\Program Files\Mozilla Firefox\firefox.exe"" http://host.omni4africa.com/mps/redirect.php
PID:2304","""C:\Program Files\Mozilla Firefox\firefox.exe"" -contentproc --channel=""2304.0.323349308\1215329835"" -parentBuildID 20210927210923 -prefsHandle 1016 -prefMapHandle 1000 -prefsLen 1 -prefMapSize 252743 -appdir ""C:\Program Files\Mozilla Firefox\browser"" - 2304 ""\\.\pipe\gecko-crash-server-pipe.2304"" 1088 ceaf8e8 gpu
PID:3504",ProcessEvent,Create,2021-10-09 16:24:07.944,
"""C:\Program Files\Mozilla Firefox\firefox.exe"" http://host.omni4africa.com/mps/redirect.php
PID:2304",C:\Users\jpdz\AppData\Roaming\Mozilla\Firefox\Profiles\uzjxbbj5.default-release\storage\default\moz-extension+++7b7c287d-b9ee-4c40-99c0-63c5bd847cee^userContextId=4294967295\idb\3647222921wleabcEoxlt-eengsairo.sqlite-shm,FileEvent,Delete,2021-10-09 16:24:13.768,0
"""C:\Program Files\Mozilla Firefox\firefox.exe"" http://host.omni4africa.com/mps/redirect.php
PID:2304",C:\Users\jpdz\AppData\Roaming\Mozilla\Firefox\Profiles\uzjxbbj5.default-release\storage\default\moz-extension+++7b7c287d-b9ee-4c40-99c0-63c5bd847cee^userContextId=4294967295\idb\3647222921wleabcEoxlt-eengsairo.sqlite-shm,FileEvent,Delete,2021-10-09 16:24:25.700,0
C:\Users\jpdz\AppData\Roaming\Mozilla\Firefox\Profiles\uzjxbbj5.default-release\storage\default\moz-extension+++7b7c287d-b9ee-4c40-99c0-63c5bd847cee^userContextId=4294967295\idb\3647222921wleabcEoxlt-eengsairo.sqlite-shm,"""C:\Program Files\Mozilla Firefox\firefox.exe"" http://host.omni4africa.com/mps/redirect.php
PID:2304",FileEvent,Read,2021-10-09 16:24:13.767,65536
C:\Users\jpdz\AppData\Local\Mozilla\Firefox\Profiles\uzjxbbj5.default-release\safebrowsing\base-cryptomining-track-digest256.vlpset,"""C:\Program Files\Mozilla Firefox\firefox.exe"" http://host.omni4africa.com/mps/redirect.php
PID:2304",FileEvent,Read,2021-10-09 16:24:11.952,2277
C:\Users\jpdz\AppData\Roaming\Mozilla\Firefox\Profiles\uzjxbbj5.default-release\storage\permanent\chrome\.metadata-v2,"""C:\Program Files\Mozilla Firefox\firefox.exe"" http://host.omni4africa.com/mps/redirect.php
PID:2304",FileEvent,Read,2021-10-09 16:24:08.158,512
C:\Users\jpdz\AppData\Local\Mozilla\Firefox\Profiles\uzjxbbj5.default-release\safebrowsing\analytics-track-digest256.sbstore,"""C:\Program Files\Mozilla Firefox\firefox.exe"" http://host.omni4africa.com/mps/redirect.php
PID:2304",FileEvent,Read,2021-10-09 16:24:12.346,559
"""C:\Program Files\Mozilla Firefox\firefox.exe"" http://host.omni4africa.com/mps/redirect.php
PID:2304",C:\Users\jpdz\AppData\Roaming\Mozilla\Firefox\Profiles\uzjxbbj5.default-release\storage\permanent\chrome\idb\2823318777ntouromlalnodry--naod.sqlite-shm,FileEvent,Delete,2021-10-09 16:24:12.524,0
"""C:\Program Files\Mozilla Firefox\firefox.exe"" http://host.omni4africa.com/mps/redirect.php
PID:2304",C:\Users\jpdz\AppData\Roaming\Mozilla\Firefox\Profiles\uzjxbbj5.default-release\storage\permanent\chrome\idb\2823318777ntouromlalnodry--naod.sqlite-shm,FileEvent,Delete,2021-10-09 16:24:24.497,0
C:\Users\jpdz\AppData\Roaming\Mozilla\Firefox\Profiles\uzjxbbj5.default-release\storage\permanent\chrome\idb\2823318777ntouromlalnodry--naod.sqlite-shm,"""C:\Program Files\Mozilla Firefox\firefox.exe"" http://host.omni4africa.com/mps/redirect.php
PID:2304",FileEvent,Read,2021-10-09 16:24:12.523,65536
C:\Users\jpdz\AppData\Roaming\Mozilla\Firefox\Profiles\uzjxbbj5.default-release\storage\ls-archive.sqlite,"""C:\Program Files\Mozilla Firefox\firefox.exe"" http://host.omni4africa.com/mps/redirect.php
PID:2304",FileEvent,Read,2021-10-09 16:24:08.158,65684
"""C:\Program Files\Mozilla Firefox\firefox.exe"" http://host.omni4africa.com/mps/redirect.php
PID:2304",C:\Users\jpdz\AppData\Roaming\Mozilla\Firefox\Profiles\uzjxbbj5.default-release\places.sqlite-wal,FileEvent,Write,2021-10-09 16:24:08.341,4128
"""C:\Program Files\Mozilla Firefox\firefox.exe"" http://host.omni4africa.com/mps/redirect.php
PID:2304",C:\Users\jpdz\AppData\Roaming\Mozilla\Firefox\Profiles\uzjxbbj5.default-release\places.sqlite-wal,FileEvent,Write,2021-10-09 16:24:11.791,65584
C:\Users\jpdz\AppData\Local\Mozilla\Firefox\Profiles\uzjxbbj5.default-release\safebrowsing\ads-track-digest256.vlpset,"""C:\Program Files\Mozilla Firefox\firefox.exe"" http://host.omni4africa.com/mps/redirect.php
PID:2304",FileEvent,Read,2021-10-09 16:24:11.951,55877
C:\Users\jpdz\AppData\Local\Mozilla\Firefox\Profiles\uzjxbbj5.default-release\safebrowsing\analytics-track-digest256.vlpset,"""C:\Program Files\Mozilla Firefox\firefox.exe"" http://host.omni4africa.com/mps/redirect.php
PID:2304",FileEvent,Read,2021-10-09 16:24:11.952,10021
C:\Users\jpdz\AppData\Roaming\Mozilla\Firefox\Profiles\uzjxbbj5.default-release\prefs.js,"""C:\Program Files\Mozilla Firefox\firefox.exe"" http://host.omni4africa.com/mps/redirect.php
PID:2304",FileEvent,Read,2021-10-09 16:24:07.907,20224
"""C:\Program Files\Mozilla Firefox\firefox.exe"" http://host.omni4africa.com/mps/redirect.php
PID:2304",125.220.192.143,IpChannelEvent,TcpIpConnect,2021-10-09 16:24:17.768,0
"""C:\Program Files\Mozilla Firefox\firefox.exe"" http://host.omni4africa.com/mps/redirect.php
PID:2304",125.220.192.143,IpChannelEvent,TcpIpDisconnect,2021-10-09 16:24:18.903,0
"""C:\Program Files\Mozilla Firefox\firefox.exe"" http://host.omni4africa.com/mps/redirect.php
PID:2304",125.220.192.143,IpChannelEvent,TcpIpSend,2021-10-09 16:24:17.853,811
125.220.192.143,"""C:\Program Files\Mozilla Firefox\firefox.exe"" http://host.omni4africa.com/mps/redirect.php
PID:2304",IpChannelEvent,TcpIpRecv,2021-10-09 16:24:17.853,4456
"""C:\Program Files\Mozilla Firefox\firefox.exe"" http://host.omni4africa.com/mps/redirect.php
PID:2304",103.254.188.158,IpChannelEvent,TcpIpConnect,2021-10-09 16:24:13.280,0
103.254.188.158,"""C:\Program Files\Mozilla Firefox\firefox.exe"" http://host.omni4africa.com/mps/redirect.php
PID:2304",IpChannelEvent,TcpIpRecv,2021-10-09 16:24:13.357,5471
"""C:\Program Files\Mozilla Firefox\firefox.exe"" http://host.omni4africa.com/mps/redirect.php
PID:2304",103.254.188.158,IpChannelEvent,TcpIpSend,2021-10-09 16:24:13.357,1077
"""C:\Program Files\Mozilla Firefox\firefox.exe"" http://host.omni4africa.com/mps/redirect.php
PID:2304",C:\Users\jpdz\AppData\Roaming\Mozilla\Firefox\Profiles\uzjxbbj5.default-release\sessionCheckpoints.json.tmp,FileEvent,Write,2021-10-09 16:24:08.53,53
"""C:\Program Files\Mozilla Firefox\firefox.exe"" http://host.omni4africa.com/mps/redirect.php
PID:2304",C:\Users\jpdz\AppData\Roaming\Mozilla\Firefox\Profiles\uzjxbbj5.default-release\sessionCheckpoints.json.tmp,FileEvent,Write,2021-10-09 16:24:11.903,90
C:\Users\jpdz\AppData\Local\Mozilla\Firefox\Profiles\uzjxbbj5.default-release\safebrowsing\allow-flashallow-digest256.vlpset,"""C:\Program Files\Mozilla Firefox\firefox.exe"" http://host.omni4africa.com/mps/redirect.php
PID:2304",FileEvent,Read,2021-10-09 16:24:11.952,69
"""C:\Program Files\Mozilla Firefox\firefox.exe"" http://host.omni4africa.com/mps/redirect.php
PID:2304",C:\Users\jpdz\AppData\Roaming\Mozilla\Firefox\Profiles\uzjxbbj5.default-release\cookies.sqlite-shm,FileEvent,Delete,2021-10-09 16:24:08.4,0
C:\Users\jpdz\AppData\Roaming\Mozilla\Firefox\Profiles\uzjxbbj5.default-release\cookies.sqlite-shm,"""C:\Program Files\Mozilla Firefox\firefox.exe"" http://host.omni4africa.com/mps/redirect.php
PID:2304",FileEvent,Read,2021-10-09 16:24:08.3,65536
"""C:\Program Files\Mozilla Firefox\firefox.exe"" http://host.omni4africa.com/mps/redirect.php
PID:2304",C:\Users\jpdz\AppData\Local\Mozilla\Firefox\Profiles\uzjxbbj5.default-release\cache2\doomed\4948,FileEvent,Delete,2021-10-09 16:24:13.729,0
C:\Users\jpdz\AppData\Roaming\Mozilla\Firefox\Profiles\UZJXBB~1.DEF\cert9.db,"""C:\Program Files\Mozilla Firefox\firefox.exe"" http://host.omni4africa.com/mps/redirect.php
PID:2304",FileEvent,Read,2021-10-09 16:24:08.191,131652
C:\Users\jpdz\AppData\Roaming\Mozilla\Firefox\Profiles\UZJXBB~1.DEF\cert9.db,"""C:\Program Files\Mozilla Firefox\firefox.exe"" http://host.omni4africa.com/mps/redirect.php
PID:2304",FileEvent,Read,2021-10-09 16:24:11.987,3456
C:\Users\jpdz\AppData\Roaming\Mozilla\Firefox\Profiles\uzjxbbj5.default-release\places.sqlite,"""C:\Program Files\Mozilla Firefox\firefox.exe"" http://host.omni4africa.com/mps/redirect.php
PID:2304",FileEvent,Read,2021-10-09 16:24:08.336,196708
C:\Users\jpdz\AppData\Roaming\Mozilla\Firefox\Profiles\uzjxbbj5.default-release\places.sqlite,"""C:\Program Files\Mozilla Firefox\firefox.exe"" http://host.omni4africa.com/mps/redirect.php
PID:2304",FileEvent,Read,2021-10-09 16:24:11.827,229476
"""C:\Program Files\Mozilla Firefox\firefox.exe"" http://host.omni4africa.com/mps/redirect.php
PID:2304",C:\Users\jpdz\AppData\Roaming\Mozilla\Firefox\Profiles\uzjxbbj5.default-release\storage\permanent\chrome\idb\1451318868ntouromlalnodry--epcr.sqlite-wal,FileEvent,Delete,2021-10-09 16:24:08.163,0
"""C:\Program Files\Mozilla Firefox\firefox.exe"" http://host.omni4africa.com/mps/redirect.php
PID:2304",C:\Users\jpdz\AppData\Roaming\Mozilla\Firefox\Profiles\uzjxbbj5.default-release\storage\permanent\chrome\idb\1451318868ntouromlalnodry--epcr.sqlite-wal,FileEvent,Delete,2021-10-09 16:24:24.496,0
"""C:\Program Files\Mozilla Firefox\firefox.exe"" http://host.omni4africa.com/mps/redirect.php
PID:2304",113.142.81.208,IpChannelEvent,TcpIpConnect,2021-10-09 16:24:12.353,0
"""C:\Program Files\Mozilla Firefox\firefox.exe"" http://host.omni4africa.com/mps/redirect.php
PID:2304",113.142.81.208,IpChannelEvent,TcpIpSend,2021-10-09 16:24:12.440,1075
113.142.81.208,"""C:\Program Files\Mozilla Firefox\firefox.exe"" http://host.omni4africa.com/mps/redirect.php
PID:2304",IpChannelEvent,TcpIpRecv,2021-10-09 16:24:12.440,5402
C:\Users\jpdz\AppData\Roaming\Mozilla\Firefox\Profiles\uzjxbbj5.default-release\containers.json,"""C:\Program Files\Mozilla Firefox\firefox.exe"" http://host.omni4africa.com/mps/redirect.php
PID:2304",FileEvent,Read,2021-10-09 16:24:12.342,939
"""C:\Program Files\Mozilla Firefox\firefox.exe"" http://host.omni4africa.com/mps/redirect.php
PID:2304",C:\ProgramData\Mozilla\updates\308046B0AF4A39CB\update.test,FileEvent,Delete,2021-10-09 16:24:13.47,0
"""C:\Program Files\Mozilla Firefox\firefox.exe"" http://host.omni4africa.com/mps/redirect.php
PID:2304",C:\Users\jpdz\AppData\Roaming\Mozilla\Firefox\Profiles\uzjxbbj5.default-release\datareporting\glean\pending_pings\4198ce20-4efb-4ea7-8467-bf29d920eb9a,FileEvent,Delete,2021-10-09 16:24:13.642,0
C:\Users\jpdz\AppData\Roaming\Mozilla\Firefox\Profiles\uzjxbbj5.default-release\datareporting\glean\pending_pings\4198ce20-4efb-4ea7-8467-bf29d920eb9a,"""C:\Program Files\Mozilla Firefox\firefox.exe"" http://host.omni4africa.com/mps/redirect.php
PID:2304",FileEvent,Read,2021-10-09 16:24:13.0,49152
"""C:\Program Files\Mozilla Firefox\firefox.exe"" http://host.omni4africa.com/mps/redirect.php
PID:2304",C:\Users\jpdz\AppData\Roaming\Mozilla\Firefox\Profiles\uzjxbbj5.default-release\broadcast-listeners.json.tmp,FileEvent,Write,2021-10-09 16:24:20.669,216
"""C:\Program Files\Mozilla Firefox\firefox.exe"" http://host.omni4africa.com/mps/redirect.php
PID:2304",C:\Users\jpdz\AppData\Roaming\Mozilla\Firefox\Profiles\uzjxbbj5.default-release\storage\permanent\chrome\idb\1451318868ntouromlalnodry--epcr.sqlite-shm,FileEvent,Delete,2021-10-09 16:24:08.163,0
C:\Users\jpdz\AppData\Roaming\Mozilla\Firefox\Profiles\uzjxbbj5.default-release\storage\permanent\chrome\idb\1451318868ntouromlalnodry--epcr.sqlite-shm,"""C:\Program Files\Mozilla Firefox\firefox.exe"" http://host.omni4africa.com/mps/redirect.php
PID:2304",FileEvent,Read,2021-10-09 16:24:08.162,65536
"""C:\Program Files\Mozilla Firefox\firefox.exe"" http://host.omni4africa.com/mps/redirect.php
PID:2304",C:\Users\jpdz\AppData\Roaming\Mozilla\Firefox\Profiles\uzjxbbj5.default-release\storage\permanent\chrome\idb\1451318868ntouromlalnodry--epcr.sqlite-shm,FileEvent,Delete,2021-10-09 16:24:24.496,0
C:\Users\jpdz\AppData\Roaming\Mozilla\Firefox\Profiles\uzjxbbj5.default-release\favicons.sqlite,"""C:\Program Files\Mozilla Firefox\firefox.exe"" http://host.omni4africa.com/mps/redirect.php
PID:2304",FileEvent,Read,2021-10-09 16:24:08.337,98404
C:\Users\jpdz\AppData\Roaming\Mozilla\Firefox\Profiles\uzjxbbj5.default-release\favicons.sqlite,"""C:\Program Files\Mozilla Firefox\firefox.exe"" http://host.omni4africa.com/mps/redirect.php
PID:2304",FileEvent,Read,2021-10-09 16:24:11.828,262244
C:\Program Files\Mozilla Firefox\api-ms-win-crt-time-l1-1-0.dll,"""C:\Program Files\Mozilla Firefox\firefox.exe"" http://host.omni4africa.com/mps/redirect.php
PID:2304",FileEvent,Read,2021-10-09 16:24:07.833,65536
C:\Users\jpdz\AppData\Local\Mozilla\Firefox\Profiles\uzjxbbj5.default-release\safebrowsing\mozstd-trackwhite-digest256.sbstore,"""C:\Program Files\Mozilla Firefox\firefox.exe"" http://host.omni4africa.com/mps/redirect.php
PID:2304",FileEvent,Read,2021-10-09 16:24:12.347,9969
C:\Users\jpdz\AppData\Roaming\Mozilla\Firefox\Crash Reports\InstallTime20210927210923,"""C:\Program Files\Mozilla Firefox\firefox.exe"" http://host.omni4africa.com/mps/redirect.php
PID:2304",FileEvent,Read,2021-10-09 16:24:07.890,10
"""C:\Program Files\Mozilla Firefox\firefox.exe"" http://host.omni4africa.com/mps/redirect.php
PID:2304",35.244.247.133,IpChannelEvent,TcpIpConnect,2021-10-09 16:24:13.151,0
"""C:\Program Files\Mozilla Firefox\firefox.exe"" http://host.omni4africa.com/mps/redirect.php
PID:2304",35.244.247.133,IpChannelEvent,TcpIpDisconnect,2021-10-09 16:24:13.404,0
"""C:\Program Files\Mozilla Firefox\firefox.exe"" http://host.omni4africa.com/mps/redirect.php
PID:2304",35.244.247.133,IpChannelEvent,TcpIpSend,2021-10-09 16:24:13.233,792
35.244.247.133,"""C:\Program Files\Mozilla Firefox\firefox.exe"" http://host.omni4africa.com/mps/redirect.php
PID:2304",IpChannelEvent,TcpIpRecv,2021-10-09 16:24:13.278,4009
"""C:\Program Files\Mozilla Firefox\firefox.exe"" http://host.omni4africa.com/mps/redirect.php
PID:2304",C:\Users\jpdz\AppData\Local\Mozilla\Firefox\Profiles\uzjxbbj5.default-release\cache2\entries\80D04D0E73898B1B2F8EB03A3BF7F3BF25FF93AB,FileEvent,Write,2021-10-09 16:24:12.482,2873
C:\Users\jpdz\AppData\Local\Mozilla\Firefox\Profiles\uzjxbbj5.default-release\safebrowsing\block-flashsubdoc-digest256.vlpset,"""C:\Program Files\Mozilla Firefox\firefox.exe"" http://host.omni4africa.com/mps/redirect.php
PID:2304",FileEvent,Read,2021-10-09 16:24:11.952,262144
C:\Users\jpdz\AppData\Roaming\Mozilla\Firefox\Profiles\uzjxbbj5.default-release\storage.sqlite,"""C:\Program Files\Mozilla Firefox\firefox.exe"" http://host.omni4africa.com/mps/redirect.php
PID:2304",FileEvent,Read,2021-10-09 16:24:08.157,2180
"""C:\Program Files\Mozilla Firefox\firefox.exe"" http://host.omni4africa.com/mps/redirect.php
PID:2304",C:\Users\jpdz\AppData\Roaming\Mozilla\Firefox\Profiles\uzjxbbj5.default-release\storage.sqlite,FileEvent,Write,2021-10-09 16:24:13.497,4096
C:\Users\jpdz\AppData\Roaming\Mozilla\Firefox\Profiles\uzjxbbj5.default-release\storage.sqlite,"""C:\Program Files\Mozilla Firefox\firefox.exe"" http://host.omni4africa.com/mps/redirect.php
PID:2304",FileEvent,Read,2021-10-09 16:24:12.985,3120
C:\Users\jpdz\AppData\Roaming\Mozilla\Firefox\Profiles\uzjxbbj5.default-release\storage\default\moz-extension+++7b7c287d-b9ee-4c40-99c0-63c5bd847cee^userContextId=4294967295\idb\3647222921wleabcEoxlt-eengsairo.sqlite,"""C:\Program Files\Mozilla Firefox\firefox.exe"" http://host.omni4africa.com/mps/redirect.php
PID:2304",FileEvent,Read,2021-10-09 16:24:13.766,37064
"""C:\Program Files\Mozilla Firefox\firefox.exe"" http://host.omni4africa.com/mps/redirect.php
PID:2304",C:\Users\jpdz\AppData\Local\Mozilla\Firefox\Profiles\uzjxbbj5.default-release\activity-stream.discovery_stream.json.tmp,FileEvent,Write,2021-10-09 16:24:12.38,244956
"""C:\Program Files\Mozilla Firefox\firefox.exe"" http://host.omni4africa.com/mps/redirect.php
PID:2304",C:\Users\jpdz\AppData\Roaming\Mozilla\Firefox\Profiles\uzjxbbj5.default-release\storage\permanent\chrome\idb\3561288849sdhlie.sqlite-shm,FileEvent,Delete,2021-10-09 16:24:12.48,0
"""C:\Program Files\Mozilla Firefox\firefox.exe"" http://host.omni4africa.com/mps/redirect.php
PID:2304",C:\Users\jpdz\AppData\Roaming\Mozilla\Firefox\Profiles\uzjxbbj5.default-release\storage\permanent\chrome\idb\3561288849sdhlie.sqlite-shm,FileEvent,Delete,2021-10-09 16:24:24.498,0
C:\Users\jpdz\AppData\Roaming\Mozilla\Firefox\Profiles\uzjxbbj5.default-release\storage\permanent\chrome\idb\3561288849sdhlie.sqlite-shm,"""C:\Program Files\Mozilla Firefox\firefox.exe"" http://host.omni4africa.com/mps/redirect.php
PID:2304",FileEvent,Read,2021-10-09 16:24:12.48,65536
C:\Users\jpdz\AppData\Roaming\Mozilla\Firefox\Profiles\uzjxbbj5.default-release\gmp-widevinecdm\4.10.2209.1\manifest.json,"""C:\Program Files\Mozilla Firefox\firefox.exe"" http://host.omni4africa.com/mps/redirect.php
PID:2304",FileEvent,Read,2021-10-09 16:24:08.262,373
"""C:\Program Files\Mozilla Firefox\firefox.exe"" http://host.omni4africa.com/mps/redirect.php
PID:2304",C:\Users\jpdz\AppData\Roaming\Mozilla\Firefox\Profiles\uzjxbbj5.default-release\extension-settings.json.tmp,FileEvent,Write,2021-10-09 16:24:12.948,284
C:\Users\jpdz\AppData\Roaming\Mozilla\Firefox\Profiles\uzjxbbj5.default-release\SiteSecurityServiceState.txt,"""C:\Program Files\Mozilla Firefox\firefox.exe"" http://host.omni4africa.com/mps/redirect.php
PID:2304",FileEvent,Read,2021-10-09 16:24:08.192,433
C:\Users\jpdz\AppData\Roaming\Mozilla\Firefox\Profiles\uzjxbbj5.default-release\addons.json,"""C:\Program Files\Mozilla Firefox\firefox.exe"" http://host.omni4africa.com/mps/redirect.php
PID:2304",FileEvent,Read,2021-10-09 16:24:12.956,1022
"""C:\Program Files\Mozilla Firefox\firefox.exe"" http://host.omni4africa.com/mps/redirect.php
PID:2304",41.185.48.158,IpChannelEvent,TcpIpConnect,2021-10-09 16:24:12.364,0
"""C:\Program Files\Mozilla Firefox\firefox.exe"" http://host.omni4africa.com/mps/redirect.php
PID:2304",41.185.48.158,IpChannelEvent,TcpIpDisconnect,2021-10-09 16:24:17.896,0
C:\Users\jpdz\AppData\Local\Mozilla\Firefox\Profiles\uzjxbbj5.default-release\safebrowsing\ads-track-digest256.sbstore,"""C:\Program Files\Mozilla Firefox\firefox.exe"" http://host.omni4africa.com/mps/redirect.php
PID:2304",FileEvent,Read,2021-10-09 16:24:12.346,2019
C:\Program Files\Mozilla Firefox\api-ms-win-crt-filesystem-l1-1-0.dll,"""C:\Program Files\Mozilla Firefox\firefox.exe"" http://host.omni4africa.com/mps/redirect.php
PID:2304",FileEvent,Read,2021-10-09 16:24:07.832,65536
"""C:\Program Files\Mozilla Firefox\firefox.exe"" http://host.omni4africa.com/mps/redirect.php
PID:2304",117.18.237.29,IpChannelEvent,TcpIpConnect,2021-10-09 16:24:12.372,0
117.18.237.29,"""C:\Program Files\Mozilla Firefox\firefox.exe"" http://host.omni4africa.com/mps/redirect.php
PID:2304",IpChannelEvent,TcpIpRecv,2021-10-09 16:24:12.469,2397
"""C:\Program Files\Mozilla Firefox\firefox.exe"" http://host.omni4africa.com/mps/redirect.php
PID:2304",117.18.237.29,IpChannelEvent,TcpIpSend,2021-10-09 16:24:12.469,1368
"""C:\Program Files\Mozilla Firefox\firefox.exe"" http://host.omni4africa.com/mps/redirect.php
PID:2304",C:\Users\jpdz\AppData\Roaming\Mozilla\Firefox\Profiles\uzjxbbj5.default-release\storage\permanent\chrome\idb\2918063365piupsah.sqlite-wal,FileEvent,Delete,2021-10-09 16:24:12.533,0
"""C:\Program Files\Mozilla Firefox\firefox.exe"" http://host.omni4africa.com/mps/redirect.php
PID:2304",C:\Users\jpdz\AppData\Roaming\Mozilla\Firefox\Profiles\uzjxbbj5.default-release\storage\permanent\chrome\idb\2918063365piupsah.sqlite-wal,FileEvent,Delete,2021-10-09 16:24:26.452,0
C:\Users\jpdz\AppData\Roaming\Microsoft\Network\Connections\Pbk\_hiddenPbk\rasphone.pbk,"""C:\Program Files\Mozilla Firefox\firefox.exe"" http://host.omni4africa.com/mps/redirect.php
PID:2304",FileEvent,Read,2021-10-09 16:24:08.226,2048
C:\Users\jpdz\AppData\Local\Mozilla\Firefox\Profiles\uzjxbbj5.default-release\safebrowsing\social-track-digest256.sbstore,"""C:\Program Files\Mozilla Firefox\firefox.exe"" http://host.omni4africa.com/mps/redirect.php
PID:2304",FileEvent,Read,2021-10-09 16:24:12.347,309
C:\Program Files\Mozilla Firefox\api-ms-win-crt-environment-l1-1-0.dll,"""C:\Program Files\Mozilla Firefox\firefox.exe"" http://host.omni4africa.com/mps/redirect.php
PID:2304",FileEvent,Read,2021-10-09 16:24:07.833,65536
C:\Users\jpdz\AppData\Roaming\Mozilla\Firefox\Profiles\uzjxbbj5.default-release\datareporting\glean\db\data.safe.bin,"""C:\Program Files\Mozilla Firefox\firefox.exe"" http://host.omni4africa.com/mps/redirect.php
PID:2304",FileEvent,Read,2021-10-09 16:24:12.954,2579
"""C:\Program Files\Mozilla Firefox\firefox.exe"" http://host.omni4africa.com/mps/redirect.php
PID:2304",C:\Users\jpdz\AppData\Roaming\Mozilla\Firefox\Profiles\uzjxbbj5.default-release\datareporting\glean\db\data.safe.bin,FileEvent,Write,2021-10-09 16:24:12.994,46693
C:\Users\jpdz\AppData\Roaming\Mozilla\Firefox\Profiles\uzjxbbj5.default-release\storage\permanent\chrome\idb\2918063365piupsah.sqlite,"""C:\Program Files\Mozilla Firefox\firefox.exe"" http://host.omni4africa.com/mps/redirect.php
PID:2304",FileEvent,Read,2021-10-09 16:24:12.524,41160
C:\Users\jpdz\AppData\Roaming\Mozilla\Firefox\profiles.ini,"""C:\Program Files\Mozilla Firefox\firefox.exe"" http://host.omni4africa.com/mps/redirect.php
PID:2304",FileEvent,Read,2021-10-09 16:24:07.891,305
C:\Users\jpdz\AppData\Local\Mozilla\Firefox\Profiles\uzjxbbj5.default-release\safebrowsing\except-flash-digest256.sbstore,"""C:\Program Files\Mozilla Firefox\firefox.exe"" http://host.omni4africa.com/mps/redirect.php
PID:2304",FileEvent,Read,2021-10-09 16:24:12.347,240
C:\Users\jpdz\AppData\Local\Mozilla\Firefox\Profiles\uzjxbbj5.default-release\safebrowsing\except-flash-digest256.vlpset,"""C:\Program Files\Mozilla Firefox\firefox.exe"" http://host.omni4africa.com/mps/redirect.php
PID:2304",FileEvent,Read,2021-10-09 16:24:11.952,101
"""C:\Program Files\Mozilla Firefox\firefox.exe"" http://host.omni4africa.com/mps/redirect.php
PID:2304",41.185.48.158,IpChannelEvent,TcpIpConnect,2021-10-09 16:24:13.264,0
"""C:\Program Files\Mozilla Firefox\firefox.exe"" http://host.omni4africa.com/mps/redirect.php
PID:2304",41.185.48.158,IpChannelEvent,TcpIpDisconnect,2021-10-09 16:24:19.196,0
"""C:\Program Files\Mozilla Firefox\firefox.exe"" http://host.omni4africa.com/mps/redirect.php
PID:2304",41.185.48.158,IpChannelEvent,TcpIpSend,2021-10-09 16:24:13.484,605
41.185.48.158,"""C:\Program Files\Mozilla Firefox\firefox.exe"" http://host.omni4africa.com/mps/redirect.php
PID:2304",IpChannelEvent,TcpIpRecv,2021-10-09 16:24:13.623,6332
C:\Users\jpdz\AppData\Local\Mozilla\Firefox\Profiles\uzjxbbj5.default-release\safebrowsing\google4\goog-downloadwhite-proto.metadata,"""C:\Program Files\Mozilla Firefox\firefox.exe"" http://host.omni4africa.com/mps/redirect.php
PID:2304",FileEvent,Read,2021-10-09 16:24:12.348,69
"""C:\Program Files\Mozilla Firefox\firefox.exe"" http://host.omni4africa.com/mps/redirect.php
PID:2304",C:\Users\jpdz\AppData\Roaming\Mozilla\Firefox\Profiles\uzjxbbj5.default-release\storage\permanent\chrome\idb\3870112724rsegmnoittet-es.sqlite-wal,FileEvent,Delete,2021-10-09 16:24:08.161,0
"""C:\Program Files\Mozilla Firefox\firefox.exe"" http://host.omni4africa.com/mps/redirect.php
PID:2304",C:\Users\jpdz\AppData\Roaming\Mozilla\Firefox\Profiles\uzjxbbj5.default-release\storage\permanent\chrome\idb\3870112724rsegmnoittet-es.sqlite-wal,FileEvent,Delete,2021-10-09 16:24:33.466,0
C:\Users\jpdz\AppData\Roaming\Mozilla\Firefox\Profiles\uzjxbbj5.default-release\storage\permanent\chrome\idb\3870112724rsegmnoittet-es.sqlite-wal,"""C:\Program Files\Mozilla Firefox\firefox.exe"" http://host.omni4africa.com/mps/redirect.php
PID:2304",FileEvent,Read,2021-10-09 16:24:21.886,204800
"""C:\Program Files\Mozilla Firefox\firefox.exe"" http://host.omni4africa.com/mps/redirect.php
PID:2304",C:\Users\jpdz\AppData\Roaming\Mozilla\Firefox\Profiles\uzjxbbj5.default-release\storage\permanent\chrome\idb\3870112724rsegmnoittet-es.sqlite-wal,FileEvent,Write,2021-10-09 16:24:15.532,480624
"""C:\Program Files\Mozilla Firefox\firefox.exe"" http://host.omni4africa.com/mps/redirect.php
PID:2304",C:\Users\jpdz\AppData\Roaming\Mozilla\Firefox\Profiles\uzjxbbj5.default-release\storage\permanent\chrome\idb\1657114595AmcateirvtiSty.sqlite-shm,FileEvent,Delete,2021-10-09 16:24:12.11,0
"""C:\Program Files\Mozilla Firefox\firefox.exe"" http://host.omni4africa.com/mps/redirect.php
PID:2304",C:\Users\jpdz\AppData\Roaming\Mozilla\Firefox\Profiles\uzjxbbj5.default-release\storage\permanent\chrome\idb\1657114595AmcateirvtiSty.sqlite-shm,FileEvent,Delete,2021-10-09 16:24:25.702,0
C:\Users\jpdz\AppData\Roaming\Mozilla\Firefox\Profiles\uzjxbbj5.default-release\storage\permanent\chrome\idb\1657114595AmcateirvtiSty.sqlite-shm,"""C:\Program Files\Mozilla Firefox\firefox.exe"" http://host.omni4africa.com/mps/redirect.php
PID:2304",FileEvent,Read,2021-10-09 16:24:12.10,65536
C:\Users\jpdz\AppData\Local\Mozilla\Firefox\Profiles\uzjxbbj5.default-release\safebrowsing\social-tracking-protection-facebook-digest256.sbstore,"""C:\Program Files\Mozilla Firefox\firefox.exe"" http://host.omni4africa.com/mps/redirect.php
PID:2304",FileEvent,Read,2021-10-09 16:24:12.347,256
"""C:\Program Files\Mozilla Firefox\firefox.exe"" http://host.omni4africa.com/mps/redirect.php
PID:2304",C:\Users\jpdz\AppData\Roaming\Mozilla\Firefox\Profiles\uzjxbbj5.default-release\addonStartup.json.lz4.tmp,FileEvent,Write,2021-10-09 16:24:14.482,5706
"""C:\Program Files\Mozilla Firefox\firefox.exe"" http://host.omni4africa.com/mps/redirect.php
PID:2304",C:\Users\jpdz\AppData\Local\Mozilla\Firefox\Profiles\uzjxbbj5.default-release\cache2\entries\3B2DB0CC02AD1DD0C4C39368E12A8E60370437C4,FileEvent,Write,2021-10-09 16:24:13.24,49257
C:\Users\jpdz\AppData\Local\Mozilla\Firefox\Profiles\uzjxbbj5.default-release\cache2\entries\3B2DB0CC02AD1DD0C4C39368E12A8E60370437C4,"""C:\Program Files\Mozilla Firefox\firefox.exe"" http://host.omni4africa.com/mps/redirect.php
PID:2304",FileEvent,Read,2021-10-09 16:24:12.657,10113
C:\Users\jpdz\AppData\Roaming\Mozilla\Firefox\Profiles\uzjxbbj5.default-release\gmp-gmpopenh264\1.8.1.1\gmpopenh264.info,"""C:\Program Files\Mozilla Firefox\firefox.exe"" http://host.omni4africa.com/mps/redirect.php
PID:2304",FileEvent,Read,2021-10-09 16:24:08.262,116
C:\Users\jpdz\AppData\Roaming\Mozilla\Firefox\Profiles\uzjxbbj5.default-release\broadcast-listeners.json,"""C:\Program Files\Mozilla Firefox\firefox.exe"" http://host.omni4africa.com/mps/redirect.php
PID:2304",FileEvent,Read,2021-10-09 16:24:13.56,216
"""C:\Program Files\Mozilla Firefox\firefox.exe"" http://host.omni4africa.com/mps/redirect.php
PID:2304",34.107.221.82,IpChannelEvent,TcpIpConnect,2021-10-09 16:24:12.374,0
"""C:\Program Files\Mozilla Firefox\firefox.exe"" http://host.omni4africa.com/mps/redirect.php
PID:2304",34.107.221.82,IpChannelEvent,TcpIpSend,2021-10-09 16:24:12.472,333
34.107.221.82,"""C:\Program Files\Mozilla Firefox\firefox.exe"" http://host.omni4africa.com/mps/redirect.php
PID:2304",IpChannelEvent,TcpIpRecv,2021-10-09 16:24:12.472,302
"""C:\Program Files\Mozilla Firefox\firefox.exe"" http://host.omni4africa.com/mps/redirect.php
PID:2304",C:\Users\jpdz\AppData\Local\Mozilla\Firefox\Profiles\uzjxbbj5.default-release\cache2\entries\8B5CCF916574398AB42C1F9D614CC9857D4B21FF,FileEvent,Write,2021-10-09 16:24:19.59,52564
C:\Program Files\Mozilla Firefox\api-ms-win-crt-string-l1-1-0.dll,"""C:\Program Files\Mozilla Firefox\firefox.exe"" http://host.omni4africa.com/mps/redirect.php
PID:2304",FileEvent,Read,2021-10-09 16:24:07.832,65536
"""C:\Program Files\Mozilla Firefox\firefox.exe"" http://host.omni4africa.com/mps/redirect.php
PID:2304",C:\Users\jpdz\AppData\Local\Mozilla\Firefox\Profiles\uzjxbbj5.default-release\cache2\entries\58076067EBEB56951E5BA3FCA84F5F2CE2203F7A,FileEvent,Write,2021-10-09 16:24:11.998,84935
C:\Users\jpdz\AppData\Local\Mozilla\Firefox\Profiles\uzjxbbj5.default-release\cache2\entries\58076067EBEB56951E5BA3FCA84F5F2CE2203F7A,"""C:\Program Files\Mozilla Firefox\firefox.exe"" http://host.omni4africa.com/mps/redirect.php
PID:2304",FileEvent,Read,2021-10-09 16:24:11.987,24887
"""C:\Program Files\Mozilla Firefox\firefox.exe"" http://host.omni4africa.com/mps/redirect.php
PID:2304",C:\Users\jpdz\AppData\Local\Temp\firefox\parent.lock,FileEvent,Delete,2021-10-09 16:24:08.55,0
"""C:\Program Files\Mozilla Firefox\firefox.exe"" http://host.omni4africa.com/mps/redirect.php
PID:2304",C:\Users\jpdz\AppData\Roaming\Mozilla\Firefox\Profiles\uzjxbbj5.default-release\prefs-1.js,FileEvent,Write,2021-10-09 16:24:11.970,258724
"""C:\Program Files\Mozilla Firefox\firefox.exe"" http://host.omni4africa.com/mps/redirect.php
PID:2304",52.26.168.11,IpChannelEvent,TcpIpConnect,2021-10-09 16:24:12.841,0
"""C:\Program Files\Mozilla Firefox\firefox.exe"" http://host.omni4africa.com/mps/redirect.php
PID:2304",52.26.168.11,IpChannelEvent,TcpIpDisconnect,2021-10-09 16:24:13.852,0
"""C:\Program Files\Mozilla Firefox\firefox.exe"" http://host.omni4africa.com/mps/redirect.php
PID:2304",52.26.168.11,IpChannelEvent,TcpIpSend,2021-10-09 16:24:12.982,1972
52.26.168.11,"""C:\Program Files\Mozilla Firefox\firefox.exe"" http://host.omni4africa.com/mps/redirect.php
PID:2304",IpChannelEvent,TcpIpRecv,2021-10-09 16:24:13.187,3716
"""C:\Program Files\Mozilla Firefox\firefox.exe"" http://host.omni4africa.com/mps/redirect.php
PID:2304",121.194.10.78,IpChannelEvent,TcpIpConnect,2021-10-09 16:24:13.130,0
121.194.10.78,"""C:\Program Files\Mozilla Firefox\firefox.exe"" http://host.omni4africa.com/mps/redirect.php
PID:2304",IpChannelEvent,TcpIpRecv,2021-10-09 16:24:13.157,647
"""C:\Program Files\Mozilla Firefox\firefox.exe"" http://host.omni4africa.com/mps/redirect.php
PID:2304",121.194.10.78,IpChannelEvent,TcpIpSend,2021-10-09 16:24:13.157,326
C:\Users\jpdz\AppData\Roaming\Mozilla\Firefox\Profiles\uzjxbbj5.default-release\storage\default\moz-extension+++7b7c287d-b9ee-4c40-99c0-63c5bd847cee^userContextId=4294967295\.metadata-v2,"""C:\Program Files\Mozilla Firefox\firefox.exe"" http://host.omni4africa.com/mps/redirect.php
PID:2304",FileEvent,Read,2021-10-09 16:24:12.986,512
"""C:\Program Files\Mozilla Firefox\firefox.exe"" http://host.omni4africa.com/mps/redirect.php
PID:2304",C:\Users\jpdz\AppData\Roaming\Mozilla\Firefox\Profiles\uzjxbbj5.default-release\storage\default\moz-extension+++0424fd79-b62a-421f-bf32-0d1549ab34f2^userContextId=4294967295\idb\3647222921wleabcEoxlt-eengsairo.sqlite-wal,FileEvent,Delete,2021-10-09 16:24:18.916,0
"""C:\Program Files\Mozilla Firefox\firefox.exe"" http://host.omni4africa.com/mps/redirect.php
PID:2304",C:\Users\jpdz\AppData\Roaming\Mozilla\Firefox\Profiles\uzjxbbj5.default-release\storage\default\moz-extension+++0424fd79-b62a-421f-bf32-0d1549ab34f2^userContextId=4294967295\idb\3647222921wleabcEoxlt-eengsairo.sqlite-wal,FileEvent,Delete,2021-10-09 16:24:32.240,0
"""C:\Program Files\Mozilla Firefox\firefox.exe"" http://host.omni4africa.com/mps/redirect.php
PID:2304",C:\Users\jpdz\AppData\Roaming\Mozilla\Firefox\Profiles\uzjxbbj5.default-release\storage\default\moz-extension+++0424fd79-b62a-421f-bf32-0d1549ab34f2^userContextId=4294967295\idb\3647222921wleabcEoxlt-eengsairo.sqlite-wal,FileEvent,Write,2021-10-09 16:24:18.947,20560
C:\Users\jpdz\AppData\Roaming\Mozilla\Firefox\Profiles\uzjxbbj5.default-release\storage\default\moz-extension+++0424fd79-b62a-421f-bf32-0d1549ab34f2^userContextId=4294967295\idb\3647222921wleabcEoxlt-eengsairo.sqlite-wal,"""C:\Program Files\Mozilla Firefox\firefox.exe"" http://host.omni4africa.com/mps/redirect.php
PID:2304",FileEvent,Read,2021-10-09 16:24:22.36,4096
C:\Users\jpdz\AppData\Roaming\Mozilla\Firefox\Profiles\uzjxbbj5.default-release\shield-preference-experiments.json,"""C:\Program Files\Mozilla Firefox\firefox.exe"" http://host.omni4africa.com/mps/redirect.php
PID:2304",FileEvent,Read,2021-10-09 16:24:08.296,18
C:\Program Files\Mozilla Firefox\gmp-clearkey\0.1\manifest.json,"""C:\Program Files\Mozilla Firefox\firefox.exe"" http://host.omni4africa.com/mps/redirect.php
PID:2304",FileEvent,Read,2021-10-09 16:24:08.262,229
C:\Users\jpdz\AppData\Local\Mozilla\Firefox\Profiles\uzjxbbj5.default-release\safebrowsing\allow-flashallow-digest256.sbstore,"""C:\Program Files\Mozilla Firefox\firefox.exe"" http://host.omni4africa.com/mps/redirect.php
PID:2304",FileEvent,Read,2021-10-09 16:24:12.346,236
"""C:\Program Files\Mozilla Firefox\firefox.exe"" http://host.omni4africa.com/mps/redirect.php
PID:2304",34.117.237.239,IpChannelEvent,TcpIpConnect,2021-10-09 16:24:12.349,0
"""C:\Program Files\Mozilla Firefox\firefox.exe"" http://host.omni4africa.com/mps/redirect.php
PID:2304",34.117.237.239,IpChannelEvent,TcpIpSend,2021-10-09 16:24:12.444,1088
34.117.237.239,"""C:\Program Files\Mozilla Firefox\firefox.exe"" http://host.omni4africa.com/mps/redirect.php
PID:2304",IpChannelEvent,TcpIpRecv,2021-10-09 16:24:12.444,5382
C:\Users\jpdz\AppData\Roaming\Mozilla\Firefox\Profiles\uzjxbbj5.default-release\times.json,"""C:\Program Files\Mozilla Firefox\firefox.exe"" http://host.omni4africa.com/mps/redirect.php
PID:2304",FileEvent,Read,2021-10-09 16:24:08.79,50
C:\Users\jpdz\AppData\Roaming\Mozilla\Firefox\Profiles\uzjxbbj5.default-release\storage\permanent\chrome\idb\3561288849sdhlie.sqlite,"""C:\Program Files\Mozilla Firefox\firefox.exe"" http://host.omni4africa.com/mps/redirect.php
PID:2304",FileEvent,Read,2021-10-09 16:24:12.47,37064
"""C:\Program Files\Mozilla Firefox\firefox.exe"" http://host.omni4africa.com/mps/redirect.php
PID:2304",C:\Users\jpdz\AppData\Roaming\Mozilla\Firefox\Profiles\uzjxbbj5.default-release\storage\permanent\chrome\idb\2918063365piupsah.sqlite-shm,FileEvent,Delete,2021-10-09 16:24:12.532,0
"""C:\Program Files\Mozilla Firefox\firefox.exe"" http://host.omni4africa.com/mps/redirect.php
PID:2304",C:\Users\jpdz\AppData\Roaming\Mozilla\Firefox\Profiles\uzjxbbj5.default-release\storage\permanent\chrome\idb\2918063365piupsah.sqlite-shm,FileEvent,Delete,2021-10-09 16:24:26.452,0
C:\Users\jpdz\AppData\Roaming\Mozilla\Firefox\Profiles\uzjxbbj5.default-release\storage\permanent\chrome\idb\2918063365piupsah.sqlite-shm,"""C:\Program Files\Mozilla Firefox\firefox.exe"" http://host.omni4africa.com/mps/redirect.php
PID:2304",FileEvent,Read,2021-10-09 16:24:12.525,65536
C:\Program Files\Mozilla Firefox\defaults\pref\channel-prefs.js,"""C:\Program Files\Mozilla Firefox\firefox.exe"" http://host.omni4africa.com/mps/redirect.php
PID:2304",FileEvent,Read,2021-10-09 16:24:07.896,429
C:\Users\jpdz\AppData\Roaming\Mozilla\Firefox\Profiles\uzjxbbj5.default-release\compatibility.ini,"""C:\Program Files\Mozilla Firefox\firefox.exe"" http://host.omni4africa.com/mps/redirect.php
PID:2304",FileEvent,Read,2021-10-09 16:24:07.891,194
C:\Users\jpdz\AppData\Local\Mozilla\Firefox\Profiles\uzjxbbj5.default-release\cache2\index.tmp,"""C:\Program Files\Mozilla Firefox\firefox.exe"" http://host.omni4africa.com/mps/redirect.php
PID:2304",FileEvent,Read,2021-10-09 16:24:07.999,1439
C:\Users\jpdz\AppData\Roaming\Mozilla\Firefox\Profiles\uzjxbbj5.default-release\storage\permanent\chrome\idb\3870112724rsegmnoittet-es.sqlite,"""C:\Program Files\Mozilla Firefox\firefox.exe"" http://host.omni4africa.com/mps/redirect.php
PID:2304",FileEvent,Read,2021-10-09 16:24:08.160,286920
C:\Users\jpdz\AppData\Roaming\Mozilla\Firefox\Profiles\uzjxbbj5.default-release\storage\permanent\chrome\idb\3870112724rsegmnoittet-es.sqlite,"""C:\Program Files\Mozilla Firefox\firefox.exe"" http://host.omni4africa.com/mps/redirect.php
PID:2304",FileEvent,Read,2021-10-09 16:24:11.997,1069056
"""C:\Program Files\Mozilla Firefox\firefox.exe"" http://host.omni4africa.com/mps/redirect.php
PID:2304",C:\Users\jpdz\AppData\Roaming\Mozilla\Firefox\Profiles\uzjxbbj5.default-release\storage\permanent\chrome\idb\3870112724rsegmnoittet-es.sqlite,FileEvent,Write,2021-10-09 16:24:21.886,208896
C:\Users\jpdz\AppData\Local\Mozilla\Firefox\Profiles\uzjxbbj5.default-release\safebrowsing\except-flashallow-digest256.vlpset,"""C:\Program Files\Mozilla Firefox\firefox.exe"" http://host.omni4africa.com/mps/redirect.php
PID:2304",FileEvent,Read,2021-10-09 16:24:11.952,69
C:\Users\jpdz\AppData\Roaming\Mozilla\Firefox\Profiles\uzjxbbj5.default-release\storage\default\moz-extension+++0424fd79-b62a-421f-bf32-0d1549ab34f2^userContextId=4294967295\.metadata-v2,"""C:\Program Files\Mozilla Firefox\firefox.exe"" http://host.omni4africa.com/mps/redirect.php
PID:2304",FileEvent,Read,2021-10-09 16:24:12.986,512
"""C:\Program Files\Mozilla Firefox\firefox.exe"" http://host.omni4africa.com/mps/redirect.php
PID:2304",C:\Users\jpdz\AppData\Roaming\Mozilla\Firefox\Profiles\uzjxbbj5.default-release\storage\default\moz-extension+++0424fd79-b62a-421f-bf32-0d1549ab34f2^userContextId=4294967295\.metadata-v2,FileEvent,Write,2021-10-09 16:24:18.914,8
"""C:\Program Files\Mozilla Firefox\firefox.exe"" http://host.omni4africa.com/mps/redirect.php
PID:2304",121.194.10.78,IpChannelEvent,TcpIpConnect,2021-10-09 16:24:12.292,0
121.194.10.78,"""C:\Program Files\Mozilla Firefox\firefox.exe"" http://host.omni4africa.com/mps/redirect.php
PID:2304",IpChannelEvent,TcpIpRecv,2021-10-09 16:24:12.308,647
"""C:\Program Files\Mozilla Firefox\firefox.exe"" http://host.omni4africa.com/mps/redirect.php
PID:2304",121.194.10.78,IpChannelEvent,TcpIpSend,2021-10-09 16:24:12.308,366
C:\Users\jpdz\AppData\Local\Mozilla\Firefox\Profiles\uzjxbbj5.default-release\safebrowsing\social-tracking-protection-twitter-digest256.vlpset,"""C:\Program Files\Mozilla Firefox\firefox.exe"" http://host.omni4africa.com/mps/redirect.php
PID:2304",FileEvent,Read,2021-10-09 16:24:11.959,229
"""C:\Program Files\Mozilla Firefox\firefox.exe"" http://host.omni4africa.com/mps/redirect.php
PID:2304",117.18.237.29,IpChannelEvent,TcpIpConnect,2021-10-09 16:24:12.443,0
117.18.237.29,"""C:\Program Files\Mozilla Firefox\firefox.exe"" http://host.omni4africa.com/mps/redirect.php
PID:2304",IpChannelEvent,TcpIpRecv,2021-10-09 16:24:12.527,2397
"""C:\Program Files\Mozilla Firefox\firefox.exe"" http://host.omni4africa.com/mps/redirect.php
PID:2304",117.18.237.29,IpChannelEvent,TcpIpSend,2021-10-09 16:24:12.478,1368
C:\Users\jpdz\AppData\Local\Mozilla\Firefox\Profiles\uzjxbbj5.default-release\activity-stream.discovery_stream.json,"""C:\Program Files\Mozilla Firefox\firefox.exe"" http://host.omni4africa.com/mps/redirect.php
PID:2304",FileEvent,Read,2021-10-09 16:24:12.24,61086
"""C:\Program Files\Mozilla Firefox\firefox.exe"" http://host.omni4africa.com/mps/redirect.php
PID:2304",125.220.192.143,IpChannelEvent,TcpIpConnect,2021-10-09 16:24:13.821,0
125.220.192.143,"""C:\Program Files\Mozilla Firefox\firefox.exe"" http://host.omni4africa.com/mps/redirect.php
PID:2304",IpChannelEvent,TcpIpRecv,2021-10-09 16:24:13.865,10286
"""C:\Program Files\Mozilla Firefox\firefox.exe"" http://host.omni4africa.com/mps/redirect.php
PID:2304",125.220.192.143,IpChannelEvent,TcpIpSend,2021-10-09 16:24:13.865,1187
C:\ProgramData\Mozilla\updates\308046B0AF4A39CB\update-config.json,"""C:\Program Files\Mozilla Firefox\firefox.exe"" http://host.omni4africa.com/mps/redirect.php
PID:2304",FileEvent,Read,2021-10-09 16:24:08.86,206
C:\ProgramData\Mozilla\updates\308046B0AF4A39CB\update-config.json,"""C:\Program Files\Mozilla Firefox\firefox.exe"" http://host.omni4africa.com/mps/redirect.php
PID:2304",FileEvent,Read,2021-10-09 16:24:12.605,309
"""C:\Program Files\Mozilla Firefox\firefox.exe"" http://host.omni4africa.com/mps/redirect.php
PID:2304",C:\ProgramData\Mozilla\updates\308046B0AF4A39CB\update-config.json,FileEvent,Write,2021-10-09 16:24:12.947,103
C:\Program Files\Mozilla Firefox\firefox.exe,"""C:\Program Files\Mozilla Firefox\firefox.exe"" http://host.omni4africa.com/mps/redirect.php
PID:2304",FileEvent,Read,2021-10-09 16:24:07.944,2056
C:\Program Files\Mozilla Firefox\firefox.exe,"""C:\Program Files\Mozilla Firefox\firefox.exe"" http://host.omni4africa.com/mps/redirect.php
PID:2304",FileEvent,Read,2021-10-09 16:24:12.50,3096
"""C:\Program Files\Mozilla Firefox\firefox.exe"" http://host.omni4africa.com/mps/redirect.php
PID:2304",C:\Users\jpdz\AppData\Local\Mozilla\Firefox\Profiles\uzjxbbj5.default-release\startupCache\urlCache-new.bin,FileEvent,Write,2021-10-09 16:24:23.51,5264
"""C:\Program Files\Mozilla Firefox\firefox.exe"" http://host.omni4africa.com/mps/redirect.php
PID:2304",C:\Users\jpdz\AppData\Local\Mozilla\Firefox\Profiles\uzjxbbj5.default-release\cache2\entries\5A21BC0C5909A01156BAE8A3E2214024A8CE4A6E,FileEvent,Write,2021-10-09 16:24:15.131,48345
"""C:\Program Files\Mozilla Firefox\firefox.exe"" http://host.omni4africa.com/mps/redirect.php
PID:2304",52.13.167.201,IpChannelEvent,TcpIpConnect,2021-10-09 16:24:13.330,0
"""C:\Program Files\Mozilla Firefox\firefox.exe"" http://host.omni4africa.com/mps/redirect.php
PID:2304",52.13.167.201,IpChannelEvent,TcpIpSend,2021-10-09 16:24:13.484,1456
52.13.167.201,"""C:\Program Files\Mozilla Firefox\firefox.exe"" http://host.omni4africa.com/mps/redirect.php
PID:2304",IpChannelEvent,TcpIpRecv,2021-10-09 16:24:13.584,3801
"""C:\Program Files\Mozilla Firefox\firefox.exe"" http://host.omni4africa.com/mps/redirect.php
PID:2304",C:\Users\jpdz\AppData\Local\Mozilla\Firefox\Profiles\uzjxbbj5.default-release\cache2\entries\3D42EF5BD2EAAF800CC60C4BDA131732DE5DEDCF,FileEvent,Write,2021-10-09 16:24:15.530,29731
"""C:\Program Files\Mozilla Firefox\firefox.exe"" http://host.omni4africa.com/mps/redirect.php
PID:2304",23.74.15.131,IpChannelEvent,TcpIpConnect,2021-10-09 16:24:13.344,0
"""C:\Program Files\Mozilla Firefox\firefox.exe"" http://host.omni4africa.com/mps/redirect.php
PID:2304",23.74.15.131,IpChannelEvent,TcpIpSend,2021-10-09 16:24:13.404,455
23.74.15.131,"""C:\Program Files\Mozilla Firefox\firefox.exe"" http://host.omni4africa.com/mps/redirect.php
PID:2304",IpChannelEvent,TcpIpRecv,2021-10-09 16:24:13.404,888
"""C:\Program Files\Mozilla Firefox\firefox.exe"" http://host.omni4africa.com/mps/redirect.php
PID:2304",C:\Users\jpdz\AppData\Local\Mozilla\Firefox\Profiles\uzjxbbj5.default-release\cache2\entries\43DE5D7D09DAA6F0DF622E071008F8CE4EE3AC53,FileEvent,Write,2021-10-09 16:24:13.27,26417
"""C:\Program Files\Mozilla Firefox\firefox.exe"" http://host.omni4africa.com/mps/redirect.php
PID:2304","""C:\Program Files\Mozilla Firefox\firefox.exe"" -contentproc --channel=""2304.1.1498577476\1072664706"" -childID 1 -isForBrowser -prefsHandle 1684 -prefMapHandle 1696 -prefsLen 3677 -prefMapSize 252743 -jsInit 852 286204 -parentBuildID 20210927210923 -appdir ""C:\Program Files\Mozilla Firefox\browser"" - 2304 ""\\.\pipe\gecko-crash-server-pipe.2304"" 2020 1627ab88 tab
PID:1972",ProcessEvent,Create,2021-10-09 16:24:08.252,
C:\Windows\system32\spool\drivers\color\sRGB Color Space Profile.icm,"""C:\Program Files\Mozilla Firefox\firefox.exe"" http://host.omni4africa.com/mps/redirect.php
PID:2304",FileEvent,Read,2021-10-09 16:24:07.948,4096
"""C:\Program Files\Mozilla Firefox\firefox.exe"" http://host.omni4africa.com/mps/redirect.php
PID:2304",C:\Users\jpdz\AppData\Local\Mozilla\Firefox\Profiles\uzjxbbj5.default-release\cache2\doomed\7293,FileEvent,Delete,2021-10-09 16:24:13.226,0
C:\Users\jpdz\AppData\Local\Mozilla\Firefox\Profiles\uzjxbbj5.default-release\safebrowsing\mozplugin-block-digest256.vlpset,"""C:\Program Files\Mozilla Firefox\firefox.exe"" http://host.omni4africa.com/mps/redirect.php
PID:2304",FileEvent,Read,2021-10-09 16:24:11.958,3045
C:\Users\jpdz\AppData\Roaming\Mozilla\Firefox\Profiles\uzjxbbj5.default-release\storage\permanent\chrome\idb\1657114595AmcateirvtiSty.sqlite,"""C:\Program Files\Mozilla Firefox\firefox.exe"" http://host.omni4africa.com/mps/redirect.php
PID:2304",FileEvent,Read,2021-10-09 16:24:12.9,57644
C:\Windows\Prefetch\FIREFOX.EXE-A606B53C.pf,"""C:\Program Files\Mozilla Firefox\firefox.exe"" http://host.omni4africa.com/mps/redirect.php
PID:2304",FileEvent,Read,2021-10-09 16:24:07.824,61006
"""C:\Program Files\Mozilla Firefox\firefox.exe"" http://host.omni4africa.com/mps/redirect.php
PID:2304",41.185.48.158,IpChannelEvent,TcpIpConnect,2021-10-09 16:24:12.695,0
"""C:\Program Files\Mozilla Firefox\firefox.exe"" http://host.omni4africa.com/mps/redirect.php
PID:2304",41.185.48.158,IpChannelEvent,TcpIpDisconnect,2021-10-09 16:24:18.842,0
41.185.48.158,"""C:\Program Files\Mozilla Firefox\firefox.exe"" http://host.omni4africa.com/mps/redirect.php
PID:2304",IpChannelEvent,TcpIpRecv,2021-10-09 16:24:13.54,6614
"""C:\Program Files\Mozilla Firefox\firefox.exe"" http://host.omni4africa.com/mps/redirect.php
PID:2304",41.185.48.158,IpChannelEvent,TcpIpSend,2021-10-09 16:24:12.730,1125
C:\Users\jpdz\AppData\Roaming\Mozilla\Firefox\Profiles\uzjxbbj5.default-release\sessionCheckpoints.json,"""C:\Program Files\Mozilla Firefox\firefox.exe"" http://host.omni4africa.com/mps/redirect.php
PID:2304",FileEvent,Read,2021-10-09 16:24:08.53,241
C:\Users\jpdz\AppData\Local\Mozilla\Firefox\Profiles\uzjxbbj5.default-release\safebrowsing\base-fingerprinting-track-digest256.sbstore,"""C:\Program Files\Mozilla Firefox\firefox.exe"" http://host.omni4africa.com/mps/redirect.php
PID:2304",FileEvent,Read,2021-10-09 16:24:12.347,359
C:\Users\jpdz\AppData\Local\Mozilla\Firefox\Profiles\uzjxbbj5.default-release\safebrowsing\google4\goog-phish-proto.metadata,"""C:\Program Files\Mozilla Firefox\firefox.exe"" http://host.omni4africa.com/mps/redirect.php
PID:2304",FileEvent,Read,2021-10-09 16:24:12.348,71
C:\Users\jpdz\AppData\Roaming\Mozilla\Firefox\Profiles\UZJXBB~1.DEF\key4.db,"""C:\Program Files\Mozilla Firefox\firefox.exe"" http://host.omni4africa.com/mps/redirect.php
PID:2304",FileEvent,Read,2021-10-09 16:24:08.191,131252
C:\Users\jpdz\AppData\Roaming\Mozilla\Firefox\Profiles\UZJXBB~1.DEF\key4.db,"""C:\Program Files\Mozilla Firefox\firefox.exe"" http://host.omni4africa.com/mps/redirect.php
PID:2304",FileEvent,Read,2021-10-09 16:24:11.988,96
C:\Users\jpdz\AppData\Roaming\Mozilla\Firefox\Profiles\uzjxbbj5.default-release\extensions.json,"""C:\Program Files\Mozilla Firefox\firefox.exe"" http://host.omni4africa.com/mps/redirect.php
PID:2304",FileEvent,Read,2021-10-09 16:24:11.905,57748
"""C:\Program Files\Mozilla Firefox\firefox.exe"" http://host.omni4africa.com/mps/redirect.php
PID:2304",C:\Users\jpdz\AppData\Roaming\Mozilla\Firefox\Profiles\uzjxbbj5.default-release\storage\permanent\chrome\idb\2823318777ntouromlalnodry--naod.sqlite-wal,FileEvent,Delete,2021-10-09 16:24:12.524,0
"""C:\Program Files\Mozilla Firefox\firefox.exe"" http://host.omni4africa.com/mps/redirect.php
PID:2304",C:\Users\jpdz\AppData\Roaming\Mozilla\Firefox\Profiles\uzjxbbj5.default-release\storage\permanent\chrome\idb\2823318777ntouromlalnodry--naod.sqlite-wal,FileEvent,Delete,2021-10-09 16:24:24.498,0
"""C:\Program Files\Mozilla Firefox\firefox.exe"" http://host.omni4africa.com/mps/redirect.php
PID:2304",C:\Users\jpdz\AppData\Roaming\Mozilla\Firefox\Profiles\uzjxbbj5.default-release\storage\default\moz-extension+++0424fd79-b62a-421f-bf32-0d1549ab34f2^userContextId=4294967295\idb\3647222921wleabcEoxlt-eengsairo.sqlite-shm,FileEvent,Delete,2021-10-09 16:24:18.915,0
"""C:\Program Files\Mozilla Firefox\firefox.exe"" http://host.omni4africa.com/mps/redirect.php
PID:2304",C:\Users\jpdz\AppData\Roaming\Mozilla\Firefox\Profiles\uzjxbbj5.default-release\storage\default\moz-extension+++0424fd79-b62a-421f-bf32-0d1549ab34f2^userContextId=4294967295\idb\3647222921wleabcEoxlt-eengsairo.sqlite-shm,FileEvent,Delete,2021-10-09 16:24:32.239,0
C:\Users\jpdz\AppData\Roaming\Mozilla\Firefox\Profiles\uzjxbbj5.default-release\storage\default\moz-extension+++0424fd79-b62a-421f-bf32-0d1549ab34f2^userContextId=4294967295\idb\3647222921wleabcEoxlt-eengsairo.sqlite-shm,"""C:\Program Files\Mozilla Firefox\firefox.exe"" http://host.omni4africa.com/mps/redirect.php
PID:2304",FileEvent,Read,2021-10-09 16:24:18.915,65536
"""C:\Program Files\Mozilla Firefox\firefox.exe"" http://host.omni4africa.com/mps/redirect.php
PID:2304",C:\Users\jpdz\AppData\Local\Mozilla\Firefox\Profiles\uzjxbbj5.default-release\startupCache\scriptCache-child-new.bin,FileEvent,Write,2021-10-09 16:24:23.59,819666
C:\Users\jpdz\AppData\Roaming\Mozilla\Firefox\Profiles\uzjxbbj5.default-release\cookies.sqlite,"""C:\Program Files\Mozilla Firefox\firefox.exe"" http://host.omni4africa.com/mps/redirect.php
PID:2304",FileEvent,Read,2021-10-09 16:24:08.3,753864
"""C:\Program Files\Mozilla Firefox\firefox.exe"" http://host.omni4africa.com/mps/redirect.php
PID:2304",C:\Users\jpdz\AppData\Local\Mozilla\Firefox\Profiles\uzjxbbj5.default-release\cache2\doomed\1973,FileEvent,Delete,2021-10-09 16:24:13.298,0
C:\Users\jpdz\AppData\Local\Mozilla\Firefox\Profiles\uzjxbbj5.default-release\safebrowsing\social-track-digest256.vlpset,"""C:\Program Files\Mozilla Firefox\firefox.exe"" http://host.omni4africa.com/mps/redirect.php
PID:2304",FileEvent,Read,2021-10-09 16:24:11.959,2117
C:\Users\jpdz\AppData\Roaming\Mozilla\Firefox\Profiles\uzjxbbj5.default-release\xulstore.json,"""C:\Program Files\Mozilla Firefox\firefox.exe"" http://host.omni4africa.com/mps/redirect.php
PID:2304",FileEvent,Read,2021-10-09 16:24:07.927,453
"""C:\Program Files\Mozilla Firefox\firefox.exe"" http://host.omni4africa.com/mps/redirect.php
PID:2304","""C:\Program Files\Mozilla Firefox\firefox.exe"" -contentproc --channel=""2304.7.1160567033\1601166848"" -parentBuildID 20210927210923 -prefsHandle 3464 -prefMapHandle 3460 -prefsLen 9770 -prefMapSize 252743 -appdir ""C:\Program Files\Mozilla Firefox\browser"" - 2304 ""\\.\pipe\gecko-crash-server-pipe.2304"" 3476 ceb1378 rdd
PID:3108",ProcessEvent,Create,2021-10-09 16:24:12.988,
C:\Program Files\Mozilla Firefox\dependentlibs.list,"""C:\Program Files\Mozilla Firefox\firefox.exe"" http://host.omni4africa.com/mps/redirect.php
PID:2304",FileEvent,Read,2021-10-09 16:24:07.832,8192
C:\Program Files\Mozilla Firefox\api-ms-win-crt-convert-l1-1-0.dll,"""C:\Program Files\Mozilla Firefox\firefox.exe"" http://host.omni4africa.com/mps/redirect.php
PID:2304",FileEvent,Read,2021-10-09 16:24:07.832,65536
"""C:\Program Files\Mozilla Firefox\firefox.exe"" http://host.omni4africa.com/mps/redirect.php
PID:2304",C:\Users\jpdz\AppData\Roaming\Mozilla\Firefox\Profiles\uzjxbbj5.default-release\storage\permanent\chrome\idb\1657114595AmcateirvtiSty.sqlite-wal,FileEvent,Delete,2021-10-09 16:24:12.11,0
"""C:\Program Files\Mozilla Firefox\firefox.exe"" http://host.omni4africa.com/mps/redirect.php
PID:2304",C:\Users\jpdz\AppData\Roaming\Mozilla\Firefox\Profiles\uzjxbbj5.default-release\storage\permanent\chrome\idb\1657114595AmcateirvtiSty.sqlite-wal,FileEvent,Delete,2021-10-09 16:24:25.702,0
C:\Users\jpdz\AppData\Roaming\Mozilla\Firefox\Profiles\uzjxbbj5.default-release\favicons.sqlite-shm,"""C:\Program Files\Mozilla Firefox\firefox.exe"" http://host.omni4africa.com/mps/redirect.php
PID:2304",FileEvent,Read,2021-10-09 16:24:08.338,32768
C:\Users\jpdz\AppData\Local\Mozilla\Firefox\Profiles\uzjxbbj5.default-release\safebrowsing\google4\goog-unwanted-proto.metadata,"""C:\Program Files\Mozilla Firefox\firefox.exe"" http://host.omni4africa.com/mps/redirect.php
PID:2304",FileEvent,Read,2021-10-09 16:24:12.348,71
C:\Users\jpdz\AppData\Local\Mozilla\Firefox\Profiles\uzjxbbj5.default-release\safebrowsing\except-flashsubdoc-digest256.sbstore,"""C:\Program Files\Mozilla Firefox\firefox.exe"" http://host.omni4africa.com/mps/redirect.php
PID:2304",FileEvent,Read,2021-10-09 16:24:12.347,244
"""C:\Program Files\Mozilla Firefox\firefox.exe"" http://host.omni4africa.com/mps/redirect.php
PID:2304",C:\Users\jpdz\AppData\Roaming\Mozilla\Firefox\Profiles\uzjxbbj5.default-release\storage\permanent\chrome\idb\3561288849sdhlie.sqlite-wal,FileEvent,Delete,2021-10-09 16:24:12.48,0
"""C:\Program Files\Mozilla Firefox\firefox.exe"" http://host.omni4africa.com/mps/redirect.php
PID:2304",C:\Users\jpdz\AppData\Roaming\Mozilla\Firefox\Profiles\uzjxbbj5.default-release\storage\permanent\chrome\idb\3561288849sdhlie.sqlite-wal,FileEvent,Delete,2021-10-09 16:24:24.499,0
C:\Users\jpdz\AppData\Local\Mozilla\Firefox\Profiles\uzjxbbj5.default-release\safebrowsing\google4\goog-phish-proto.vlpset,"""C:\Program Files\Mozilla Firefox\firefox.exe"" http://host.omni4africa.com/mps/redirect.php
PID:2304",FileEvent,Read,2021-10-09 16:24:11.957,393216
"""C:\Program Files\Mozilla Firefox\firefox.exe"" http://host.omni4africa.com/mps/redirect.php
PID:2304",C:\Users\jpdz\AppData\Local\Mozilla\Firefox\Profiles\uzjxbbj5.default-release\cache2\entries\E8246BB40873DF388F959075604DEEE43344C56F,FileEvent,Write,2021-10-09 16:24:13.230,59511
C:\Users\jpdz\AppData\Local\Mozilla\Firefox\Profiles\uzjxbbj5.default-release\cache2\entries\E8246BB40873DF388F959075604DEEE43344C56F,"""C:\Program Files\Mozilla Firefox\firefox.exe"" http://host.omni4africa.com/mps/redirect.php
PID:2304",FileEvent,Read,2021-10-09 16:24:13.229,15031
C:\Users\jpdz\AppData\Local\Mozilla\Firefox\Profiles\uzjxbbj5.default-release\safebrowsing\content-track-digest256.sbstore,"""C:\Program Files\Mozilla Firefox\firefox.exe"" http://host.omni4africa.com/mps/redirect.php
PID:2304",FileEvent,Read,2021-10-09 16:24:12.347,734
"""C:\Program Files\Mozilla Firefox\firefox.exe"" http://host.omni4africa.com/mps/redirect.php
PID:2304",C:\Users\jpdz\AppData\Roaming\Mozilla\Firefox\Profiles\uzjxbbj5.default-release\storage\permanent\chrome\idb\3870112724rsegmnoittet-es.sqlite-shm,FileEvent,Delete,2021-10-09 16:24:08.161,0
C:\Users\jpdz\AppData\Roaming\Mozilla\Firefox\Profiles\uzjxbbj5.default-release\storage\permanent\chrome\idb\3870112724rsegmnoittet-es.sqlite-shm,"""C:\Program Files\Mozilla Firefox\firefox.exe"" http://host.omni4africa.com/mps/redirect.php
PID:2304",FileEvent,Read,2021-10-09 16:24:08.160,65536
"""C:\Program Files\Mozilla Firefox\firefox.exe"" http://host.omni4africa.com/mps/redirect.php
PID:2304",C:\Users\jpdz\AppData\Roaming\Mozilla\Firefox\Profiles\uzjxbbj5.default-release\storage\permanent\chrome\idb\3870112724rsegmnoittet-es.sqlite-shm,FileEvent,Delete,2021-10-09 16:24:33.466,0
C:\Program Files\Mozilla Firefox\distribution\distribution.ini,"""C:\Program Files\Mozilla Firefox\firefox.exe"" http://host.omni4africa.com/mps/redirect.php
PID:2304",FileEvent,Read,2021-10-09 16:24:07.927,2952
"""C:\Program Files\Mozilla Firefox\firefox.exe"" http://host.omni4africa.com/mps/redirect.php
PID:2304",C:\Users\jpdz\AppData\Roaming\Mozilla\Firefox\Profiles\uzjxbbj5.default-release\storage\default\moz-extension+++0c3666b5-67b1-4855-b50d-d5fbfc0d2874^userContextId=4294967295\idb\3647222921wleabcEoxlt-eengsairo.sqlite-shm,FileEvent,Delete,2021-10-09 16:24:13.771,0
"""C:\Program Files\Mozilla Firefox\firefox.exe"" http://host.omni4africa.com/mps/redirect.php
PID:2304",C:\Users\jpdz\AppData\Roaming\Mozilla\Firefox\Profiles\uzjxbbj5.default-release\storage\default\moz-extension+++0c3666b5-67b1-4855-b50d-d5fbfc0d2874^userContextId=4294967295\idb\3647222921wleabcEoxlt-eengsairo.sqlite-shm,FileEvent,Delete,2021-10-09 16:24:29.937,0
C:\Users\jpdz\AppData\Roaming\Mozilla\Firefox\Profiles\uzjxbbj5.default-release\storage\default\moz-extension+++0c3666b5-67b1-4855-b50d-d5fbfc0d2874^userContextId=4294967295\idb\3647222921wleabcEoxlt-eengsairo.sqlite-shm,"""C:\Program Files\Mozilla Firefox\firefox.exe"" http://host.omni4africa.com/mps/redirect.php
PID:2304",FileEvent,Read,2021-10-09 16:24:13.770,65536
C:\Users\jpdz\AppData\Local\Mozilla\Firefox\Profiles\uzjxbbj5.default-release\startupCache\webext.sc.lz4,"""C:\Program Files\Mozilla Firefox\firefox.exe"" http://host.omni4africa.com/mps/redirect.php
PID:2304",FileEvent,Read,2021-10-09 16:24:08.31,131881
C:\Program Files\Mozilla Firefox\nss3.dll,"""C:\Program Files\Mozilla Firefox\firefox.exe"" http://host.omni4africa.com/mps/redirect.php
PID:2304",FileEvent,Read,2021-10-09 16:24:07.833,2031616
C:\Users\jpdz\AppData\Local\Mozilla\Firefox\Profiles\uzjxbbj5.default-release\safebrowsing\content-track-digest256.vlpset,"""C:\Program Files\Mozilla Firefox\firefox.exe"" http://host.omni4africa.com/mps/redirect.php
PID:2304",FileEvent,Read,2021-10-09 16:24:11.952,15525
"""C:\Program Files\Mozilla Firefox\firefox.exe"" http://host.omni4africa.com/mps/redirect.php
PID:2304",C:\Users\jpdz\AppData\Local\Mozilla\Firefox\Profiles\uzjxbbj5.default-release\cache2\doomed\12590,FileEvent,Delete,2021-10-09 16:24:13.338,0
C:\Program Files\Mozilla Firefox\xul.dll,"""C:\Program Files\Mozilla Firefox\firefox.exe"" http://host.omni4africa.com/mps/redirect.php
PID:2304",FileEvent,Read,2021-10-09 16:24:07.835,104333312
C:\Windows\Fonts\staticcache.dat,"""C:\Program Files\Mozilla Firefox\firefox.exe"" http://host.omni4africa.com/mps/redirect.php
PID:2304",FileEvent,Read,2021-10-09 16:24:08.134,60
C:\Users\jpdz\AppData\Local\Mozilla\Firefox\Profiles\uzjxbbj5.default-release\safebrowsing\google4\goog-unwanted-proto.vlpset,"""C:\Program Files\Mozilla Firefox\firefox.exe"" http://host.omni4africa.com/mps/redirect.php
PID:2304",FileEvent,Read,2021-10-09 16:24:11.958,53720
"""C:\Program Files\Mozilla Firefox\firefox.exe"" http://host.omni4africa.com/mps/redirect.php
PID:2304",C:\Users\jpdz\AppData\Local\Mozilla\Firefox\Profiles\uzjxbbj5.default-release\startupCache\scriptCache-new.bin,FileEvent,Write,2021-10-09 16:24:23.52,9879416
C:\Users\jpdz\AppData\Local\Mozilla\Firefox\Profiles\uzjxbbj5.default-release\startupCache\scriptCache-new.bin,"""C:\Program Files\Mozilla Firefox\firefox.exe"" http://host.omni4africa.com/mps/redirect.php
PID:2304",FileEvent,Read,2021-10-09 16:24:23.55,65536
C:\Users\jpdz\AppData\Roaming\Mozilla\Firefox\Profiles\uzjxbbj5.default-release\permissions.sqlite,"""C:\Program Files\Mozilla Firefox\firefox.exe"" http://host.omni4africa.com/mps/redirect.php
PID:2304",FileEvent,Read,2021-10-09 16:24:07.986,65700
"""C:\Program Files\Mozilla Firefox\firefox.exe"" http://host.omni4africa.com/mps/redirect.php
PID:2304",C:\Users\jpdz\AppData\Roaming\Mozilla\Firefox\Profiles\uzjxbbj5.default-release\extensions.json.tmp,FileEvent,Write,2021-10-09 16:24:18.938,57748
C:\Users\jpdz\AppData\Local\Mozilla\Firefox\Profiles\uzjxbbj5.default-release\safebrowsing\google4\goog-badbinurl-proto.metadata,"""C:\Program Files\Mozilla Firefox\firefox.exe"" http://host.omni4africa.com/mps/redirect.php
PID:2304",FileEvent,Read,2021-10-09 16:24:12.348,71
C:\Users\jpdz\AppData\Local\Mozilla\Firefox\Profiles\uzjxbbj5.default-release\safebrowsing\block-flashsubdoc-digest256.sbstore,"""C:\Program Files\Mozilla Firefox\firefox.exe"" http://host.omni4africa.com/mps/redirect.php
PID:2304",FileEvent,Read,2021-10-09 16:24:12.347,2576
"""C:\Program Files\Mozilla Firefox\firefox.exe"" http://host.omni4africa.com/mps/redirect.php
PID:2304",117.18.237.29,IpChannelEvent,TcpIpConnect,2021-10-09 16:24:13.300,0
117.18.237.29,"""C:\Program Files\Mozilla Firefox\firefox.exe"" http://host.omni4africa.com/mps/redirect.php
PID:2304",IpChannelEvent,TcpIpRecv,2021-10-09 16:24:13.412,799
"""C:\Program Files\Mozilla Firefox\firefox.exe"" http://host.omni4africa.com/mps/redirect.php
PID:2304",117.18.237.29,IpChannelEvent,TcpIpSend,2021-10-09 16:24:13.412,456
C:\Users\jpdz\AppData\Roaming\Mozilla\Firefox\Profiles\uzjxbbj5.default-release\places.sqlite-shm,"""C:\Program Files\Mozilla Firefox\firefox.exe"" http://host.omni4africa.com/mps/redirect.php
PID:2304",FileEvent,Read,2021-10-09 16:24:08.337,32768
"""C:\Program Files\Mozilla Firefox\firefox.exe"" http://host.omni4africa.com/mps/redirect.php
PID:2304",C:\Users\jpdz\AppData\Local\Mozilla\Firefox\Profiles\uzjxbbj5.default-release\cache2\entries\877B23568E4760A78D77B31C6B8C85ABABABCEA7,FileEvent,Write,2021-10-09 16:24:13.26,26414
C:\Users\jpdz\AppData\Local\Mozilla\Firefox\Profiles\uzjxbbj5.default-release\safebrowsing\mozplugin-block-digest256.sbstore,"""C:\Program Files\Mozilla Firefox\firefox.exe"" http://host.omni4africa.com/mps/redirect.php
PID:2304",FileEvent,Read,2021-10-09 16:24:12.347,338
C:\Users\jpdz\AppData\Local\Mozilla\Firefox\Profiles\uzjxbbj5.default-release\safebrowsing\google4\goog-badbinurl-proto.vlpset,"""C:\Program Files\Mozilla Firefox\firefox.exe"" http://host.omni4africa.com/mps/redirect.php
PID:2304",FileEvent,Read,2021-10-09 16:24:11.956,393216
"""C:\Program Files\Mozilla Firefox\firefox.exe"" http://host.omni4africa.com/mps/redirect.php
PID:2304",C:\Users\jpdz\AppData\Roaming\Mozilla\Firefox\Profiles\uzjxbbj5.default-release\storage.sqlite-journal,FileEvent,Delete,2021-10-09 16:24:13.766,0
C:\Users\jpdz\AppData\Roaming\Mozilla\Firefox\Profiles\uzjxbbj5.default-release\storage.sqlite-journal,"""C:\Program Files\Mozilla Firefox\firefox.exe"" http://host.omni4africa.com/mps/redirect.php
PID:2304",FileEvent,Read,2021-10-09 16:24:12.987,8
"""C:\Program Files\Mozilla Firefox\firefox.exe"" http://host.omni4africa.com/mps/redirect.php
PID:2304",C:\Users\jpdz\AppData\Roaming\Mozilla\Firefox\Profiles\uzjxbbj5.default-release\storage.sqlite-journal,FileEvent,Write,2021-10-09 16:24:12.987,17492
"""C:\Program Files\Mozilla Firefox\firefox.exe"" http://host.omni4africa.com/mps/redirect.php
PID:2304",121.194.1.39,IpChannelEvent,TcpIpConnect,2021-10-09 16:24:13.669,0
"""C:\Program Files\Mozilla Firefox\firefox.exe"" http://host.omni4africa.com/mps/redirect.php
PID:2304",121.194.1.39,IpChannelEvent,TcpIpSend,2021-10-09 16:24:13.702,453
121.194.1.39,"""C:\Program Files\Mozilla Firefox\firefox.exe"" http://host.omni4africa.com/mps/redirect.php
PID:2304",IpChannelEvent,TcpIpRecv,2021-10-09 16:24:13.702,1096
C:\Users\jpdz\AppData\Local\Mozilla\Firefox\Profiles\uzjxbbj5.default-release\cache2\entries\6D89348819C8881868053197CA0754F36784BF5F,"""C:\Program Files\Mozilla Firefox\firefox.exe"" http://host.omni4africa.com/mps/redirect.php
PID:2304",FileEvent,Read,2021-10-09 16:24:12.31,8378
"""C:\Program Files\Mozilla Firefox\firefox.exe"" http://host.omni4africa.com/mps/redirect.php
PID:2304",C:\Users\jpdz\AppData\Local\Mozilla\Firefox\Profiles\uzjxbbj5.default-release\cache2\entries\6D89348819C8881868053197CA0754F36784BF5F,FileEvent,Write,2021-10-09 16:24:12.65,50214
C:\Users\jpdz\AppData\Roaming\Mozilla\Firefox\Profiles\uzjxbbj5.default-release\storage\permanent\chrome\idb\2823318777ntouromlalnodry--naod.sqlite,"""C:\Program Files\Mozilla Firefox\firefox.exe"" http://host.omni4africa.com/mps/redirect.php
PID:2304",FileEvent,Read,2021-10-09 16:24:12.523,37064
C:\Program Files\Mozilla Firefox\api-ms-win-crt-runtime-l1-1-0.dll,"""C:\Program Files\Mozilla Firefox\firefox.exe"" http://host.omni4africa.com/mps/redirect.php
PID:2304",FileEvent,Read,2021-10-09 16:24:07.832,65536
C:\Users\jpdz\AppData\Roaming\Mozilla\Firefox\Profiles\uzjxbbj5.default-release\content-prefs.sqlite,"""C:\Program Files\Mozilla Firefox\firefox.exe"" http://host.omni4africa.com/mps/redirect.php
PID:2304",FileEvent,Read,2021-10-09 16:24:14.12,65684
C:\Users\jpdz\AppData\Roaming\Mozilla\Firefox\Profiles\uzjxbbj5.default-release\search.json.mozlz4,"""C:\Program Files\Mozilla Firefox\firefox.exe"" http://host.omni4africa.com/mps/redirect.php
PID:2304",FileEvent,Read,2021-10-09 16:24:08.157,187
"""C:\Program Files\Mozilla Firefox\firefox.exe"" http://host.omni4africa.com/mps/redirect.php
PID:2304",C:\Users\jpdz\AppData\Roaming\Mozilla\Firefox\Profiles\uzjxbbj5.default-release\search.json.mozlz4,FileEvent,Write,2021-10-09 16:24:13.59,187
"""C:\Program Files\Mozilla Firefox\firefox.exe"" http://host.omni4africa.com/mps/redirect.php
PID:2304",125.220.192.143,IpChannelEvent,TcpIpConnect,2021-10-09 16:24:08.509,0
125.220.192.143,"""C:\Program Files\Mozilla Firefox\firefox.exe"" http://host.omni4africa.com/mps/redirect.php
PID:2304",IpChannelEvent,TcpIpRecv,2021-10-09 16:24:08.563,3666
"""C:\Program Files\Mozilla Firefox\firefox.exe"" http://host.omni4africa.com/mps/redirect.php
PID:2304",125.220.192.143,IpChannelEvent,TcpIpSend,2021-10-09 16:24:08.563,602
"""C:\Program Files\Mozilla Firefox\firefox.exe"" http://host.omni4africa.com/mps/redirect.php
PID:2304",125.220.192.143,IpChannelEvent,TcpIpSend,2021-10-09 16:24:12.513,657
125.220.192.143,"""C:\Program Files\Mozilla Firefox\firefox.exe"" http://host.omni4africa.com/mps/redirect.php
PID:2304",IpChannelEvent,TcpIpRecv,2021-10-09 16:24:12.554,799
C:\Users\jpdz\AppData\Local\Mozilla\Firefox\Profiles\uzjxbbj5.default-release\safebrowsing\base-cryptomining-track-digest256.sbstore,"""C:\Program Files\Mozilla Firefox\firefox.exe"" http://host.omni4africa.com/mps/redirect.php
PID:2304",FileEvent,Read,2021-10-09 16:24:12.346,314
C:\Users\jpdz\AppData\Local\Mozilla\Firefox\Profiles\uzjxbbj5.default-release\safebrowsing\social-tracking-protection-linkedin-digest256.sbstore,"""C:\Program Files\Mozilla Firefox\firefox.exe"" http://host.omni4africa.com/mps/redirect.php
PID:2304",FileEvent,Read,2021-10-09 16:24:12.347,244
"""C:\Program Files\Mozilla Firefox\firefox.exe"" http://host.omni4africa.com/mps/redirect.php
PID:2304",125.220.192.143,IpChannelEvent,TcpIpConnect,2021-10-09 16:24:12.25,0
"""C:\Program Files\Mozilla Firefox\firefox.exe"" http://host.omni4africa.com/mps/redirect.php
PID:2304",125.220.192.143,IpChannelEvent,TcpIpDisconnect,2021-10-09 16:24:12.567,0
"""C:\Program Files\Mozilla Firefox\firefox.exe"" http://host.omni4africa.com/mps/redirect.php
PID:2304",125.220.192.143,IpChannelEvent,TcpIpSend,2021-10-09 16:24:12.64,811
125.220.192.143,"""C:\Program Files\Mozilla Firefox\firefox.exe"" http://host.omni4africa.com/mps/redirect.php
PID:2304",IpChannelEvent,TcpIpRecv,2021-10-09 16:24:12.64,3666
"""C:\Program Files\Mozilla Firefox\firefox.exe"" http://host.omni4africa.com/mps/redirect.php
PID:2304",13.227.254.129,IpChannelEvent,TcpIpConnect,2021-10-09 16:24:12.130,0
"""C:\Program Files\Mozilla Firefox\firefox.exe"" http://host.omni4africa.com/mps/redirect.php
PID:2304",13.227.254.129,IpChannelEvent,TcpIpSend,2021-10-09 16:24:12.399,1102
13.227.254.129,"""C:\Program Files\Mozilla Firefox\firefox.exe"" http://host.omni4africa.com/mps/redirect.php
PID:2304",IpChannelEvent,TcpIpRecv,2021-10-09 16:24:12.399,9621
C:\Users\jpdz\AppData\Local\Mozilla\Firefox\Profiles\uzjxbbj5.default-release\safebrowsing\block-flash-digest256.sbstore,"""C:\Program Files\Mozilla Firefox\firefox.exe"" http://host.omni4africa.com/mps/redirect.php
PID:2304",FileEvent,Read,2021-10-09 16:24:12.347,451
C:\Users\jpdz\AppData\Roaming\Mozilla\Firefox\Profiles\uzjxbbj5.default-release\datareporting\state.json,"""C:\Program Files\Mozilla Firefox\firefox.exe"" http://host.omni4africa.com/mps/redirect.php
PID:2304",FileEvent,Read,2021-10-09 16:24:12.283,51
C:\Users\jpdz\AppData\Local\Mozilla\Firefox\Profiles\uzjxbbj5.default-release\safebrowsing\base-fingerprinting-track-digest256.vlpset,"""C:\Program Files\Mozilla Firefox\firefox.exe"" http://host.omni4africa.com/mps/redirect.php
PID:2304",FileEvent,Read,2021-10-09 16:24:11.952,3717
C:\Users\jpdz\AppData\Local\Mozilla\Firefox\Profiles\uzjxbbj5.default-release\safebrowsing\social-tracking-protection-twitter-digest256.sbstore,"""C:\Program Files\Mozilla Firefox\firefox.exe"" http://host.omni4africa.com/mps/redirect.php
PID:2304",FileEvent,Read,2021-10-09 16:24:12.347,247
"""C:\Program Files\Mozilla Firefox\firefox.exe"" http://host.omni4africa.com/mps/redirect.php
PID:2304",13.227.254.104,IpChannelEvent,TcpIpConnect,2021-10-09 16:24:14.653,0
13.227.254.104,"""C:\Program Files\Mozilla Firefox\firefox.exe"" http://host.omni4africa.com/mps/redirect.php
PID:2304",IpChannelEvent,TcpIpRecv,2021-10-09 16:24:14.767,51792
"""C:\Program Files\Mozilla Firefox\firefox.exe"" http://host.omni4africa.com/mps/redirect.php
PID:2304",13.227.254.104,IpChannelEvent,TcpIpSend,2021-10-09 16:24:14.739,1905
"""C:\Program Files\Mozilla Firefox\firefox.exe"" http://host.omni4africa.com/mps/redirect.php
PID:2304",C:\Users\jpdz\AppData\Local\Mozilla\Firefox\Profiles\uzjxbbj5.default-release\cache2\doomed\26405,FileEvent,Delete,2021-10-09 16:24:08.0,0
C:\Users\jpdz\AppData\Local\Mozilla\Firefox\Profiles\uzjxbbj5.default-release\safebrowsing\social-tracking-protection-linkedin-digest256.vlpset,"""C:\Program Files\Mozilla Firefox\firefox.exe"" http://host.omni4africa.com/mps/redirect.php
PID:2304",FileEvent,Read,2021-10-09 16:24:11.959,133
"""C:\Program Files\Mozilla Firefox\firefox.exe"" http://host.omni4africa.com/mps/redirect.php
PID:2304","""C:\Program Files\Mozilla Firefox\firefox.exe"" -contentproc --channel=""2304.3.1858486503\639222202"" -childID 2 -isForBrowser -prefsHandle 2620 -prefMapHandle 2616 -prefsLen 9071 -prefMapSize 252743 -jsInit 852 286204 -parentBuildID 20210927210923 -appdir ""C:\Program Files\Mozilla Firefox\browser"" - 2304 ""\\.\pipe\gecko-crash-server-pipe.2304"" 2632 1a18f3a8 tab
PID:3824",ProcessEvent,Create,2021-10-09 16:24:12.49,
"""C:\Program Files\Mozilla Firefox\firefox.exe"" http://host.omni4africa.com/mps/redirect.php
PID:2304",C:\Users\jpdz\AppData\Roaming\Mozilla\Firefox\Profiles\uzjxbbj5.default-release\storage\default\moz-extension+++7b7c287d-b9ee-4c40-99c0-63c5bd847cee^userContextId=4294967295\idb\3647222921wleabcEoxlt-eengsairo.sqlite-wal,FileEvent,Delete,2021-10-09 16:24:13.768,0
"""C:\Program Files\Mozilla Firefox\firefox.exe"" http://host.omni4africa.com/mps/redirect.php
PID:2304",C:\Users\jpdz\AppData\Roaming\Mozilla\Firefox\Profiles\uzjxbbj5.default-release\storage\default\moz-extension+++7b7c287d-b9ee-4c40-99c0-63c5bd847cee^userContextId=4294967295\idb\3647222921wleabcEoxlt-eengsairo.sqlite-wal,FileEvent,Delete,2021-10-09 16:24:25.701,0
"""C:\Program Files\Mozilla Firefox\firefox.exe"" http://host.omni4africa.com/mps/redirect.php
PID:2304",C:\Users\jpdz\AppData\Roaming\Mozilla\Firefox\Profiles\uzjxbbj5.default-release\datareporting\glean\tmp\6b4f38d6-ed03-4ef2-a7d9-7c9fa6e8fc1b,FileEvent,Write,2021-10-09 16:24:12.996,4416
"""C:\Program Files\Mozilla Firefox\firefox.exe"" http://host.omni4africa.com/mps/redirect.php
PID:2304",C:\Users\jpdz\AppData\Local\Mozilla\Firefox\Profiles\uzjxbbj5.default-release\cache2\entries\E863DEE39AB0EF279CE01AF8C128F96010854FC3,FileEvent,Write,2021-10-09 16:24:13.50,76047
C:\Users\jpdz\AppData\Local\Mozilla\Firefox\Profiles\uzjxbbj5.default-release\cache2\entries\E863DEE39AB0EF279CE01AF8C128F96010854FC3,"""C:\Program Files\Mozilla Firefox\firefox.exe"" http://host.omni4africa.com/mps/redirect.php
PID:2304",FileEvent,Read,2021-10-09 16:24:13.31,12676
C:\Users\jpdz\AppData\Local\Mozilla\Firefox\Profiles\uzjxbbj5.default-release\safebrowsing\mozstd-trackwhite-digest256.vlpset,"""C:\Program Files\Mozilla Firefox\firefox.exe"" http://host.omni4africa.com/mps/redirect.php
PID:2304",FileEvent,Read,2021-10-09 16:24:11.958,655360
C:\Users\jpdz\AppData\Roaming\Mozilla\Firefox\Profiles\uzjxbbj5.default-release\security_state\data.safe.bin,"""C:\Program Files\Mozilla Firefox\firefox.exe"" http://host.omni4africa.com/mps/redirect.php
PID:2304",FileEvent,Read,2021-10-09 16:24:08.576,1222667
"""C:\Program Files\Mozilla Firefox\firefox.exe"" http://host.omni4africa.com/mps/redirect.php
PID:2304",23.74.15.131,IpChannelEvent,TcpIpConnect,2021-10-09 16:24:14.117,0
"""C:\Program Files\Mozilla Firefox\firefox.exe"" http://host.omni4africa.com/mps/redirect.php
PID:2304",23.74.15.131,IpChannelEvent,TcpIpDisconnect,2021-10-09 16:24:19.927,0
"""C:\Program Files\Mozilla Firefox\firefox.exe"" http://host.omni4africa.com/mps/redirect.php
PID:2304",C:\Users\jpdz\AppData\Local\Mozilla\Firefox\Profiles\uzjxbbj5.default-release\cache2\entries\90A3C87348D16CD8EA6998C722C8AE2E61E9401D,FileEvent,Write,2021-10-09 16:24:13.245,2082
C:\Users\jpdz\AppData\Roaming\Mozilla\Firefox\Profiles\uzjxbbj5.default-release\handlers.json,"""C:\Program Files\Mozilla Firefox\firefox.exe"" http://host.omni4africa.com/mps/redirect.php
PID:2304",FileEvent,Read,2021-10-09 16:24:12.594,733
"""C:\Program Files\Mozilla Firefox\firefox.exe"" http://host.omni4africa.com/mps/redirect.php
PID:2304",127.0.0.1,IpChannelEvent,TcpIpAccept,2021-10-09 16:24:07.903,0
127.0.0.1,"""C:\Program Files\Mozilla Firefox\firefox.exe"" http://host.omni4africa.com/mps/redirect.php
PID:2304",IpChannelEvent,TcpIpRecv,2021-10-09 16:24:07.904,23
127.0.0.1,"""C:\Program Files\Mozilla Firefox\firefox.exe"" http://host.omni4africa.com/mps/redirect.php
PID:2304",IpChannelEvent,TcpIpRecv,2021-10-09 16:24:11.973,603
"""C:\Program Files\Mozilla Firefox\firefox.exe"" http://host.omni4africa.com/mps/redirect.php
PID:2304",C:\Users\jpdz\AppData\Roaming\Mozilla\Firefox\Profiles\uzjxbbj5.default-release\storage\default\moz-extension+++0c3666b5-67b1-4855-b50d-d5fbfc0d2874^userContextId=4294967295\idb\3647222921wleabcEoxlt-eengsairo.sqlite-wal,FileEvent,Delete,2021-10-09 16:24:13.771,0
"""C:\Program Files\Mozilla Firefox\firefox.exe"" http://host.omni4africa.com/mps/redirect.php
PID:2304",C:\Users\jpdz\AppData\Roaming\Mozilla\Firefox\Profiles\uzjxbbj5.default-release\storage\default\moz-extension+++0c3666b5-67b1-4855-b50d-d5fbfc0d2874^userContextId=4294967295\idb\3647222921wleabcEoxlt-eengsairo.sqlite-wal,FileEvent,Delete,2021-10-09 16:24:29.937,0
C:\Users\jpdz\AppData\Roaming\Mozilla\Firefox\Profiles\uzjxbbj5.default-release\storage\default\moz-extension+++0c3666b5-67b1-4855-b50d-d5fbfc0d2874^userContextId=4294967295\idb\3647222921wleabcEoxlt-eengsairo.sqlite-wal,"""C:\Program Files\Mozilla Firefox\firefox.exe"" http://host.omni4africa.com/mps/redirect.php
PID:2304",FileEvent,Read,2021-10-09 16:24:19.139,4096
"""C:\Program Files\Mozilla Firefox\firefox.exe"" http://host.omni4africa.com/mps/redirect.php
PID:2304",C:\Users\jpdz\AppData\Roaming\Mozilla\Firefox\Profiles\uzjxbbj5.default-release\storage\default\moz-extension+++0c3666b5-67b1-4855-b50d-d5fbfc0d2874^userContextId=4294967295\idb\3647222921wleabcEoxlt-eengsairo.sqlite-wal,FileEvent,Write,2021-10-09 16:24:14.431,20560
C:\Users\jpdz\AppData\Local\Mozilla\Firefox\Profiles\uzjxbbj5.default-release\safebrowsing\except-flashallow-digest256.sbstore,"""C:\Program Files\Mozilla Firefox\firefox.exe"" http://host.omni4africa.com/mps/redirect.php
PID:2304",FileEvent,Read,2021-10-09 16:24:12.347,236
C:\Program Files\Mozilla Firefox\api-ms-win-crt-locale-l1-1-0.dll,"""C:\Program Files\Mozilla Firefox\firefox.exe"" http://host.omni4africa.com/mps/redirect.php
PID:2304",FileEvent,Read,2021-10-09 16:24:07.835,65536
C:\Program Files\Mozilla Firefox\mozglue.dll,"""C:\Program Files\Mozilla Firefox\firefox.exe"" http://host.omni4africa.com/mps/redirect.php
PID:2304",FileEvent,Read,2021-10-09 16:24:07.833,589824
"""C:\Program Files\Mozilla Firefox\firefox.exe"" http://host.omni4africa.com/mps/redirect.php
PID:2304",127.0.0.1,IpChannelEvent,TcpIpConnect,2021-10-09 16:24:07.903,0
"""C:\Program Files\Mozilla Firefox\firefox.exe"" http://host.omni4africa.com/mps/redirect.php
PID:2304",127.0.0.1,IpChannelEvent,TcpIpSend,2021-10-09 16:24:07.904,23
"""C:\Program Files\Mozilla Firefox\firefox.exe"" http://host.omni4africa.com/mps/redirect.php
PID:2304",127.0.0.1,IpChannelEvent,TcpIpSend,2021-10-09 16:24:11.973,603
"""C:\Program Files\Mozilla Firefox\firefox.exe"" http://host.omni4africa.com/mps/redirect.php
PID:2304","""C:\Program Files\Mozilla Firefox\firefox.exe"" -contentproc --channel=""2304.5.1700781750\1989655743"" -childID 3 -isForBrowser -prefsHandle 3252 -prefMapHandle 3248 -prefsLen 9770 -prefMapSize 252743 -jsInit 852 286204 -parentBuildID 20210927210923 -appdir ""C:\Program Files\Mozilla Firefox\browser"" - 2304 ""\\.\pipe\gecko-crash-server-pipe.2304"" 3264 1c0f1b88 tab
PID:3192",ProcessEvent,Create,2021-10-09 16:24:12.625,
"""C:\Program Files\Mozilla Firefox\firefox.exe"" http://host.omni4africa.com/mps/redirect.php
PID:2304",C:\Users\jpdz\AppData\Local\Mozilla\Firefox\Profiles\uzjxbbj5.default-release\cache2\doomed\10895,FileEvent,Delete,2021-10-09 16:24:13.298,0
"""C:\Program Files\Mozilla Firefox\firefox.exe"" http://host.omni4africa.com/mps/redirect.php
PID:2304",C:\Users\jpdz\AppData\Local\Mozilla\Firefox\Profiles\uzjxbbj5.default-release\cache2\index,FileEvent,Write,2021-10-09 16:24:08.0,8
C:\Users\jpdz\AppData\Local\Mozilla\Firefox\Profiles\uzjxbbj5.default-release\cache2\index,"""C:\Program Files\Mozilla Firefox\firefox.exe"" http://host.omni4africa.com/mps/redirect.php
PID:2304",FileEvent,Read,2021-10-09 16:24:07.999,348
C:\Program Files\Mozilla Firefox\api-ms-win-crt-math-l1-1-0.dll,"""C:\Program Files\Mozilla Firefox\firefox.exe"" http://host.omni4africa.com/mps/redirect.php
PID:2304",FileEvent,Read,2021-10-09 16:24:07.832,65536
C:\Program Files\Mozilla Firefox\api-ms-win-crt-stdio-l1-1-0.dll,"""C:\Program Files\Mozilla Firefox\firefox.exe"" http://host.omni4africa.com/mps/redirect.php
PID:2304",FileEvent,Read,2021-10-09 16:24:07.832,65536
C:\Users\jpdz\AppData\Roaming\Mozilla\Firefox\Profiles\profiles.log,"""C:\Program Files\Mozilla Firefox\firefox.exe"" http://host.omni4africa.com/mps/redirect.php
PID:2304",FileEvent,Read,2021-10-09 16:24:13.186,16384
"""C:\Program Files\Mozilla Firefox\firefox.exe"" http://host.omni4africa.com/mps/redirect.php
PID:2304",C:\Users\jpdz\AppData\Local\Temp\firefox,FileEvent,Delete,2021-10-09 16:24:08.55,0
C:\Program Files\Mozilla Firefox\api-ms-win-crt-utility-l1-1-0.dll,"""C:\Program Files\Mozilla Firefox\firefox.exe"" http://host.omni4africa.com/mps/redirect.php
PID:2304",FileEvent,Read,2021-10-09 16:24:07.833,65536
"""C:\Program Files\Mozilla Firefox\firefox.exe"" http://host.omni4africa.com/mps/redirect.php
PID:2304",39.107.233.151,IpChannelEvent,TcpIpConnect,2021-10-09 16:24:13.219,0
39.107.233.151,"""C:\Program Files\Mozilla Firefox\firefox.exe"" http://host.omni4africa.com/mps/redirect.php
PID:2304",IpChannelEvent,TcpIpRecv,2021-10-09 16:24:13.245,382
"""C:\Program Files\Mozilla Firefox\firefox.exe"" http://host.omni4africa.com/mps/redirect.php
PID:2304",39.107.233.151,IpChannelEvent,TcpIpSend,2021-10-09 16:24:13.233,532
"""C:\Program Files\Mozilla Firefox\firefox.exe"" http://host.omni4africa.com/mps/redirect.php
PID:2304",C:\Users\jpdz\AppData\Roaming\Mozilla\Firefox\Profiles\uzjxbbj5.default-release\cookies.sqlite-wal,FileEvent,Delete,2021-10-09 16:24:08.4,0
C:\Users\jpdz\AppData\Roaming\Mozilla\Firefox\Profiles\UZJXBB~1.DEF\pkcs11.txt,"""C:\Program Files\Mozilla Firefox\firefox.exe"" http://host.omni4africa.com/mps/redirect.php
PID:2304",FileEvent,Read,2021-10-09 16:24:08.190,8192
"""C:\Program Files\Mozilla Firefox\firefox.exe"" http://host.omni4africa.com/mps/redirect.php
PID:2304",C:\Users\jpdz\AppData\Local\Mozilla\Firefox\Profiles\uzjxbbj5.default-release\cache2\entries\95C36242C841482A7D46B9BD482F43C03D664288,FileEvent,Write,2021-10-09 16:24:13.641,17434
C:\Program Files\Mozilla Firefox\lgpllibs.dll,"""C:\Program Files\Mozilla Firefox\firefox.exe"" http://host.omni4africa.com/mps/redirect.php
PID:2304",FileEvent,Read,2021-10-09 16:24:07.835,65536
C:\Users\jpdz\AppData\Roaming\Mozilla\Firefox\Profiles\uzjxbbj5.default-release\addonStartup.json.lz4,"""C:\Program Files\Mozilla Firefox\firefox.exe"" http://host.omni4africa.com/mps/redirect.php
PID:2304",FileEvent,Read,2021-10-09 16:24:07.927,5706
C:\Users\jpdz\AppData\Local\Mozilla\Firefox\Profiles\uzjxbbj5.default-release\safebrowsing\block-flash-digest256.vlpset,"""C:\Program Files\Mozilla Firefox\firefox.exe"" http://host.omni4africa.com/mps/redirect.php
PID:2304",FileEvent,Read,2021-10-09 16:24:11.952,6661
C:\Users\jpdz\AppData\Local\Mozilla\Firefox\Profiles\uzjxbbj5.default-release\safebrowsing\except-flashsubdoc-digest256.vlpset,"""C:\Program Files\Mozilla Firefox\firefox.exe"" http://host.omni4africa.com/mps/redirect.php
PID:2304",FileEvent,Read,2021-10-09 16:24:11.952,133
"""C:\Program Files\Mozilla Firefox\firefox.exe"" http://host.omni4africa.com/mps/redirect.php
PID:2304",34.107.221.82,IpChannelEvent,TcpIpConnect,2021-10-09 16:24:12.583,0
"""C:\Program Files\Mozilla Firefox\firefox.exe"" http://host.omni4africa.com/mps/redirect.php
PID:2304",34.107.221.82,IpChannelEvent,TcpIpSend,2021-10-09 16:24:12.658,335
34.107.221.82,"""C:\Program Files\Mozilla Firefox\firefox.exe"" http://host.omni4africa.com/mps/redirect.php
PID:2304",IpChannelEvent,TcpIpRecv,2021-10-09 16:24:12.658,220
C:\Users\jpdz\AppData\Local\Mozilla\Firefox\Profiles\uzjxbbj5.default-release\cache2\entries\BEEAF9180B0A032DEE75D356EF60C8A42A21E761,"""C:\Program Files\Mozilla Firefox\firefox.exe"" http://host.omni4africa.com/mps/redirect.php
PID:2304",FileEvent,Read,2021-10-09 16:24:12.68,9135
"""C:\Program Files\Mozilla Firefox\firefox.exe"" http://host.omni4africa.com/mps/redirect.php
PID:2304",C:\Users\jpdz\AppData\Local\Mozilla\Firefox\Profiles\uzjxbbj5.default-release\cache2\entries\BEEAF9180B0A032DEE75D356EF60C8A42A21E761,FileEvent,Write,2021-10-09 16:24:12.311,52831
C:\Windows\system32\ExplorerFrame.dll,"""C:\Program Files\Mozilla Firefox\firefox.exe"" http://host.omni4africa.com/mps/redirect.php
PID:2304",FileEvent,Read,2021-10-09 16:24:07.921,1507328
"""C:\Program Files\Mozilla Firefox\firefox.exe"" http://host.omni4africa.com/mps/redirect.php
PID:2304",C:\Users\jpdz\AppData\Local\Mozilla\Firefox\Profiles\uzjxbbj5.default-release\cache2\doomed\2704,FileEvent,Delete,2021-10-09 16:24:13.930,0
"""C:\Program Files\Mozilla Firefox\firefox.exe"" http://host.omni4africa.com/mps/redirect.php
PID:2304",C:\Users\jpdz\AppData\Local\Mozilla\Firefox\Profiles\uzjxbbj5.default-release\cache2\entries\AAB64F7E8F8686C4C774D3C15C5A6D22E0F1C12C,FileEvent,Write,2021-10-09 16:24:13.299,17596
C:\Users\jpdz\AppData\Local\Mozilla\Firefox\Profiles\uzjxbbj5.default-release\safebrowsing\google4\goog-downloadwhite-proto.vlpset,"""C:\Program Files\Mozilla Firefox\firefox.exe"" http://host.omni4africa.com/mps/redirect.php
PID:2304",FileEvent,Read,2021-10-09 16:24:11.957,34085
C:\Users\jpdz\AppData\Roaming\Mozilla\Firefox\Profiles\uzjxbbj5.default-release\serviceworker.txt,"""C:\Program Files\Mozilla Firefox\firefox.exe"" http://host.omni4africa.com/mps/redirect.php
PID:2304",FileEvent,Read,2021-10-09 16:24:08.60,8192
"""C:\Program Files\Mozilla Firefox\firefox.exe"" http://host.omni4africa.com/mps/redirect.php
PID:2304",111.206.176.78,IpChannelEvent,TcpIpConnect,2021-10-09 16:24:13.266,0
111.206.176.78,"""C:\Program Files\Mozilla Firefox\firefox.exe"" http://host.omni4africa.com/mps/redirect.php
PID:2304",IpChannelEvent,TcpIpRecv,2021-10-09 16:24:13.301,11555
"""C:\Program Files\Mozilla Firefox\firefox.exe"" http://host.omni4africa.com/mps/redirect.php
PID:2304",111.206.176.78,IpChannelEvent,TcpIpSend,2021-10-09 16:24:13.301,1069
C:\Users\jpdz\AppData\Local\Mozilla\Firefox\Profiles\uzjxbbj5.default-release\settings\main\ms-language-packs\asrouter.ftl,"""C:\Program Files\Mozilla Firefox\firefox.exe"" http://host.omni4africa.com/mps/redirect.php
PID:2304",FileEvent,Read,2021-10-09 16:24:13.200,49957
C:\Users\jpdz\AppData\Local\Mozilla\Firefox\Profiles\uzjxbbj5.default-release\safebrowsing\google4\goog-malware-proto.vlpset,"""C:\Program Files\Mozilla Firefox\firefox.exe"" http://host.omni4africa.com/mps/redirect.php
PID:2304",FileEvent,Read,2021-10-09 16:24:11.957,393216
"""C:\Program Files\Mozilla Firefox\firefox.exe"" http://host.omni4africa.com/mps/redirect.php
PID:2304",C:\Users\jpdz\AppData\Roaming\Mozilla\Firefox\Profiles\uzjxbbj5.default-release\datareporting\glean\tmp\4198ce20-4efb-4ea7-8467-bf29d920eb9a,FileEvent,Write,2021-10-09 16:24:13.0,1173
"""C:\Program Files\Mozilla Firefox\firefox.exe"" http://host.omni4africa.com/mps/redirect.php
PID:2304",C:\Users\jpdz\AppData\Roaming\Mozilla\Firefox\Profiles\uzjxbbj5.default-release\storage\default\moz-extension+++0c3666b5-67b1-4855-b50d-d5fbfc0d2874^userContextId=4294967295\idb\3647222921wleabcEoxlt-eengsairo.sqlite,FileEvent,Write,2021-10-09 16:24:19.139,8192
C:\Users\jpdz\AppData\Roaming\Mozilla\Firefox\Profiles\uzjxbbj5.default-release\storage\default\moz-extension+++0c3666b5-67b1-4855-b50d-d5fbfc0d2874^userContextId=4294967295\idb\3647222921wleabcEoxlt-eengsairo.sqlite,"""C:\Program Files\Mozilla Firefox\firefox.exe"" http://host.omni4africa.com/mps/redirect.php
PID:2304",FileEvent,Read,2021-10-09 16:24:13.769,37064
C:\Program Files\Mozilla Firefox\api-ms-win-crt-heap-l1-1-0.dll,"""C:\Program Files\Mozilla Firefox\firefox.exe"" http://host.omni4africa.com/mps/redirect.php
PID:2304",FileEvent,Read,2021-10-09 16:24:07.832,65536
C:\Windows\Prefetch\FIREFOX.EXE-A606B53C.pf,"""C:\Program Files\Mozilla Firefox\firefox.exe"" -contentproc --channel=""2304.0.323349308\1215329835"" -parentBuildID 20210927210923 -prefsHandle 1016 -prefMapHandle 1000 -prefsLen 1 -prefMapSize 252743 -appdir ""C:\Program Files\Mozilla Firefox\browser"" - 2304 ""\\.\pipe\gecko-crash-server-pipe.2304"" 1088 ceaf8e8 gpu
PID:3504",FileEvent,Read,2021-10-09 16:24:08.34,61006
C:\Windows\Prefetch\FIREFOX.EXE-A606B53C.pf,"""C:\Program Files\Mozilla Firefox\firefox.exe"" -contentproc --channel=""2304.0.323349308\1215329835"" -parentBuildID 20210927210923 -prefsHandle 1016 -prefMapHandle 1000 -prefsLen 1 -prefMapSize 252743 -appdir ""C:\Program Files\Mozilla Firefox\browser"" - 2304 ""\\.\pipe\gecko-crash-server-pipe.2304"" 1088 ceaf8e8 gpu
PID:3504",FileEvent,Read,2021-10-09 16:24:07.972,61006
C:\Windows\Prefetch\FIREFOX.EXE-A606B53C.pf,"""C:\Program Files\Mozilla Firefox\firefox.exe"" -contentproc --channel=""2304.0.323349308\1215329835"" -parentBuildID 20210927210923 -prefsHandle 1016 -prefMapHandle 1000 -prefsLen 1 -prefMapSize 252743 -appdir ""C:\Program Files\Mozilla Firefox\browser"" - 2304 ""\\.\pipe\gecko-crash-server-pipe.2304"" 1088 ceaf8e8 gpu
PID:3504",FileEvent,Read,2021-10-09 16:24:08.38,61006
C:\Windows\Prefetch\FIREFOX.EXE-A606B53C.pf,"""C:\Program Files\Mozilla Firefox\firefox.exe"" -contentproc --channel=""2304.0.323349308\1215329835"" -parentBuildID 20210927210923 -prefsHandle 1016 -prefMapHandle 1000 -prefsLen 1 -prefMapSize 252743 -appdir ""C:\Program Files\Mozilla Firefox\browser"" - 2304 ""\\.\pipe\gecko-crash-server-pipe.2304"" 1088 ceaf8e8 gpu
PID:3504",FileEvent,Read,2021-10-09 16:24:07.954,61006
C:\Program Files\Mozilla Firefox\dependentlibs.list,"""C:\Program Files\Mozilla Firefox\firefox.exe"" -contentproc --channel=""2304.0.323349308\1215329835"" -parentBuildID 20210927210923 -prefsHandle 1016 -prefMapHandle 1000 -prefsLen 1 -prefMapSize 252743 -appdir ""C:\Program Files\Mozilla Firefox\browser"" - 2304 ""\\.\pipe\gecko-crash-server-pipe.2304"" 1088 ceaf8e8 gpu
PID:3504",FileEvent,Read,2021-10-09 16:24:08.39,8192
C:\Program Files\Mozilla Firefox\dependentlibs.list,"""C:\Program Files\Mozilla Firefox\firefox.exe"" -contentproc --channel=""2304.0.323349308\1215329835"" -parentBuildID 20210927210923 -prefsHandle 1016 -prefMapHandle 1000 -prefsLen 1 -prefMapSize 252743 -appdir ""C:\Program Files\Mozilla Firefox\browser"" - 2304 ""\\.\pipe\gecko-crash-server-pipe.2304"" 1088 ceaf8e8 gpu
PID:3504",FileEvent,Read,2021-10-09 16:24:07.977,8192
C:\Program Files\Mozilla Firefox\dependentlibs.list,"""C:\Program Files\Mozilla Firefox\firefox.exe"" -contentproc --channel=""2304.0.323349308\1215329835"" -parentBuildID 20210927210923 -prefsHandle 1016 -prefMapHandle 1000 -prefsLen 1 -prefMapSize 252743 -appdir ""C:\Program Files\Mozilla Firefox\browser"" - 2304 ""\\.\pipe\gecko-crash-server-pipe.2304"" 1088 ceaf8e8 gpu
PID:3504",FileEvent,Read,2021-10-09 16:24:08.43,8192
C:\Program Files\Mozilla Firefox\dependentlibs.list,"""C:\Program Files\Mozilla Firefox\firefox.exe"" -contentproc --channel=""2304.0.323349308\1215329835"" -parentBuildID 20210927210923 -prefsHandle 1016 -prefMapHandle 1000 -prefsLen 1 -prefMapSize 252743 -appdir ""C:\Program Files\Mozilla Firefox\browser"" - 2304 ""\\.\pipe\gecko-crash-server-pipe.2304"" 1088 ceaf8e8 gpu
PID:3504",FileEvent,Read,2021-10-09 16:24:07.959,8192
C:\Program Files\Mozilla Firefox\dependentlibs.list,"""C:\Program Files\Mozilla Firefox\firefox.exe"" -contentproc --channel=""2304.0.323349308\1215329835"" -parentBuildID 20210927210923 -prefsHandle 1016 -prefMapHandle 1000 -prefsLen 1 -prefMapSize 252743 -appdir ""C:\Program Files\Mozilla Firefox\browser"" - 2304 ""\\.\pipe\gecko-crash-server-pipe.2304"" 1088 ceaf8e8 gpu
PID:3504",FileEvent,Read,2021-10-09 16:24:07.830,8192
"""C:\Program Files\Mozilla Firefox\firefox.exe"" -contentproc --channel=""2304.1.1498577476\1072664706"" -childID 1 -isForBrowser -prefsHandle 1684 -prefMapHandle 1696 -prefsLen 3677 -prefMapSize 252743 -jsInit 852 286204 -parentBuildID 20210927210923 -appdir ""C:\Program Files\Mozilla Firefox\browser"" - 2304 ""\\.\pipe\gecko-crash-server-pipe.2304"" 2020 1627ab88 tab
PID:1972",127.0.0.1,IpChannelEvent,TcpIpConnect,2021-10-09 16:24:08.349,0
"""C:\Program Files\Mozilla Firefox\firefox.exe"" -contentproc --channel=""2304.1.1498577476\1072664706"" -childID 1 -isForBrowser -prefsHandle 1684 -prefMapHandle 1696 -prefsLen 3677 -prefMapSize 252743 -jsInit 852 286204 -parentBuildID 20210927210923 -appdir ""C:\Program Files\Mozilla Firefox\browser"" - 2304 ""\\.\pipe\gecko-crash-server-pipe.2304"" 2020 1627ab88 tab
PID:1972",127.0.0.1,IpChannelEvent,TcpIpSend,2021-10-09 16:24:08.349,2
"""C:\Program Files\Mozilla Firefox\firefox.exe"" -contentproc --channel=""2304.1.1498577476\1072664706"" -childID 1 -isForBrowser -prefsHandle 1684 -prefMapHandle 1696 -prefsLen 3677 -prefMapSize 252743 -jsInit 852 286204 -parentBuildID 20210927210923 -appdir ""C:\Program Files\Mozilla Firefox\browser"" - 2304 ""\\.\pipe\gecko-crash-server-pipe.2304"" 2020 1627ab88 tab
PID:1972",127.0.0.1,IpChannelEvent,TcpIpSend,2021-10-09 16:24:13.934,13
C:\Windows\Prefetch\FIREFOX.EXE-A606B53C.pf,"""C:\Program Files\Mozilla Firefox\firefox.exe"" -contentproc --channel=""2304.1.1498577476\1072664706"" -childID 1 -isForBrowser -prefsHandle 1684 -prefMapHandle 1696 -prefsLen 3677 -prefMapSize 252743 -jsInit 852 286204 -parentBuildID 20210927210923 -appdir ""C:\Program Files\Mozilla Firefox\browser"" - 2304 ""\\.\pipe\gecko-crash-server-pipe.2304"" 2020 1627ab88 tab
PID:1972",FileEvent,Read,2021-10-09 16:24:08.258,61006
C:\Program Files\Mozilla Firefox\dependentlibs.list,"""C:\Program Files\Mozilla Firefox\firefox.exe"" -contentproc --channel=""2304.1.1498577476\1072664706"" -childID 1 -isForBrowser -prefsHandle 1684 -prefMapHandle 1696 -prefsLen 3677 -prefMapSize 252743 -jsInit 852 286204 -parentBuildID 20210927210923 -appdir ""C:\Program Files\Mozilla Firefox\browser"" - 2304 ""\\.\pipe\gecko-crash-server-pipe.2304"" 2020 1627ab88 tab
PID:1972",FileEvent,Read,2021-10-09 16:24:08.280,8192
"""C:\Program Files\Mozilla Firefox\firefox.exe"" -contentproc --channel=""2304.1.1498577476\1072664706"" -childID 1 -isForBrowser -prefsHandle 1684 -prefMapHandle 1696 -prefsLen 3677 -prefMapSize 252743 -jsInit 852 286204 -parentBuildID 20210927210923 -appdir ""C:\Program Files\Mozilla Firefox\browser"" - 2304 ""\\.\pipe\gecko-crash-server-pipe.2304"" 2020 1627ab88 tab
PID:1972",127.0.0.1,IpChannelEvent,TcpIpAccept,2021-10-09 16:24:08.349,0
127.0.0.1,"""C:\Program Files\Mozilla Firefox\firefox.exe"" -contentproc --channel=""2304.1.1498577476\1072664706"" -childID 1 -isForBrowser -prefsHandle 1684 -prefMapHandle 1696 -prefsLen 3677 -prefMapSize 252743 -jsInit 852 286204 -parentBuildID 20210927210923 -appdir ""C:\Program Files\Mozilla Firefox\browser"" - 2304 ""\\.\pipe\gecko-crash-server-pipe.2304"" 2020 1627ab88 tab
PID:1972",IpChannelEvent,TcpIpRecv,2021-10-09 16:24:08.349,2
127.0.0.1,"""C:\Program Files\Mozilla Firefox\firefox.exe"" -contentproc --channel=""2304.1.1498577476\1072664706"" -childID 1 -isForBrowser -prefsHandle 1684 -prefMapHandle 1696 -prefsLen 3677 -prefMapSize 252743 -jsInit 852 286204 -parentBuildID 20210927210923 -appdir ""C:\Program Files\Mozilla Firefox\browser"" - 2304 ""\\.\pipe\gecko-crash-server-pipe.2304"" 2020 1627ab88 tab
PID:1972",IpChannelEvent,TcpIpRecv,2021-10-09 16:24:13.934,13
C:\Windows\Prefetch\FIREFOX.EXE-A606B53C.pf,"""C:\Program Files\Mozilla Firefox\firefox.exe"" -contentproc --channel=""2304.7.1160567033\1601166848"" -parentBuildID 20210927210923 -prefsHandle 3464 -prefMapHandle 3460 -prefsLen 9770 -prefMapSize 252743 -appdir ""C:\Program Files\Mozilla Firefox\browser"" - 2304 ""\\.\pipe\gecko-crash-server-pipe.2304"" 3476 ceb1378 rdd
PID:3108",FileEvent,Read,2021-10-09 16:24:13.7,61006
C:\Program Files\Mozilla Firefox\dependentlibs.list,"""C:\Program Files\Mozilla Firefox\firefox.exe"" -contentproc --channel=""2304.7.1160567033\1601166848"" -parentBuildID 20210927210923 -prefsHandle 3464 -prefMapHandle 3460 -prefsLen 9770 -prefMapSize 252743 -appdir ""C:\Program Files\Mozilla Firefox\browser"" - 2304 ""\\.\pipe\gecko-crash-server-pipe.2304"" 3476 ceb1378 rdd
PID:3108",FileEvent,Read,2021-10-09 16:24:13.87,8192
"""C:\Program Files\Mozilla Firefox\firefox.exe"" -contentproc --channel=""2304.3.1858486503\639222202"" -childID 2 -isForBrowser -prefsHandle 2620 -prefMapHandle 2616 -prefsLen 9071 -prefMapSize 252743 -jsInit 852 286204 -parentBuildID 20210927210923 -appdir ""C:\Program Files\Mozilla Firefox\browser"" - 2304 ""\\.\pipe\gecko-crash-server-pipe.2304"" 2632 1a18f3a8 tab
PID:3824",127.0.0.1,IpChannelEvent,TcpIpConnect,2021-10-09 16:24:12.131,0
"""C:\Program Files\Mozilla Firefox\firefox.exe"" -contentproc --channel=""2304.3.1858486503\639222202"" -childID 2 -isForBrowser -prefsHandle 2620 -prefMapHandle 2616 -prefsLen 9071 -prefMapSize 252743 -jsInit 852 286204 -parentBuildID 20210927210923 -appdir ""C:\Program Files\Mozilla Firefox\browser"" - 2304 ""\\.\pipe\gecko-crash-server-pipe.2304"" 2632 1a18f3a8 tab
PID:3824",127.0.0.1,IpChannelEvent,TcpIpSend,2021-10-09 16:24:12.131,47
C:\Windows\Prefetch\FIREFOX.EXE-A606B53C.pf,"""C:\Program Files\Mozilla Firefox\firefox.exe"" -contentproc --channel=""2304.3.1858486503\639222202"" -childID 2 -isForBrowser -prefsHandle 2620 -prefMapHandle 2616 -prefsLen 9071 -prefMapSize 252743 -jsInit 852 286204 -parentBuildID 20210927210923 -appdir ""C:\Program Files\Mozilla Firefox\browser"" - 2304 ""\\.\pipe\gecko-crash-server-pipe.2304"" 2632 1a18f3a8 tab
PID:3824",FileEvent,Read,2021-10-09 16:24:12.85,61006
C:\Program Files\Mozilla Firefox\dependentlibs.list,"""C:\Program Files\Mozilla Firefox\firefox.exe"" -contentproc --channel=""2304.3.1858486503\639222202"" -childID 2 -isForBrowser -prefsHandle 2620 -prefMapHandle 2616 -prefsLen 9071 -prefMapSize 252743 -jsInit 852 286204 -parentBuildID 20210927210923 -appdir ""C:\Program Files\Mozilla Firefox\browser"" - 2304 ""\\.\pipe\gecko-crash-server-pipe.2304"" 2632 1a18f3a8 tab
PID:3824",FileEvent,Read,2021-10-09 16:24:12.105,8192
"""C:\Program Files\Mozilla Firefox\firefox.exe"" -contentproc --channel=""2304.3.1858486503\639222202"" -childID 2 -isForBrowser -prefsHandle 2620 -prefMapHandle 2616 -prefsLen 9071 -prefMapSize 252743 -jsInit 852 286204 -parentBuildID 20210927210923 -appdir ""C:\Program Files\Mozilla Firefox\browser"" - 2304 ""\\.\pipe\gecko-crash-server-pipe.2304"" 2632 1a18f3a8 tab
PID:3824",127.0.0.1,IpChannelEvent,TcpIpAccept,2021-10-09 16:24:12.131,0
127.0.0.1,"""C:\Program Files\Mozilla Firefox\firefox.exe"" -contentproc --channel=""2304.3.1858486503\639222202"" -childID 2 -isForBrowser -prefsHandle 2620 -prefMapHandle 2616 -prefsLen 9071 -prefMapSize 252743 -jsInit 852 286204 -parentBuildID 20210927210923 -appdir ""C:\Program Files\Mozilla Firefox\browser"" - 2304 ""\\.\pipe\gecko-crash-server-pipe.2304"" 2632 1a18f3a8 tab
PID:3824",IpChannelEvent,TcpIpRecv,2021-10-09 16:24:12.131,47
C:\Users\jpdz\AppData\Local\Temp\mozilla-temp-files\mozilla-temp-41,"""C:\Program Files\Mozilla Firefox\firefox.exe"" -contentproc --channel=""2304.3.1858486503\639222202"" -childID 2 -isForBrowser -prefsHandle 2620 -prefMapHandle 2616 -prefsLen 9071 -prefMapSize 252743 -jsInit 852 286204 -parentBuildID 20210927210923 -appdir ""C:\Program Files\Mozilla Firefox\browser"" - 2304 ""\\.\pipe\gecko-crash-server-pipe.2304"" 2632 1a18f3a8 tab
PID:3824",FileEvent,Read,2021-10-09 16:24:13.171,14814
"""C:\Program Files\Mozilla Firefox\firefox.exe"" -contentproc --channel=""2304.3.1858486503\639222202"" -childID 2 -isForBrowser -prefsHandle 2620 -prefMapHandle 2616 -prefsLen 9071 -prefMapSize 252743 -jsInit 852 286204 -parentBuildID 20210927210923 -appdir ""C:\Program Files\Mozilla Firefox\browser"" - 2304 ""\\.\pipe\gecko-crash-server-pipe.2304"" 2632 1a18f3a8 tab
PID:3824",C:\Users\jpdz\AppData\Local\Temp\mozilla-temp-files\mozilla-temp-41,FileEvent,Write,2021-10-09 16:24:13.66,98304
"""C:\Program Files\Mozilla Firefox\firefox.exe"" -contentproc --channel=""2304.5.1700781750\1989655743"" -childID 3 -isForBrowser -prefsHandle 3252 -prefMapHandle 3248 -prefsLen 9770 -prefMapSize 252743 -jsInit 852 286204 -parentBuildID 20210927210923 -appdir ""C:\Program Files\Mozilla Firefox\browser"" - 2304 ""\\.\pipe\gecko-crash-server-pipe.2304"" 3264 1c0f1b88 tab
PID:3192",127.0.0.1,IpChannelEvent,TcpIpAccept,2021-10-09 16:24:12.780,0
127.0.0.1,"""C:\Program Files\Mozilla Firefox\firefox.exe"" -contentproc --channel=""2304.5.1700781750\1989655743"" -childID 3 -isForBrowser -prefsHandle 3252 -prefMapHandle 3248 -prefsLen 9770 -prefMapSize 252743 -jsInit 852 286204 -parentBuildID 20210927210923 -appdir ""C:\Program Files\Mozilla Firefox\browser"" - 2304 ""\\.\pipe\gecko-crash-server-pipe.2304"" 3264 1c0f1b88 tab
PID:3192",IpChannelEvent,TcpIpRecv,2021-10-09 16:24:12.780,2
"""C:\Program Files\Mozilla Firefox\firefox.exe"" -contentproc --channel=""2304.5.1700781750\1989655743"" -childID 3 -isForBrowser -prefsHandle 3252 -prefMapHandle 3248 -prefsLen 9770 -prefMapSize 252743 -jsInit 852 286204 -parentBuildID 20210927210923 -appdir ""C:\Program Files\Mozilla Firefox\browser"" - 2304 ""\\.\pipe\gecko-crash-server-pipe.2304"" 3264 1c0f1b88 tab
PID:3192",127.0.0.1,IpChannelEvent,TcpIpConnect,2021-10-09 16:24:12.780,0
"""C:\Program Files\Mozilla Firefox\firefox.exe"" -contentproc --channel=""2304.5.1700781750\1989655743"" -childID 3 -isForBrowser -prefsHandle 3252 -prefMapHandle 3248 -prefsLen 9770 -prefMapSize 252743 -jsInit 852 286204 -parentBuildID 20210927210923 -appdir ""C:\Program Files\Mozilla Firefox\browser"" - 2304 ""\\.\pipe\gecko-crash-server-pipe.2304"" 3264 1c0f1b88 tab
PID:3192",127.0.0.1,IpChannelEvent,TcpIpSend,2021-10-09 16:24:12.780,2
C:\Windows\Prefetch\FIREFOX.EXE-A606B53C.pf,"""C:\Program Files\Mozilla Firefox\firefox.exe"" -contentproc --channel=""2304.5.1700781750\1989655743"" -childID 3 -isForBrowser -prefsHandle 3252 -prefMapHandle 3248 -prefsLen 9770 -prefMapSize 252743 -jsInit 852 286204 -parentBuildID 20210927210923 -appdir ""C:\Program Files\Mozilla Firefox\browser"" - 2304 ""\\.\pipe\gecko-crash-server-pipe.2304"" 3264 1c0f1b88 tab
PID:3192",FileEvent,Read,2021-10-09 16:24:12.700,61006
C:\Program Files\Mozilla Firefox\dependentlibs.list,"""C:\Program Files\Mozilla Firefox\firefox.exe"" -contentproc --channel=""2304.5.1700781750\1989655743"" -childID 3 -isForBrowser -prefsHandle 3252 -prefMapHandle 3248 -prefsLen 9770 -prefMapSize 252743 -jsInit 852 286204 -parentBuildID 20210927210923 -appdir ""C:\Program Files\Mozilla Firefox\browser"" - 2304 ""\\.\pipe\gecko-crash-server-pipe.2304"" 3264 1c0f1b88 tab
PID:3192",FileEvent,Read,2021-10-09 16:24:12.758,8192
