start,end,eventtype,operationtype,time,ref.size
C:\Program Files\Mozilla Firefox\api-ms-win-crt-multibyte-l1-1-0.dll,"""C:\Program Files\Mozilla Firefox\firefox.exe"" http://tcfcompanystore.com/color-block-quarter-zip
PID:3240",FileEvent,Read,2021-10-09 16:24:09.353,65536
"""C:\Program Files\Mozilla Firefox\firefox.exe"" http://tcfcompanystore.com/color-block-quarter-zip
PID:3240","""C:\Program Files\Mozilla Firefox\firefox.exe"" -contentproc --channel=""3240.3.253713874\400707373"" -childID 2 -isForBrowser -prefsHandle 2764 -prefMapHandle 2760 -prefsLen 9000 -prefMapSize 252743 -jsInit 852 286204 -parentBuildID 20210927210923 -appdir ""C:\Program Files\Mozilla Firefox\browser"" - 3240 ""\\.\pipe\gecko-crash-server-pipe.3240"" 2776 1fad6f78 tab
PID:2564",ProcessEvent,Create,2021-10-09 16:24:11.110,
C:\Users\jpdz\AppData\Local\Mozilla\Firefox\Profiles\uzjxbbj5.default-release\safebrowsing\social-tracking-protection-facebook-digest256.vlpset,"""C:\Program Files\Mozilla Firefox\firefox.exe"" http://tcfcompanystore.com/color-block-quarter-zip
PID:3240",FileEvent,Read,2021-10-09 16:24:10.874,453
C:\Users\jpdz\AppData\Local\Mozilla\Firefox\Profiles\uzjxbbj5.default-release\safebrowsing\google4\goog-malware-proto.metadata,"""C:\Program Files\Mozilla Firefox\firefox.exe"" http://tcfcompanystore.com/color-block-quarter-zip
PID:3240",FileEvent,Read,2021-10-09 16:24:11.235,71
C:\Users\jpdz\AppData\Roaming\Mozilla\Firefox\Profiles\uzjxbbj5.default-release\storage\default\moz-extension+++0c3666b5-67b1-4855-b50d-d5fbfc0d2874^userContextId=4294967295\.metadata-v2,"""C:\Program Files\Mozilla Firefox\firefox.exe"" http://tcfcompanystore.com/color-block-quarter-zip
PID:3240",FileEvent,Read,2021-10-09 16:24:11.718,512
C:\Users\jpdz\AppData\Local\Mozilla\Firefox\Profiles\uzjxbbj5.default-release\safebrowsing\google-trackwhite-digest256.sbstore,"""C:\Program Files\Mozilla Firefox\firefox.exe"" http://tcfcompanystore.com/color-block-quarter-zip
PID:3240",FileEvent,Read,2021-10-09 16:24:11.234,46359
C:\Users\jpdz\AppData\Roaming\Mozilla\Firefox\Profiles\uzjxbbj5.default-release\extension-settings.json,"""C:\Program Files\Mozilla Firefox\firefox.exe"" http://tcfcompanystore.com/color-block-quarter-zip
PID:3240",FileEvent,Read,2021-10-09 16:24:09.674,284
"""C:\Program Files\Mozilla Firefox\firefox.exe"" http://tcfcompanystore.com/color-block-quarter-zip
PID:3240",13.224.163.19,IpChannelEvent,TcpIpConnect,2021-10-09 16:24:17.706,0
"""C:\Program Files\Mozilla Firefox\firefox.exe"" http://tcfcompanystore.com/color-block-quarter-zip
PID:3240",13.224.163.19,IpChannelEvent,TcpIpSend,2021-10-09 16:24:17.748,1154
13.224.163.19,"""C:\Program Files\Mozilla Firefox\firefox.exe"" http://tcfcompanystore.com/color-block-quarter-zip
PID:3240",IpChannelEvent,TcpIpRecv,2021-10-09 16:24:17.748,4249
C:\Users\jpdz\AppData\Roaming\Mozilla\Firefox\Profiles\uzjxbbj5.default-release\storage\permanent\chrome\idb\1451318868ntouromlalnodry--epcr.sqlite,"""C:\Program Files\Mozilla Firefox\firefox.exe"" http://tcfcompanystore.com/color-block-quarter-zip
PID:3240",FileEvent,Read,2021-10-09 16:24:09.713,37064
C:\Users\jpdz\AppData\Local\Mozilla\Firefox\Profiles\uzjxbbj5.default-release\safebrowsing\google-trackwhite-digest256.vlpset,"""C:\Program Files\Mozilla Firefox\firefox.exe"" http://tcfcompanystore.com/color-block-quarter-zip
PID:3240",FileEvent,Read,2021-10-09 16:24:10.866,3014656
C:\Users\jpdz\AppData\Roaming\Microsoft\Internet Explorer\Quick Launch\User Pinned\TaskBar\Firefox.lnk,"""C:\Program Files\Mozilla Firefox\firefox.exe"" http://tcfcompanystore.com/color-block-quarter-zip
PID:3240",FileEvent,Read,2021-10-09 16:24:11.238,4096
C:\Program Files\desktop.ini,"""C:\Program Files\Mozilla Firefox\firefox.exe"" http://tcfcompanystore.com/color-block-quarter-zip
PID:3240",FileEvent,Read,2021-10-09 16:24:11.241,176
C:\Users\jpdz\AppData\Roaming\Mozilla\Firefox\Profiles\uzjxbbj5.default-release\storage\default\moz-extension+++0424fd79-b62a-421f-bf32-0d1549ab34f2^userContextId=4294967295\idb\3647222921wleabcEoxlt-eengsairo.sqlite,"""C:\Program Files\Mozilla Firefox\firefox.exe"" http://tcfcompanystore.com/color-block-quarter-zip
PID:3240",FileEvent,Read,2021-10-09 16:24:16.884,37064
"""C:\Program Files\Mozilla Firefox\firefox.exe"" http://tcfcompanystore.com/color-block-quarter-zip
PID:3240",C:\Users\jpdz\AppData\Roaming\Mozilla\Firefox\Profiles\uzjxbbj5.default-release\storage\default\moz-extension+++0424fd79-b62a-421f-bf32-0d1549ab34f2^userContextId=4294967295\idb\3647222921wleabcEoxlt-eengsairo.sqlite,FileEvent,Write,2021-10-09 16:24:20.218,8192
"""C:\Program Files\Mozilla Firefox\firefox.exe"" http://tcfcompanystore.com/color-block-quarter-zip
PID:3240",111.206.176.78,IpChannelEvent,TcpIpConnect,2021-10-09 16:24:11.960,0
111.206.176.78,"""C:\Program Files\Mozilla Firefox\firefox.exe"" http://tcfcompanystore.com/color-block-quarter-zip
PID:3240",IpChannelEvent,TcpIpRecv,2021-10-09 16:24:11.970,11367
"""C:\Program Files\Mozilla Firefox\firefox.exe"" http://tcfcompanystore.com/color-block-quarter-zip
PID:3240",111.206.176.78,IpChannelEvent,TcpIpSend,2021-10-09 16:24:11.970,1069
"""C:\Program Files\Mozilla Firefox\firefox.exe"" http://tcfcompanystore.com/color-block-quarter-zip
PID:3240",35.244.247.133,IpChannelEvent,TcpIpConnect,2021-10-09 16:24:11.291,0
"""C:\Program Files\Mozilla Firefox\firefox.exe"" http://tcfcompanystore.com/color-block-quarter-zip
PID:3240",35.244.247.133,IpChannelEvent,TcpIpSend,2021-10-09 16:24:11.347,3594
35.244.247.133,"""C:\Program Files\Mozilla Firefox\firefox.exe"" http://tcfcompanystore.com/color-block-quarter-zip
PID:3240",IpChannelEvent,TcpIpRecv,2021-10-09 16:24:11.347,4151
"""C:\Program Files\Mozilla Firefox\firefox.exe"" http://tcfcompanystore.com/color-block-quarter-zip
PID:3240",C:\Users\jpdz\AppData\Roaming\Mozilla\Firefox\Profiles\uzjxbbj5.default-release\storage\default\moz-extension+++7b7c287d-b9ee-4c40-99c0-63c5bd847cee^userContextId=4294967295\idb\3647222921wleabcEoxlt-eengsairo.sqlite-shm,FileEvent,Delete,2021-10-09 16:24:12.338,0
"""C:\Program Files\Mozilla Firefox\firefox.exe"" http://tcfcompanystore.com/color-block-quarter-zip
PID:3240",C:\Users\jpdz\AppData\Roaming\Mozilla\Firefox\Profiles\uzjxbbj5.default-release\storage\default\moz-extension+++7b7c287d-b9ee-4c40-99c0-63c5bd847cee^userContextId=4294967295\idb\3647222921wleabcEoxlt-eengsairo.sqlite-shm,FileEvent,Delete,2021-10-09 16:24:24.4,0
C:\Users\jpdz\AppData\Roaming\Mozilla\Firefox\Profiles\uzjxbbj5.default-release\storage\default\moz-extension+++7b7c287d-b9ee-4c40-99c0-63c5bd847cee^userContextId=4294967295\idb\3647222921wleabcEoxlt-eengsairo.sqlite-shm,"""C:\Program Files\Mozilla Firefox\firefox.exe"" http://tcfcompanystore.com/color-block-quarter-zip
PID:3240",FileEvent,Read,2021-10-09 16:24:12.337,65536
C:\Users\jpdz\AppData\Local\Mozilla\Firefox\Profiles\uzjxbbj5.default-release\safebrowsing\base-cryptomining-track-digest256.vlpset,"""C:\Program Files\Mozilla Firefox\firefox.exe"" http://tcfcompanystore.com/color-block-quarter-zip
PID:3240",FileEvent,Read,2021-10-09 16:24:10.866,2277
C:\Users\jpdz\AppData\Roaming\Mozilla\Firefox\Profiles\uzjxbbj5.default-release\storage\permanent\chrome\.metadata-v2,"""C:\Program Files\Mozilla Firefox\firefox.exe"" http://tcfcompanystore.com/color-block-quarter-zip
PID:3240",FileEvent,Read,2021-10-09 16:24:09.710,512
C:\Users\jpdz\AppData\Local\Mozilla\Firefox\Profiles\uzjxbbj5.default-release\safebrowsing\analytics-track-digest256.sbstore,"""C:\Program Files\Mozilla Firefox\firefox.exe"" http://tcfcompanystore.com/color-block-quarter-zip
PID:3240",FileEvent,Read,2021-10-09 16:24:11.233,559
"""C:\Program Files\Mozilla Firefox\firefox.exe"" http://tcfcompanystore.com/color-block-quarter-zip
PID:3240",C:\Users\jpdz\AppData\Roaming\Mozilla\Firefox\Profiles\uzjxbbj5.default-release\storage\permanent\chrome\idb\2823318777ntouromlalnodry--naod.sqlite-shm,FileEvent,Delete,2021-10-09 16:24:11.648,0
"""C:\Program Files\Mozilla Firefox\firefox.exe"" http://tcfcompanystore.com/color-block-quarter-zip
PID:3240",C:\Users\jpdz\AppData\Roaming\Mozilla\Firefox\Profiles\uzjxbbj5.default-release\storage\permanent\chrome\idb\2823318777ntouromlalnodry--naod.sqlite-shm,FileEvent,Delete,2021-10-09 16:24:23.224,0
C:\Users\jpdz\AppData\Roaming\Mozilla\Firefox\Profiles\uzjxbbj5.default-release\storage\permanent\chrome\idb\2823318777ntouromlalnodry--naod.sqlite-shm,"""C:\Program Files\Mozilla Firefox\firefox.exe"" http://tcfcompanystore.com/color-block-quarter-zip
PID:3240",FileEvent,Read,2021-10-09 16:24:11.647,65536
"""C:\Program Files\Mozilla Firefox\firefox.exe"" http://tcfcompanystore.com/color-block-quarter-zip
PID:3240",69.167.157.22,IpChannelEvent,TcpIpConnect,2021-10-09 16:24:11.790,0
"""C:\Program Files\Mozilla Firefox\firefox.exe"" http://tcfcompanystore.com/color-block-quarter-zip
PID:3240",69.167.157.22,IpChannelEvent,TcpIpDisconnect,2021-10-09 16:24:12.295,0
69.167.157.22,"""C:\Program Files\Mozilla Firefox\firefox.exe"" http://tcfcompanystore.com/color-block-quarter-zip
PID:3240",IpChannelEvent,TcpIpRecv,2021-10-09 16:24:12.39,3327
"""C:\Program Files\Mozilla Firefox\firefox.exe"" http://tcfcompanystore.com/color-block-quarter-zip
PID:3240",69.167.157.22,IpChannelEvent,TcpIpSend,2021-10-09 16:24:11.996,541
C:\Users\jpdz\AppData\Roaming\Mozilla\Firefox\Profiles\uzjxbbj5.default-release\storage\ls-archive.sqlite,"""C:\Program Files\Mozilla Firefox\firefox.exe"" http://tcfcompanystore.com/color-block-quarter-zip
PID:3240",FileEvent,Read,2021-10-09 16:24:09.710,65684
"""C:\Program Files\Mozilla Firefox\firefox.exe"" http://tcfcompanystore.com/color-block-quarter-zip
PID:3240",C:\Users\jpdz\AppData\Roaming\Mozilla\Firefox\Profiles\uzjxbbj5.default-release\places.sqlite-wal,FileEvent,Write,2021-10-09 16:24:09.899,4128
"""C:\Program Files\Mozilla Firefox\firefox.exe"" http://tcfcompanystore.com/color-block-quarter-zip
PID:3240",C:\Users\jpdz\AppData\Roaming\Mozilla\Firefox\Profiles\uzjxbbj5.default-release\places.sqlite-wal,FileEvent,Write,2021-10-09 16:24:10.784,65584
"""C:\Program Files\Mozilla Firefox\firefox.exe"" http://tcfcompanystore.com/color-block-quarter-zip
PID:3240",125.220.192.143,IpChannelEvent,TcpIpConnect,2021-10-09 16:24:11.276,0
"""C:\Program Files\Mozilla Firefox\firefox.exe"" http://tcfcompanystore.com/color-block-quarter-zip
PID:3240",125.220.192.143,IpChannelEvent,TcpIpSend,2021-10-09 16:24:11.305,1075
125.220.192.143,"""C:\Program Files\Mozilla Firefox\firefox.exe"" http://tcfcompanystore.com/color-block-quarter-zip
PID:3240",IpChannelEvent,TcpIpRecv,2021-10-09 16:24:11.305,5390
C:\Users\jpdz\AppData\Local\Mozilla\Firefox\Profiles\uzjxbbj5.default-release\safebrowsing\ads-track-digest256.vlpset,"""C:\Program Files\Mozilla Firefox\firefox.exe"" http://tcfcompanystore.com/color-block-quarter-zip
PID:3240",FileEvent,Read,2021-10-09 16:24:10.865,55877
"""C:\Program Files\Mozilla Firefox\firefox.exe"" http://tcfcompanystore.com/color-block-quarter-zip
PID:3240",C:\Users\jpdz\AppData\Local\Mozilla\Firefox\Profiles\uzjxbbj5.default-release\cache2\doomed\1774,FileEvent,Delete,2021-10-09 16:24:14.827,0
"""C:\Program Files\Mozilla Firefox\firefox.exe"" http://tcfcompanystore.com/color-block-quarter-zip
PID:3240",C:\Users\jpdz\AppData\Roaming\Mozilla\Firefox\Profiles\uzjxbbj5.default-release\datareporting\glean\pending_pings\1c4b4720-1738-4570-bf2e-7a2ba2a225ee,FileEvent,Delete,2021-10-09 16:24:11.922,0
C:\Users\jpdz\AppData\Roaming\Mozilla\Firefox\Profiles\uzjxbbj5.default-release\datareporting\glean\pending_pings\1c4b4720-1738-4570-bf2e-7a2ba2a225ee,"""C:\Program Files\Mozilla Firefox\firefox.exe"" http://tcfcompanystore.com/color-block-quarter-zip
PID:3240",FileEvent,Read,2021-10-09 16:24:11.561,49152
C:\Users\jpdz\AppData\Local\Mozilla\Firefox\Profiles\uzjxbbj5.default-release\safebrowsing\analytics-track-digest256.vlpset,"""C:\Program Files\Mozilla Firefox\firefox.exe"" http://tcfcompanystore.com/color-block-quarter-zip
PID:3240",FileEvent,Read,2021-10-09 16:24:10.866,10021
C:\Users\jpdz\AppData\Roaming\Mozilla\Firefox\Profiles\uzjxbbj5.default-release\prefs.js,"""C:\Program Files\Mozilla Firefox\firefox.exe"" http://tcfcompanystore.com/color-block-quarter-zip
PID:3240",FileEvent,Read,2021-10-09 16:24:09.433,20224
"""C:\Program Files\Mozilla Firefox\firefox.exe"" http://tcfcompanystore.com/color-block-quarter-zip
PID:3240",C:\Users\jpdz\AppData\Roaming\Mozilla\Firefox\Profiles\uzjxbbj5.default-release\sessionCheckpoints.json.tmp,FileEvent,Write,2021-10-09 16:24:09.557,53
"""C:\Program Files\Mozilla Firefox\firefox.exe"" http://tcfcompanystore.com/color-block-quarter-zip
PID:3240",C:\Users\jpdz\AppData\Roaming\Mozilla\Firefox\Profiles\uzjxbbj5.default-release\sessionCheckpoints.json.tmp,FileEvent,Write,2021-10-09 16:24:10.842,90
"""C:\Program Files\Mozilla Firefox\firefox.exe"" http://tcfcompanystore.com/color-block-quarter-zip
PID:3240",121.194.10.78,IpChannelEvent,TcpIpConnect,2021-10-09 16:24:11.851,0
"""C:\Program Files\Mozilla Firefox\firefox.exe"" http://tcfcompanystore.com/color-block-quarter-zip
PID:3240",121.194.10.78,IpChannelEvent,TcpIpSend,2021-10-09 16:24:11.855,326
121.194.10.78,"""C:\Program Files\Mozilla Firefox\firefox.exe"" http://tcfcompanystore.com/color-block-quarter-zip
PID:3240",IpChannelEvent,TcpIpRecv,2021-10-09 16:24:11.855,647
C:\Users\jpdz\AppData\Local\Mozilla\Firefox\Profiles\uzjxbbj5.default-release\safebrowsing\allow-flashallow-digest256.vlpset,"""C:\Program Files\Mozilla Firefox\firefox.exe"" http://tcfcompanystore.com/color-block-quarter-zip
PID:3240",FileEvent,Read,2021-10-09 16:24:10.866,69
"""C:\Program Files\Mozilla Firefox\firefox.exe"" http://tcfcompanystore.com/color-block-quarter-zip
PID:3240",C:\Users\jpdz\AppData\Roaming\Mozilla\Firefox\Profiles\uzjxbbj5.default-release\cookies.sqlite-shm,FileEvent,Delete,2021-10-09 16:24:09.562,0
C:\Users\jpdz\AppData\Roaming\Mozilla\Firefox\Profiles\uzjxbbj5.default-release\cookies.sqlite-shm,"""C:\Program Files\Mozilla Firefox\firefox.exe"" http://tcfcompanystore.com/color-block-quarter-zip
PID:3240",FileEvent,Read,2021-10-09 16:24:09.562,65536
C:\Users\jpdz\AppData\Roaming\Mozilla\Firefox\Profiles\UZJXBB~1.DEF\cert9.db,"""C:\Program Files\Mozilla Firefox\firefox.exe"" http://tcfcompanystore.com/color-block-quarter-zip
PID:3240",FileEvent,Read,2021-10-09 16:24:09.706,131748
C:\Users\jpdz\AppData\Roaming\Mozilla\Firefox\Profiles\UZJXBB~1.DEF\cert9.db,"""C:\Program Files\Mozilla Firefox\firefox.exe"" http://tcfcompanystore.com/color-block-quarter-zip
PID:3240",FileEvent,Read,2021-10-09 16:24:11.102,6768
C:\Users\jpdz\AppData\Roaming\Mozilla\Firefox\Profiles\uzjxbbj5.default-release\places.sqlite,"""C:\Program Files\Mozilla Firefox\firefox.exe"" http://tcfcompanystore.com/color-block-quarter-zip
PID:3240",FileEvent,Read,2021-10-09 16:24:09.896,196708
C:\Users\jpdz\AppData\Roaming\Mozilla\Firefox\Profiles\uzjxbbj5.default-release\places.sqlite,"""C:\Program Files\Mozilla Firefox\firefox.exe"" http://tcfcompanystore.com/color-block-quarter-zip
PID:3240",FileEvent,Read,2021-10-09 16:24:10.798,327880
"""C:\Program Files\Mozilla Firefox\firefox.exe"" http://tcfcompanystore.com/color-block-quarter-zip
PID:3240",C:\Users\jpdz\AppData\Roaming\Mozilla\Firefox\Profiles\uzjxbbj5.default-release\storage\permanent\chrome\idb\1451318868ntouromlalnodry--epcr.sqlite-wal,FileEvent,Delete,2021-10-09 16:24:09.715,0
"""C:\Program Files\Mozilla Firefox\firefox.exe"" http://tcfcompanystore.com/color-block-quarter-zip
PID:3240",C:\Users\jpdz\AppData\Roaming\Mozilla\Firefox\Profiles\uzjxbbj5.default-release\storage\permanent\chrome\idb\1451318868ntouromlalnodry--epcr.sqlite-wal,FileEvent,Delete,2021-10-09 16:24:23.223,0
C:\Users\jpdz\AppData\Roaming\Mozilla\Firefox\Profiles\uzjxbbj5.default-release\containers.json,"""C:\Program Files\Mozilla Firefox\firefox.exe"" http://tcfcompanystore.com/color-block-quarter-zip
PID:3240",FileEvent,Read,2021-10-09 16:24:11.222,939
"""C:\Program Files\Mozilla Firefox\firefox.exe"" http://tcfcompanystore.com/color-block-quarter-zip
PID:3240",C:\ProgramData\Mozilla\updates\308046B0AF4A39CB\update.test,FileEvent,Delete,2021-10-09 16:24:11.949,0
"""C:\Program Files\Mozilla Firefox\firefox.exe"" http://tcfcompanystore.com/color-block-quarter-zip
PID:3240",C:\Users\jpdz\AppData\Local\Mozilla\Firefox\Profiles\uzjxbbj5.default-release\cache2\entries\BA0F354BABA83FE4EBD090407C55473D5E5EB716,FileEvent,Write,2021-10-09 16:24:11.924,17624
"""C:\Program Files\Mozilla Firefox\firefox.exe"" http://tcfcompanystore.com/color-block-quarter-zip
PID:3240",C:\Users\jpdz\AppData\Roaming\Mozilla\Firefox\Profiles\uzjxbbj5.default-release\broadcast-listeners.json.tmp,FileEvent,Write,2021-10-09 16:24:19.484,216
"""C:\Program Files\Mozilla Firefox\firefox.exe"" http://tcfcompanystore.com/color-block-quarter-zip
PID:3240",35.244.247.133,IpChannelEvent,TcpIpConnect,2021-10-09 16:24:11.747,0
"""C:\Program Files\Mozilla Firefox\firefox.exe"" http://tcfcompanystore.com/color-block-quarter-zip
PID:3240",35.244.247.133,IpChannelEvent,TcpIpDisconnect,2021-10-09 16:24:11.882,0
"""C:\Program Files\Mozilla Firefox\firefox.exe"" http://tcfcompanystore.com/color-block-quarter-zip
PID:3240",35.244.247.133,IpChannelEvent,TcpIpSend,2021-10-09 16:24:11.803,792
35.244.247.133,"""C:\Program Files\Mozilla Firefox\firefox.exe"" http://tcfcompanystore.com/color-block-quarter-zip
PID:3240",IpChannelEvent,TcpIpRecv,2021-10-09 16:24:11.803,4009
"""C:\Program Files\Mozilla Firefox\firefox.exe"" http://tcfcompanystore.com/color-block-quarter-zip
PID:3240",C:\Users\jpdz\AppData\Roaming\Mozilla\Firefox\Profiles\uzjxbbj5.default-release\storage\permanent\chrome\idb\1451318868ntouromlalnodry--epcr.sqlite-shm,FileEvent,Delete,2021-10-09 16:24:09.715,0
C:\Users\jpdz\AppData\Roaming\Mozilla\Firefox\Profiles\uzjxbbj5.default-release\storage\permanent\chrome\idb\1451318868ntouromlalnodry--epcr.sqlite-shm,"""C:\Program Files\Mozilla Firefox\firefox.exe"" http://tcfcompanystore.com/color-block-quarter-zip
PID:3240",FileEvent,Read,2021-10-09 16:24:09.714,65536
"""C:\Program Files\Mozilla Firefox\firefox.exe"" http://tcfcompanystore.com/color-block-quarter-zip
PID:3240",C:\Users\jpdz\AppData\Roaming\Mozilla\Firefox\Profiles\uzjxbbj5.default-release\storage\permanent\chrome\idb\1451318868ntouromlalnodry--epcr.sqlite-shm,FileEvent,Delete,2021-10-09 16:24:23.222,0
C:\Users\jpdz\AppData\Roaming\Mozilla\Firefox\Profiles\uzjxbbj5.default-release\favicons.sqlite,"""C:\Program Files\Mozilla Firefox\firefox.exe"" http://tcfcompanystore.com/color-block-quarter-zip
PID:3240",FileEvent,Read,2021-10-09 16:24:09.897,98404
C:\Users\jpdz\AppData\Roaming\Mozilla\Firefox\Profiles\uzjxbbj5.default-release\favicons.sqlite,"""C:\Program Files\Mozilla Firefox\firefox.exe"" http://tcfcompanystore.com/color-block-quarter-zip
PID:3240",FileEvent,Read,2021-10-09 16:24:10.800,360648
C:\Program Files\Mozilla Firefox\api-ms-win-crt-time-l1-1-0.dll,"""C:\Program Files\Mozilla Firefox\firefox.exe"" http://tcfcompanystore.com/color-block-quarter-zip
PID:3240",FileEvent,Read,2021-10-09 16:24:09.352,65536
"""C:\Program Files\Mozilla Firefox\firefox.exe"" http://tcfcompanystore.com/color-block-quarter-zip
PID:3240","""C:\Program Files\Mozilla Firefox\firefox.exe"" -contentproc --channel=""3240.1.5422506\120476798"" -childID 1 -isForBrowser -prefsHandle 1760 -prefMapHandle 1776 -prefsLen 3677 -prefMapSize 252743 -jsInit 852 286204 -parentBuildID 20210927210923 -appdir ""C:\Program Files\Mozilla Firefox\browser"" - 3240 ""\\.\pipe\gecko-crash-server-pipe.3240"" 1752 1f181e28 tab
PID:1124",ProcessEvent,Create,2021-10-09 16:24:09.777,
C:\Users\jpdz\AppData\Local\Mozilla\Firefox\Profiles\uzjxbbj5.default-release\safebrowsing\mozstd-trackwhite-digest256.sbstore,"""C:\Program Files\Mozilla Firefox\firefox.exe"" http://tcfcompanystore.com/color-block-quarter-zip
PID:3240",FileEvent,Read,2021-10-09 16:24:11.234,9969
C:\Users\jpdz\AppData\Roaming\Mozilla\Firefox\Crash Reports\InstallTime20210927210923,"""C:\Program Files\Mozilla Firefox\firefox.exe"" http://tcfcompanystore.com/color-block-quarter-zip
PID:3240",FileEvent,Read,2021-10-09 16:24:09.413,10
"""C:\Program Files\Mozilla Firefox\firefox.exe"" http://tcfcompanystore.com/color-block-quarter-zip
PID:3240",117.18.237.29,IpChannelEvent,TcpIpConnect,2021-10-09 16:24:10.967,0
"""C:\Program Files\Mozilla Firefox\firefox.exe"" http://tcfcompanystore.com/color-block-quarter-zip
PID:3240",117.18.237.29,IpChannelEvent,TcpIpSend,2021-10-09 16:24:11.240,1824
117.18.237.29,"""C:\Program Files\Mozilla Firefox\firefox.exe"" http://tcfcompanystore.com/color-block-quarter-zip
PID:3240",IpChannelEvent,TcpIpRecv,2021-10-09 16:24:11.451,3194
C:\Users\jpdz\AppData\Local\Mozilla\Firefox\Profiles\uzjxbbj5.default-release\safebrowsing\block-flashsubdoc-digest256.vlpset,"""C:\Program Files\Mozilla Firefox\firefox.exe"" http://tcfcompanystore.com/color-block-quarter-zip
PID:3240",FileEvent,Read,2021-10-09 16:24:10.866,262144
C:\Users\jpdz\AppData\Roaming\Mozilla\Firefox\Profiles\uzjxbbj5.default-release\storage.sqlite,"""C:\Program Files\Mozilla Firefox\firefox.exe"" http://tcfcompanystore.com/color-block-quarter-zip
PID:3240",FileEvent,Read,2021-10-09 16:24:09.709,2180
C:\Users\jpdz\AppData\Roaming\Mozilla\Firefox\Profiles\uzjxbbj5.default-release\storage.sqlite,"""C:\Program Files\Mozilla Firefox\firefox.exe"" http://tcfcompanystore.com/color-block-quarter-zip
PID:3240",FileEvent,Read,2021-10-09 16:24:11.717,3120
"""C:\Program Files\Mozilla Firefox\firefox.exe"" http://tcfcompanystore.com/color-block-quarter-zip
PID:3240",C:\Users\jpdz\AppData\Roaming\Mozilla\Firefox\Profiles\uzjxbbj5.default-release\storage.sqlite,FileEvent,Write,2021-10-09 16:24:12.191,4096
C:\Users\jpdz\AppData\Roaming\Mozilla\Firefox\Profiles\uzjxbbj5.default-release\storage\default\moz-extension+++7b7c287d-b9ee-4c40-99c0-63c5bd847cee^userContextId=4294967295\idb\3647222921wleabcEoxlt-eengsairo.sqlite,"""C:\Program Files\Mozilla Firefox\firefox.exe"" http://tcfcompanystore.com/color-block-quarter-zip
PID:3240",FileEvent,Read,2021-10-09 16:24:12.337,37064
"""C:\Program Files\Mozilla Firefox\firefox.exe"" http://tcfcompanystore.com/color-block-quarter-zip
PID:3240",C:\Users\jpdz\AppData\Local\Mozilla\Firefox\Profiles\uzjxbbj5.default-release\activity-stream.discovery_stream.json.tmp,FileEvent,Write,2021-10-09 16:24:11.205,245102
"""C:\Program Files\Mozilla Firefox\firefox.exe"" http://tcfcompanystore.com/color-block-quarter-zip
PID:3240",C:\Users\jpdz\AppData\Roaming\Mozilla\Firefox\Profiles\uzjxbbj5.default-release\storage\permanent\chrome\idb\3561288849sdhlie.sqlite-shm,FileEvent,Delete,2021-10-09 16:24:11.170,0
"""C:\Program Files\Mozilla Firefox\firefox.exe"" http://tcfcompanystore.com/color-block-quarter-zip
PID:3240",C:\Users\jpdz\AppData\Roaming\Mozilla\Firefox\Profiles\uzjxbbj5.default-release\storage\permanent\chrome\idb\3561288849sdhlie.sqlite-shm,FileEvent,Delete,2021-10-09 16:24:23.224,0
C:\Users\jpdz\AppData\Roaming\Mozilla\Firefox\Profiles\uzjxbbj5.default-release\storage\permanent\chrome\idb\3561288849sdhlie.sqlite-shm,"""C:\Program Files\Mozilla Firefox\firefox.exe"" http://tcfcompanystore.com/color-block-quarter-zip
PID:3240",FileEvent,Read,2021-10-09 16:24:11.170,65536
C:\Users\jpdz\AppData\Roaming\Mozilla\Firefox\Profiles\uzjxbbj5.default-release\gmp-widevinecdm\4.10.2209.1\manifest.json,"""C:\Program Files\Mozilla Firefox\firefox.exe"" http://tcfcompanystore.com/color-block-quarter-zip
PID:3240",FileEvent,Read,2021-10-09 16:24:09.790,373
"""C:\Program Files\Mozilla Firefox\firefox.exe"" http://tcfcompanystore.com/color-block-quarter-zip
PID:3240",C:\Users\jpdz\AppData\Roaming\Mozilla\Firefox\Profiles\uzjxbbj5.default-release\extension-settings.json.tmp,FileEvent,Write,2021-10-09 16:24:11.538,284
"""C:\Program Files\Mozilla Firefox\firefox.exe"" http://tcfcompanystore.com/color-block-quarter-zip
PID:3240",125.220.192.143,IpChannelEvent,TcpIpConnect,2021-10-09 16:24:10.927,0
"""C:\Program Files\Mozilla Firefox\firefox.exe"" http://tcfcompanystore.com/color-block-quarter-zip
PID:3240",125.220.192.143,IpChannelEvent,TcpIpDisconnect,2021-10-09 16:24:11.605,0
"""C:\Program Files\Mozilla Firefox\firefox.exe"" http://tcfcompanystore.com/color-block-quarter-zip
PID:3240",125.220.192.143,IpChannelEvent,TcpIpSend,2021-10-09 16:24:10.955,811
125.220.192.143,"""C:\Program Files\Mozilla Firefox\firefox.exe"" http://tcfcompanystore.com/color-block-quarter-zip
PID:3240",IpChannelEvent,TcpIpRecv,2021-10-09 16:24:10.955,3666
"""C:\Program Files\Mozilla Firefox\firefox.exe"" http://tcfcompanystore.com/color-block-quarter-zip
PID:3240",69.167.157.22,IpChannelEvent,TcpIpConnect,2021-10-09 16:24:11.505,0
"""C:\Program Files\Mozilla Firefox\firefox.exe"" http://tcfcompanystore.com/color-block-quarter-zip
PID:3240",69.167.157.22,IpChannelEvent,TcpIpDisconnect,2021-10-09 16:24:12.41,0
69.167.157.22,"""C:\Program Files\Mozilla Firefox\firefox.exe"" http://tcfcompanystore.com/color-block-quarter-zip
PID:3240",IpChannelEvent,TcpIpRecv,2021-10-09 16:24:11.786,3327
"""C:\Program Files\Mozilla Firefox\firefox.exe"" http://tcfcompanystore.com/color-block-quarter-zip
PID:3240",69.167.157.22,IpChannelEvent,TcpIpSend,2021-10-09 16:24:11.743,541
"""C:\Program Files\Mozilla Firefox\firefox.exe"" http://tcfcompanystore.com/color-block-quarter-zip
PID:3240",117.18.237.29,IpChannelEvent,TcpIpConnect,2021-10-09 16:24:11.801,0
117.18.237.29,"""C:\Program Files\Mozilla Firefox\firefox.exe"" http://tcfcompanystore.com/color-block-quarter-zip
PID:3240",IpChannelEvent,TcpIpRecv,2021-10-09 16:24:11.839,799
"""C:\Program Files\Mozilla Firefox\firefox.exe"" http://tcfcompanystore.com/color-block-quarter-zip
PID:3240",117.18.237.29,IpChannelEvent,TcpIpSend,2021-10-09 16:24:11.839,456
C:\Users\jpdz\AppData\Roaming\Mozilla\Firefox\Profiles\uzjxbbj5.default-release\SiteSecurityServiceState.txt,"""C:\Program Files\Mozilla Firefox\firefox.exe"" http://tcfcompanystore.com/color-block-quarter-zip
PID:3240",FileEvent,Read,2021-10-09 16:24:09.718,433
C:\Users\jpdz\AppData\Roaming\Mozilla\Firefox\Profiles\uzjxbbj5.default-release\addons.json,"""C:\Program Files\Mozilla Firefox\firefox.exe"" http://tcfcompanystore.com/color-block-quarter-zip
PID:3240",FileEvent,Read,2021-10-09 16:24:11.539,1022
"""C:\Program Files\Mozilla Firefox\firefox.exe"" http://tcfcompanystore.com/color-block-quarter-zip
PID:3240",C:\Users\jpdz\AppData\Local\Mozilla\Firefox\Profiles\uzjxbbj5.default-release\cache2\doomed\14163,FileEvent,Delete,2021-10-09 16:24:14.827,0
"""C:\Program Files\Mozilla Firefox\firefox.exe"" http://tcfcompanystore.com/color-block-quarter-zip
PID:3240",C:\Users\jpdz\AppData\Local\Mozilla\Firefox\Profiles\uzjxbbj5.default-release\cache2\doomed\8104,FileEvent,Delete,2021-10-09 16:24:14.828,0
C:\Users\jpdz\AppData\Local\Mozilla\Firefox\Profiles\uzjxbbj5.default-release\safebrowsing\ads-track-digest256.sbstore,"""C:\Program Files\Mozilla Firefox\firefox.exe"" http://tcfcompanystore.com/color-block-quarter-zip
PID:3240",FileEvent,Read,2021-10-09 16:24:11.233,2019
C:\Program Files\Mozilla Firefox\api-ms-win-crt-filesystem-l1-1-0.dll,"""C:\Program Files\Mozilla Firefox\firefox.exe"" http://tcfcompanystore.com/color-block-quarter-zip
PID:3240",FileEvent,Read,2021-10-09 16:24:09.352,65536
"""C:\Program Files\Mozilla Firefox\firefox.exe"" http://tcfcompanystore.com/color-block-quarter-zip
PID:3240",13.227.53.129,IpChannelEvent,TcpIpConnect,2021-10-09 16:24:11.790,0
13.227.53.129,"""C:\Program Files\Mozilla Firefox\firefox.exe"" http://tcfcompanystore.com/color-block-quarter-zip
PID:3240",IpChannelEvent,TcpIpRecv,2021-10-09 16:24:11.832,5116
"""C:\Program Files\Mozilla Firefox\firefox.exe"" http://tcfcompanystore.com/color-block-quarter-zip
PID:3240",13.227.53.129,IpChannelEvent,TcpIpSend,2021-10-09 16:24:11.832,1080
"""C:\Program Files\Mozilla Firefox\firefox.exe"" http://tcfcompanystore.com/color-block-quarter-zip
PID:3240",103.254.188.158,IpChannelEvent,TcpIpConnect,2021-10-09 16:24:12.5,0
"""C:\Program Files\Mozilla Firefox\firefox.exe"" http://tcfcompanystore.com/color-block-quarter-zip
PID:3240",103.254.188.158,IpChannelEvent,TcpIpSend,2021-10-09 16:24:12.14,1077
103.254.188.158,"""C:\Program Files\Mozilla Firefox\firefox.exe"" http://tcfcompanystore.com/color-block-quarter-zip
PID:3240",IpChannelEvent,TcpIpRecv,2021-10-09 16:24:12.14,5470
"""C:\Program Files\Mozilla Firefox\firefox.exe"" http://tcfcompanystore.com/color-block-quarter-zip
PID:3240",C:\Users\jpdz\AppData\Roaming\Mozilla\Firefox\Profiles\uzjxbbj5.default-release\storage\permanent\chrome\idb\2918063365piupsah.sqlite-wal,FileEvent,Delete,2021-10-09 16:24:11.237,0
"""C:\Program Files\Mozilla Firefox\firefox.exe"" http://tcfcompanystore.com/color-block-quarter-zip
PID:3240",C:\Users\jpdz\AppData\Roaming\Mozilla\Firefox\Profiles\uzjxbbj5.default-release\storage\permanent\chrome\idb\2918063365piupsah.sqlite-wal,FileEvent,Delete,2021-10-09 16:24:24.786,0
C:\Users\jpdz\AppData\Roaming\Microsoft\Network\Connections\Pbk\_hiddenPbk\rasphone.pbk,"""C:\Program Files\Mozilla Firefox\firefox.exe"" http://tcfcompanystore.com/color-block-quarter-zip
PID:3240",FileEvent,Read,2021-10-09 16:24:09.724,2048
"""C:\Program Files\Mozilla Firefox\firefox.exe"" http://tcfcompanystore.com/color-block-quarter-zip
PID:3240",121.194.10.91,IpChannelEvent,TcpIpConnect,2021-10-09 16:24:12.239,0
121.194.10.91,"""C:\Program Files\Mozilla Firefox\firefox.exe"" http://tcfcompanystore.com/color-block-quarter-zip
PID:3240",IpChannelEvent,TcpIpRecv,2021-10-09 16:24:12.242,1093
"""C:\Program Files\Mozilla Firefox\firefox.exe"" http://tcfcompanystore.com/color-block-quarter-zip
PID:3240",121.194.10.91,IpChannelEvent,TcpIpSend,2021-10-09 16:24:12.242,453
C:\Users\jpdz\AppData\Local\Mozilla\Firefox\Profiles\uzjxbbj5.default-release\safebrowsing\social-track-digest256.sbstore,"""C:\Program Files\Mozilla Firefox\firefox.exe"" http://tcfcompanystore.com/color-block-quarter-zip
PID:3240",FileEvent,Read,2021-10-09 16:24:11.234,309
C:\Program Files\Mozilla Firefox\api-ms-win-crt-environment-l1-1-0.dll,"""C:\Program Files\Mozilla Firefox\firefox.exe"" http://tcfcompanystore.com/color-block-quarter-zip
PID:3240",FileEvent,Read,2021-10-09 16:24:09.352,65536
"""C:\Program Files\Mozilla Firefox\firefox.exe"" http://tcfcompanystore.com/color-block-quarter-zip
PID:3240",C:\Users\jpdz\AppData\Roaming\Mozilla\Firefox\Profiles\uzjxbbj5.default-release\datareporting\glean\db\data.safe.bin,FileEvent,Write,2021-10-09 16:24:11.558,46693
C:\Users\jpdz\AppData\Roaming\Mozilla\Firefox\Profiles\uzjxbbj5.default-release\datareporting\glean\db\data.safe.bin,"""C:\Program Files\Mozilla Firefox\firefox.exe"" http://tcfcompanystore.com/color-block-quarter-zip
PID:3240",FileEvent,Read,2021-10-09 16:24:11.558,2579
C:\Users\jpdz\AppData\Roaming\Mozilla\Firefox\Profiles\uzjxbbj5.default-release\storage\permanent\chrome\idb\2918063365piupsah.sqlite,"""C:\Program Files\Mozilla Firefox\firefox.exe"" http://tcfcompanystore.com/color-block-quarter-zip
PID:3240",FileEvent,Read,2021-10-09 16:24:11.236,41160
C:\Users\jpdz\AppData\Roaming\Mozilla\Firefox\profiles.ini,"""C:\Program Files\Mozilla Firefox\firefox.exe"" http://tcfcompanystore.com/color-block-quarter-zip
PID:3240",FileEvent,Read,2021-10-09 16:24:09.414,305
C:\Users\jpdz\AppData\Local\Mozilla\Firefox\Profiles\uzjxbbj5.default-release\safebrowsing\except-flash-digest256.sbstore,"""C:\Program Files\Mozilla Firefox\firefox.exe"" http://tcfcompanystore.com/color-block-quarter-zip
PID:3240",FileEvent,Read,2021-10-09 16:24:11.234,240
C:\Users\jpdz\AppData\Local\Mozilla\Firefox\Profiles\uzjxbbj5.default-release\safebrowsing\except-flash-digest256.vlpset,"""C:\Program Files\Mozilla Firefox\firefox.exe"" http://tcfcompanystore.com/color-block-quarter-zip
PID:3240",FileEvent,Read,2021-10-09 16:24:10.866,101
"""C:\Program Files\Mozilla Firefox\firefox.exe"" http://tcfcompanystore.com/color-block-quarter-zip
PID:3240",13.227.53.129,IpChannelEvent,TcpIpConnect,2021-10-09 16:24:12.884,0
"""C:\Program Files\Mozilla Firefox\firefox.exe"" http://tcfcompanystore.com/color-block-quarter-zip
PID:3240",13.227.53.129,IpChannelEvent,TcpIpSend,2021-10-09 16:24:12.924,1905
13.227.53.129,"""C:\Program Files\Mozilla Firefox\firefox.exe"" http://tcfcompanystore.com/color-block-quarter-zip
PID:3240",IpChannelEvent,TcpIpRecv,2021-10-09 16:24:12.924,51792
"""C:\Program Files\Mozilla Firefox\firefox.exe"" http://tcfcompanystore.com/color-block-quarter-zip
PID:3240",34.117.237.239,IpChannelEvent,TcpIpConnect,2021-10-09 16:24:11.289,0
34.117.237.239,"""C:\Program Files\Mozilla Firefox\firefox.exe"" http://tcfcompanystore.com/color-block-quarter-zip
PID:3240",IpChannelEvent,TcpIpRecv,2021-10-09 16:24:11.348,5381
"""C:\Program Files\Mozilla Firefox\firefox.exe"" http://tcfcompanystore.com/color-block-quarter-zip
PID:3240",34.117.237.239,IpChannelEvent,TcpIpSend,2021-10-09 16:24:11.348,1088
C:\Users\jpdz\AppData\Local\Mozilla\Firefox\Profiles\uzjxbbj5.default-release\safebrowsing\google4\goog-downloadwhite-proto.metadata,"""C:\Program Files\Mozilla Firefox\firefox.exe"" http://tcfcompanystore.com/color-block-quarter-zip
PID:3240",FileEvent,Read,2021-10-09 16:24:11.235,69
"""C:\Program Files\Mozilla Firefox\firefox.exe"" http://tcfcompanystore.com/color-block-quarter-zip
PID:3240",C:\Users\jpdz\AppData\Roaming\Mozilla\Firefox\Profiles\uzjxbbj5.default-release\storage\permanent\chrome\idb\3870112724rsegmnoittet-es.sqlite-wal,FileEvent,Delete,2021-10-09 16:24:09.713,0
"""C:\Program Files\Mozilla Firefox\firefox.exe"" http://tcfcompanystore.com/color-block-quarter-zip
PID:3240",C:\Users\jpdz\AppData\Roaming\Mozilla\Firefox\Profiles\uzjxbbj5.default-release\storage\permanent\chrome\idb\3870112724rsegmnoittet-es.sqlite-wal,FileEvent,Delete,2021-10-09 16:24:31.723,0
"""C:\Program Files\Mozilla Firefox\firefox.exe"" http://tcfcompanystore.com/color-block-quarter-zip
PID:3240",C:\Users\jpdz\AppData\Roaming\Mozilla\Firefox\Profiles\uzjxbbj5.default-release\storage\permanent\chrome\idb\3870112724rsegmnoittet-es.sqlite-wal,FileEvent,Write,2021-10-09 16:24:13.536,480624
C:\Users\jpdz\AppData\Roaming\Mozilla\Firefox\Profiles\uzjxbbj5.default-release\storage\permanent\chrome\idb\3870112724rsegmnoittet-es.sqlite-wal,"""C:\Program Files\Mozilla Firefox\firefox.exe"" http://tcfcompanystore.com/color-block-quarter-zip
PID:3240",FileEvent,Read,2021-10-09 16:24:20.527,204800
"""C:\Program Files\Mozilla Firefox\firefox.exe"" http://tcfcompanystore.com/color-block-quarter-zip
PID:3240",C:\Users\jpdz\AppData\Roaming\Mozilla\Firefox\Profiles\uzjxbbj5.default-release\storage\permanent\chrome\idb\1657114595AmcateirvtiSty.sqlite-shm,FileEvent,Delete,2021-10-09 16:24:11.144,0
"""C:\Program Files\Mozilla Firefox\firefox.exe"" http://tcfcompanystore.com/color-block-quarter-zip
PID:3240",C:\Users\jpdz\AppData\Roaming\Mozilla\Firefox\Profiles\uzjxbbj5.default-release\storage\permanent\chrome\idb\1657114595AmcateirvtiSty.sqlite-shm,FileEvent,Delete,2021-10-09 16:24:24.5,0
C:\Users\jpdz\AppData\Roaming\Mozilla\Firefox\Profiles\uzjxbbj5.default-release\storage\permanent\chrome\idb\1657114595AmcateirvtiSty.sqlite-shm,"""C:\Program Files\Mozilla Firefox\firefox.exe"" http://tcfcompanystore.com/color-block-quarter-zip
PID:3240",FileEvent,Read,2021-10-09 16:24:11.143,65536
C:\Users\jpdz\AppData\Local\Mozilla\Firefox\Profiles\uzjxbbj5.default-release\safebrowsing\social-tracking-protection-facebook-digest256.sbstore,"""C:\Program Files\Mozilla Firefox\firefox.exe"" http://tcfcompanystore.com/color-block-quarter-zip
PID:3240",FileEvent,Read,2021-10-09 16:24:11.234,256
"""C:\Program Files\Mozilla Firefox\firefox.exe"" http://tcfcompanystore.com/color-block-quarter-zip
PID:3240",C:\Users\jpdz\AppData\Roaming\Mozilla\Firefox\Profiles\uzjxbbj5.default-release\addonStartup.json.lz4.tmp,FileEvent,Write,2021-10-09 16:24:13.299,5706
"""C:\Program Files\Mozilla Firefox\firefox.exe"" http://tcfcompanystore.com/color-block-quarter-zip
PID:3240",C:\Users\jpdz\AppData\Local\Mozilla\Firefox\Profiles\uzjxbbj5.default-release\cache2\entries\3AA32AC2DABCC976D17F791C1BB3989F55AE3428,FileEvent,Write,2021-10-09 16:24:11.993,26148
C:\Users\jpdz\AppData\Local\Mozilla\Firefox\Profiles\uzjxbbj5.default-release\cache2\entries\3B2DB0CC02AD1DD0C4C39368E12A8E60370437C4,"""C:\Program Files\Mozilla Firefox\firefox.exe"" http://tcfcompanystore.com/color-block-quarter-zip
PID:3240",FileEvent,Read,2021-10-09 16:24:11.714,10113
"""C:\Program Files\Mozilla Firefox\firefox.exe"" http://tcfcompanystore.com/color-block-quarter-zip
PID:3240",C:\Users\jpdz\AppData\Local\Mozilla\Firefox\Profiles\uzjxbbj5.default-release\cache2\entries\3B2DB0CC02AD1DD0C4C39368E12A8E60370437C4,FileEvent,Write,2021-10-09 16:24:11.715,39466
C:\Users\jpdz\AppData\Roaming\Mozilla\Firefox\Profiles\uzjxbbj5.default-release\gmp-gmpopenh264\1.8.1.1\gmpopenh264.info,"""C:\Program Files\Mozilla Firefox\firefox.exe"" http://tcfcompanystore.com/color-block-quarter-zip
PID:3240",FileEvent,Read,2021-10-09 16:24:09.790,116
C:\Users\jpdz\AppData\Roaming\Mozilla\Firefox\Profiles\uzjxbbj5.default-release\broadcast-listeners.json,"""C:\Program Files\Mozilla Firefox\firefox.exe"" http://tcfcompanystore.com/color-block-quarter-zip
PID:3240",FileEvent,Read,2021-10-09 16:24:11.716,216
"""C:\Program Files\Mozilla Firefox\firefox.exe"" http://tcfcompanystore.com/color-block-quarter-zip
PID:3240",C:\Users\jpdz\AppData\Local\Mozilla\Firefox\Profiles\uzjxbbj5.default-release\cache2\entries\8B5CCF916574398AB42C1F9D614CC9857D4B21FF,FileEvent,Write,2021-10-09 16:24:17.881,52564
"""C:\Program Files\Mozilla Firefox\firefox.exe"" http://tcfcompanystore.com/color-block-quarter-zip
PID:3240",34.107.221.82,IpChannelEvent,TcpIpConnect,2021-10-09 16:24:11.238,0
"""C:\Program Files\Mozilla Firefox\firefox.exe"" http://tcfcompanystore.com/color-block-quarter-zip
PID:3240",34.107.221.82,IpChannelEvent,TcpIpSend,2021-10-09 16:24:11.240,1005
34.107.221.82,"""C:\Program Files\Mozilla Firefox\firefox.exe"" http://tcfcompanystore.com/color-block-quarter-zip
PID:3240",IpChannelEvent,TcpIpRecv,2021-10-09 16:24:11.278,660
C:\Program Files\Mozilla Firefox\api-ms-win-crt-string-l1-1-0.dll,"""C:\Program Files\Mozilla Firefox\firefox.exe"" http://tcfcompanystore.com/color-block-quarter-zip
PID:3240",FileEvent,Read,2021-10-09 16:24:09.352,65536
C:\Users\jpdz\AppData\Local\Mozilla\Firefox\Profiles\uzjxbbj5.default-release\cache2\entries\58076067EBEB56951E5BA3FCA84F5F2CE2203F7A,"""C:\Program Files\Mozilla Firefox\firefox.exe"" http://tcfcompanystore.com/color-block-quarter-zip
PID:3240",FileEvent,Read,2021-10-09 16:24:09.874,14191
"""C:\Program Files\Mozilla Firefox\firefox.exe"" http://tcfcompanystore.com/color-block-quarter-zip
PID:3240",C:\Users\jpdz\AppData\Local\Mozilla\Firefox\Profiles\uzjxbbj5.default-release\cache2\entries\58076067EBEB56951E5BA3FCA84F5F2CE2203F7A,FileEvent,Write,2021-10-09 16:24:09.884,17686
C:\Users\jpdz\AppData\Local\Mozilla\Firefox\Profiles\uzjxbbj5.default-release\cache2\entries\58076067EBEB56951E5BA3FCA84F5F2CE2203F7A,"""C:\Program Files\Mozilla Firefox\firefox.exe"" http://tcfcompanystore.com/color-block-quarter-zip
PID:3240",FileEvent,Read,2021-10-09 16:24:17.668,10696
"""C:\Program Files\Mozilla Firefox\firefox.exe"" http://tcfcompanystore.com/color-block-quarter-zip
PID:3240",C:\Users\jpdz\AppData\Local\Mozilla\Firefox\Profiles\uzjxbbj5.default-release\cache2\entries\58076067EBEB56951E5BA3FCA84F5F2CE2203F7A,FileEvent,Write,2021-10-09 16:24:17.792,35372
"""C:\Program Files\Mozilla Firefox\firefox.exe"" http://tcfcompanystore.com/color-block-quarter-zip
PID:3240",C:\Users\jpdz\AppData\Local\Temp\firefox\parent.lock,FileEvent,Delete,2021-10-09 16:24:09.566,0
"""C:\Program Files\Mozilla Firefox\firefox.exe"" http://tcfcompanystore.com/color-block-quarter-zip
PID:3240","""C:\Program Files\Mozilla Firefox\firefox.exe"" -contentproc --channel=""3240.5.951731781\1821481314"" -parentBuildID 20210927210923 -prefsHandle 2828 -prefMapHandle 2380 -prefsLen 9770 -prefMapSize 252743 -appdir ""C:\Program Files\Mozilla Firefox\browser"" - 3240 ""\\.\pipe\gecko-crash-server-pipe.3240"" 2392 d5b0f28 rdd
PID:2308",ProcessEvent,Create,2021-10-09 16:24:11.914,
"""C:\Program Files\Mozilla Firefox\firefox.exe"" http://tcfcompanystore.com/color-block-quarter-zip
PID:3240",C:\Users\jpdz\AppData\Roaming\Mozilla\Firefox\Profiles\uzjxbbj5.default-release\prefs-1.js,FileEvent,Write,2021-10-09 16:24:10.882,141440
"""C:\Program Files\Mozilla Firefox\firefox.exe"" http://tcfcompanystore.com/color-block-quarter-zip
PID:3240",C:\Users\jpdz\AppData\Local\Mozilla\Firefox\Profiles\uzjxbbj5.default-release\cache2\doomed\20245,FileEvent,Delete,2021-10-09 16:24:14.827,0
"""C:\Program Files\Mozilla Firefox\firefox.exe"" http://tcfcompanystore.com/color-block-quarter-zip
PID:3240",117.18.237.29,IpChannelEvent,TcpIpConnect,2021-10-09 16:24:11.769,0
"""C:\Program Files\Mozilla Firefox\firefox.exe"" http://tcfcompanystore.com/color-block-quarter-zip
PID:3240",117.18.237.29,IpChannelEvent,TcpIpDisconnect,2021-10-09 16:24:17.634,0
C:\Users\jpdz\AppData\Roaming\Mozilla\Firefox\Profiles\uzjxbbj5.default-release\storage\default\moz-extension+++7b7c287d-b9ee-4c40-99c0-63c5bd847cee^userContextId=4294967295\.metadata-v2,"""C:\Program Files\Mozilla Firefox\firefox.exe"" http://tcfcompanystore.com/color-block-quarter-zip
PID:3240",FileEvent,Read,2021-10-09 16:24:11.719,512
"""C:\Program Files\Mozilla Firefox\firefox.exe"" http://tcfcompanystore.com/color-block-quarter-zip
PID:3240",C:\Users\jpdz\AppData\Roaming\Mozilla\Firefox\Profiles\uzjxbbj5.default-release\storage\default\moz-extension+++0424fd79-b62a-421f-bf32-0d1549ab34f2^userContextId=4294967295\idb\3647222921wleabcEoxlt-eengsairo.sqlite-wal,FileEvent,Delete,2021-10-09 16:24:16.887,0
"""C:\Program Files\Mozilla Firefox\firefox.exe"" http://tcfcompanystore.com/color-block-quarter-zip
PID:3240",C:\Users\jpdz\AppData\Roaming\Mozilla\Firefox\Profiles\uzjxbbj5.default-release\storage\default\moz-extension+++0424fd79-b62a-421f-bf32-0d1549ab34f2^userContextId=4294967295\idb\3647222921wleabcEoxlt-eengsairo.sqlite-wal,FileEvent,Delete,2021-10-09 16:24:30.411,0
C:\Users\jpdz\AppData\Roaming\Mozilla\Firefox\Profiles\uzjxbbj5.default-release\storage\default\moz-extension+++0424fd79-b62a-421f-bf32-0d1549ab34f2^userContextId=4294967295\idb\3647222921wleabcEoxlt-eengsairo.sqlite-wal,"""C:\Program Files\Mozilla Firefox\firefox.exe"" http://tcfcompanystore.com/color-block-quarter-zip
PID:3240",FileEvent,Read,2021-10-09 16:24:20.218,4096
"""C:\Program Files\Mozilla Firefox\firefox.exe"" http://tcfcompanystore.com/color-block-quarter-zip
PID:3240",C:\Users\jpdz\AppData\Roaming\Mozilla\Firefox\Profiles\uzjxbbj5.default-release\storage\default\moz-extension+++0424fd79-b62a-421f-bf32-0d1549ab34f2^userContextId=4294967295\idb\3647222921wleabcEoxlt-eengsairo.sqlite-wal,FileEvent,Write,2021-10-09 16:24:16.898,20560
C:\Users\jpdz\AppData\Roaming\Mozilla\Firefox\Profiles\uzjxbbj5.default-release\shield-preference-experiments.json,"""C:\Program Files\Mozilla Firefox\firefox.exe"" http://tcfcompanystore.com/color-block-quarter-zip
PID:3240",FileEvent,Read,2021-10-09 16:24:09.847,18
C:\Program Files\Mozilla Firefox\gmp-clearkey\0.1\manifest.json,"""C:\Program Files\Mozilla Firefox\firefox.exe"" http://tcfcompanystore.com/color-block-quarter-zip
PID:3240",FileEvent,Read,2021-10-09 16:24:09.790,229
"""C:\Program Files\Mozilla Firefox\firefox.exe"" http://tcfcompanystore.com/color-block-quarter-zip
PID:3240",23.74.15.131,IpChannelEvent,TcpIpConnect,2021-10-09 16:24:11.728,0
"""C:\Program Files\Mozilla Firefox\firefox.exe"" http://tcfcompanystore.com/color-block-quarter-zip
PID:3240",23.74.15.131,IpChannelEvent,TcpIpSend,2021-10-09 16:24:11.743,455
23.74.15.131,"""C:\Program Files\Mozilla Firefox\firefox.exe"" http://tcfcompanystore.com/color-block-quarter-zip
PID:3240",IpChannelEvent,TcpIpRecv,2021-10-09 16:24:11.766,888
C:\Users\jpdz\AppData\Local\Mozilla\Firefox\Profiles\uzjxbbj5.default-release\safebrowsing\allow-flashallow-digest256.sbstore,"""C:\Program Files\Mozilla Firefox\firefox.exe"" http://tcfcompanystore.com/color-block-quarter-zip
PID:3240",FileEvent,Read,2021-10-09 16:24:11.233,236
C:\Users\jpdz\AppData\Roaming\Mozilla\Firefox\Profiles\uzjxbbj5.default-release\times.json,"""C:\Program Files\Mozilla Firefox\firefox.exe"" http://tcfcompanystore.com/color-block-quarter-zip
PID:3240",FileEvent,Read,2021-10-09 16:24:09.586,50
C:\Users\jpdz\AppData\Roaming\Mozilla\Firefox\Profiles\uzjxbbj5.default-release\storage\permanent\chrome\idb\3561288849sdhlie.sqlite,"""C:\Program Files\Mozilla Firefox\firefox.exe"" http://tcfcompanystore.com/color-block-quarter-zip
PID:3240",FileEvent,Read,2021-10-09 16:24:11.169,37064
"""C:\Program Files\Mozilla Firefox\firefox.exe"" http://tcfcompanystore.com/color-block-quarter-zip
PID:3240",C:\Users\jpdz\AppData\Roaming\Mozilla\Firefox\Profiles\uzjxbbj5.default-release\storage\permanent\chrome\idb\2918063365piupsah.sqlite-shm,FileEvent,Delete,2021-10-09 16:24:11.237,0
"""C:\Program Files\Mozilla Firefox\firefox.exe"" http://tcfcompanystore.com/color-block-quarter-zip
PID:3240",C:\Users\jpdz\AppData\Roaming\Mozilla\Firefox\Profiles\uzjxbbj5.default-release\storage\permanent\chrome\idb\2918063365piupsah.sqlite-shm,FileEvent,Delete,2021-10-09 16:24:24.785,0
C:\Users\jpdz\AppData\Roaming\Mozilla\Firefox\Profiles\uzjxbbj5.default-release\storage\permanent\chrome\idb\2918063365piupsah.sqlite-shm,"""C:\Program Files\Mozilla Firefox\firefox.exe"" http://tcfcompanystore.com/color-block-quarter-zip
PID:3240",FileEvent,Read,2021-10-09 16:24:11.237,65536
"""C:\Program Files\Mozilla Firefox\firefox.exe"" http://tcfcompanystore.com/color-block-quarter-zip
PID:3240",C:\Users\jpdz\AppData\Local\Mozilla\Firefox\Profiles\uzjxbbj5.default-release\cache2\doomed\25004,FileEvent,Delete,2021-10-09 16:24:09.560,0
C:\Program Files\Mozilla Firefox\defaults\pref\channel-prefs.js,"""C:\Program Files\Mozilla Firefox\firefox.exe"" http://tcfcompanystore.com/color-block-quarter-zip
PID:3240",FileEvent,Read,2021-10-09 16:24:09.419,429
C:\Users\jpdz\AppData\Roaming\Mozilla\Firefox\Profiles\uzjxbbj5.default-release\compatibility.ini,"""C:\Program Files\Mozilla Firefox\firefox.exe"" http://tcfcompanystore.com/color-block-quarter-zip
PID:3240",FileEvent,Read,2021-10-09 16:24:09.415,194
C:\Users\jpdz\AppData\Local\Mozilla\Firefox\Profiles\uzjxbbj5.default-release\cache2\index.tmp,"""C:\Program Files\Mozilla Firefox\firefox.exe"" http://tcfcompanystore.com/color-block-quarter-zip
PID:3240",FileEvent,Read,2021-10-09 16:24:09.560,1439
C:\Users\jpdz\AppData\Roaming\Mozilla\Firefox\Profiles\uzjxbbj5.default-release\storage\permanent\chrome\idb\3870112724rsegmnoittet-es.sqlite,"""C:\Program Files\Mozilla Firefox\firefox.exe"" http://tcfcompanystore.com/color-block-quarter-zip
PID:3240",FileEvent,Read,2021-10-09 16:24:09.712,286920
"""C:\Program Files\Mozilla Firefox\firefox.exe"" http://tcfcompanystore.com/color-block-quarter-zip
PID:3240",C:\Users\jpdz\AppData\Roaming\Mozilla\Firefox\Profiles\uzjxbbj5.default-release\storage\permanent\chrome\idb\3870112724rsegmnoittet-es.sqlite,FileEvent,Write,2021-10-09 16:24:20.527,208896
C:\Users\jpdz\AppData\Roaming\Mozilla\Firefox\Profiles\uzjxbbj5.default-release\storage\permanent\chrome\idb\3870112724rsegmnoittet-es.sqlite,"""C:\Program Files\Mozilla Firefox\firefox.exe"" http://tcfcompanystore.com/color-block-quarter-zip
PID:3240",FileEvent,Read,2021-10-09 16:24:10.903,1069056
C:\Users\jpdz\AppData\Local\Mozilla\Firefox\Profiles\uzjxbbj5.default-release\safebrowsing\except-flashallow-digest256.vlpset,"""C:\Program Files\Mozilla Firefox\firefox.exe"" http://tcfcompanystore.com/color-block-quarter-zip
PID:3240",FileEvent,Read,2021-10-09 16:24:10.866,69
C:\Users\jpdz\AppData\Roaming\Mozilla\Firefox\Profiles\uzjxbbj5.default-release\storage\default\moz-extension+++0424fd79-b62a-421f-bf32-0d1549ab34f2^userContextId=4294967295\.metadata-v2,"""C:\Program Files\Mozilla Firefox\firefox.exe"" http://tcfcompanystore.com/color-block-quarter-zip
PID:3240",FileEvent,Read,2021-10-09 16:24:11.718,512
"""C:\Program Files\Mozilla Firefox\firefox.exe"" http://tcfcompanystore.com/color-block-quarter-zip
PID:3240",C:\Users\jpdz\AppData\Roaming\Mozilla\Firefox\Profiles\uzjxbbj5.default-release\storage\default\moz-extension+++0424fd79-b62a-421f-bf32-0d1549ab34f2^userContextId=4294967295\.metadata-v2,FileEvent,Write,2021-10-09 16:24:16.883,8
"""C:\Program Files\Mozilla Firefox\firefox.exe"" http://tcfcompanystore.com/color-block-quarter-zip
PID:3240",C:\Users\jpdz\AppData\Roaming\Mozilla\Firefox\Profiles\uzjxbbj5.default-release\datareporting\glean\pending_pings\bc260851-e707-4af4-95dc-8a7bba7a5448,FileEvent,Delete,2021-10-09 16:24:12.181,0
C:\Users\jpdz\AppData\Roaming\Mozilla\Firefox\Profiles\uzjxbbj5.default-release\datareporting\glean\pending_pings\bc260851-e707-4af4-95dc-8a7bba7a5448,"""C:\Program Files\Mozilla Firefox\firefox.exe"" http://tcfcompanystore.com/color-block-quarter-zip
PID:3240",FileEvent,Read,2021-10-09 16:24:11.564,49152
C:\Users\jpdz\AppData\Local\Mozilla\Firefox\Profiles\uzjxbbj5.default-release\safebrowsing\social-tracking-protection-twitter-digest256.vlpset,"""C:\Program Files\Mozilla Firefox\firefox.exe"" http://tcfcompanystore.com/color-block-quarter-zip
PID:3240",FileEvent,Read,2021-10-09 16:24:10.874,229
C:\Users\jpdz\AppData\Local\Mozilla\Firefox\Profiles\uzjxbbj5.default-release\activity-stream.discovery_stream.json,"""C:\Program Files\Mozilla Firefox\firefox.exe"" http://tcfcompanystore.com/color-block-quarter-zip
PID:3240",FileEvent,Read,2021-10-09 16:24:11.187,61086
"""C:\Program Files\Mozilla Firefox\firefox.exe"" http://tcfcompanystore.com/color-block-quarter-zip
PID:3240",125.220.192.143,IpChannelEvent,TcpIpConnect,2021-10-09 16:24:16.675,0
"""C:\Program Files\Mozilla Firefox\firefox.exe"" http://tcfcompanystore.com/color-block-quarter-zip
PID:3240",125.220.192.143,IpChannelEvent,TcpIpDisconnect,2021-10-09 16:24:16.743,0
125.220.192.143,"""C:\Program Files\Mozilla Firefox\firefox.exe"" http://tcfcompanystore.com/color-block-quarter-zip
PID:3240",IpChannelEvent,TcpIpRecv,2021-10-09 16:24:16.712,4456
"""C:\Program Files\Mozilla Firefox\firefox.exe"" http://tcfcompanystore.com/color-block-quarter-zip
PID:3240",125.220.192.143,IpChannelEvent,TcpIpSend,2021-10-09 16:24:16.712,811
C:\ProgramData\Mozilla\updates\308046B0AF4A39CB\update-config.json,"""C:\Program Files\Mozilla Firefox\firefox.exe"" http://tcfcompanystore.com/color-block-quarter-zip
PID:3240",FileEvent,Read,2021-10-09 16:24:09.593,206
"""C:\Program Files\Mozilla Firefox\firefox.exe"" http://tcfcompanystore.com/color-block-quarter-zip
PID:3240",C:\ProgramData\Mozilla\updates\308046B0AF4A39CB\update-config.json,FileEvent,Write,2021-10-09 16:24:11.599,103
C:\ProgramData\Mozilla\updates\308046B0AF4A39CB\update-config.json,"""C:\Program Files\Mozilla Firefox\firefox.exe"" http://tcfcompanystore.com/color-block-quarter-zip
PID:3240",FileEvent,Read,2021-10-09 16:24:11.295,309
"""C:\Program Files\Mozilla Firefox\firefox.exe"" http://tcfcompanystore.com/color-block-quarter-zip
PID:3240",C:\Users\jpdz\AppData\Local\Mozilla\Firefox\Profiles\uzjxbbj5.default-release\cache2\entries\0FFA3B2F7CE5CFF23C3AA80350FE5DBB11FB09F7,FileEvent,Write,2021-10-09 16:24:11.136,2871
C:\Program Files\Mozilla Firefox\firefox.exe,"""C:\Program Files\Mozilla Firefox\firefox.exe"" http://tcfcompanystore.com/color-block-quarter-zip
PID:3240",FileEvent,Read,2021-10-09 16:24:09.471,2056
C:\Program Files\Mozilla Firefox\firefox.exe,"""C:\Program Files\Mozilla Firefox\firefox.exe"" http://tcfcompanystore.com/color-block-quarter-zip
PID:3240",FileEvent,Read,2021-10-09 16:24:11.111,3096
"""C:\Program Files\Mozilla Firefox\firefox.exe"" http://tcfcompanystore.com/color-block-quarter-zip
PID:3240",C:\Users\jpdz\AppData\Local\Mozilla\Firefox\Profiles\uzjxbbj5.default-release\startupCache\urlCache-new.bin,FileEvent,Write,2021-10-09 16:24:21.333,5926
"""C:\Program Files\Mozilla Firefox\firefox.exe"" http://tcfcompanystore.com/color-block-quarter-zip
PID:3240",69.167.157.22,IpChannelEvent,TcpIpConnect,2021-10-09 16:24:11.354,0
"""C:\Program Files\Mozilla Firefox\firefox.exe"" http://tcfcompanystore.com/color-block-quarter-zip
PID:3240",69.167.157.22,IpChannelEvent,TcpIpDisconnect,2021-10-09 16:24:24.891,0
69.167.157.22,"""C:\Program Files\Mozilla Firefox\firefox.exe"" http://tcfcompanystore.com/color-block-quarter-zip
PID:3240",IpChannelEvent,TcpIpRecv,2021-10-09 16:24:12.61,202
"""C:\Program Files\Mozilla Firefox\firefox.exe"" http://tcfcompanystore.com/color-block-quarter-zip
PID:3240",69.167.157.22,IpChannelEvent,TcpIpSend,2021-10-09 16:24:11.996,406
"""C:\Program Files\Mozilla Firefox\firefox.exe"" http://tcfcompanystore.com/color-block-quarter-zip
PID:3240",C:\Users\jpdz\AppData\Local\Mozilla\Firefox\Profiles\uzjxbbj5.default-release\cache2\entries\5A21BC0C5909A01156BAE8A3E2214024A8CE4A6E,FileEvent,Write,2021-10-09 16:24:13.236,48345
"""C:\Program Files\Mozilla Firefox\firefox.exe"" http://tcfcompanystore.com/color-block-quarter-zip
PID:3240",C:\Users\jpdz\AppData\Local\Mozilla\Firefox\Profiles\uzjxbbj5.default-release\cache2\entries\3D42EF5BD2EAAF800CC60C4BDA131732DE5DEDCF,FileEvent,Write,2021-10-09 16:24:13.534,29731
"""C:\Program Files\Mozilla Firefox\firefox.exe"" http://tcfcompanystore.com/color-block-quarter-zip
PID:3240",C:\Users\jpdz\AppData\Local\Mozilla\Firefox\Profiles\uzjxbbj5.default-release\cache2\entries\3CB1693488A3F1021C8AB061E593F9045D0F2705,FileEvent,Write,2021-10-09 16:24:12.181,17434
"""C:\Program Files\Mozilla Firefox\firefox.exe"" http://tcfcompanystore.com/color-block-quarter-zip
PID:3240",69.167.157.22,IpChannelEvent,TcpIpConnect,2021-10-09 16:24:12.316,0
"""C:\Program Files\Mozilla Firefox\firefox.exe"" http://tcfcompanystore.com/color-block-quarter-zip
PID:3240",69.167.157.22,IpChannelEvent,TcpIpDisconnect,2021-10-09 16:24:12.832,0
"""C:\Program Files\Mozilla Firefox\firefox.exe"" http://tcfcompanystore.com/color-block-quarter-zip
PID:3240",69.167.157.22,IpChannelEvent,TcpIpSend,2021-10-09 16:24:12.498,541
69.167.157.22,"""C:\Program Files\Mozilla Firefox\firefox.exe"" http://tcfcompanystore.com/color-block-quarter-zip
PID:3240",IpChannelEvent,TcpIpRecv,2021-10-09 16:24:12.571,3327
C:\Windows\system32\spool\drivers\color\sRGB Color Space Profile.icm,"""C:\Program Files\Mozilla Firefox\firefox.exe"" http://tcfcompanystore.com/color-block-quarter-zip
PID:3240",FileEvent,Read,2021-10-09 16:24:09.474,4096
C:\Users\jpdz\AppData\Local\Mozilla\Firefox\Profiles\uzjxbbj5.default-release\safebrowsing\mozplugin-block-digest256.vlpset,"""C:\Program Files\Mozilla Firefox\firefox.exe"" http://tcfcompanystore.com/color-block-quarter-zip
PID:3240",FileEvent,Read,2021-10-09 16:24:10.873,3045
C:\Users\jpdz\AppData\Roaming\Mozilla\Firefox\Profiles\uzjxbbj5.default-release\storage\permanent\chrome\idb\1657114595AmcateirvtiSty.sqlite,"""C:\Program Files\Mozilla Firefox\firefox.exe"" http://tcfcompanystore.com/color-block-quarter-zip
PID:3240",FileEvent,Read,2021-10-09 16:24:10.925,57644
C:\Windows\Prefetch\FIREFOX.EXE-A606B53C.pf,"""C:\Program Files\Mozilla Firefox\firefox.exe"" http://tcfcompanystore.com/color-block-quarter-zip
PID:3240",FileEvent,Read,2021-10-09 16:24:09.340,61006
"""C:\Program Files\Mozilla Firefox\firefox.exe"" http://tcfcompanystore.com/color-block-quarter-zip
PID:3240",39.107.233.151,IpChannelEvent,TcpIpConnect,2021-10-09 16:24:14.712,0
39.107.233.151,"""C:\Program Files\Mozilla Firefox\firefox.exe"" http://tcfcompanystore.com/color-block-quarter-zip
PID:3240",IpChannelEvent,TcpIpRecv,2021-10-09 16:24:14.719,382
"""C:\Program Files\Mozilla Firefox\firefox.exe"" http://tcfcompanystore.com/color-block-quarter-zip
PID:3240",39.107.233.151,IpChannelEvent,TcpIpSend,2021-10-09 16:24:14.719,532
"""C:\Program Files\Mozilla Firefox\firefox.exe"" http://tcfcompanystore.com/color-block-quarter-zip
PID:3240",52.40.105.243,IpChannelEvent,TcpIpConnect,2021-10-09 16:24:11.976,0
"""C:\Program Files\Mozilla Firefox\firefox.exe"" http://tcfcompanystore.com/color-block-quarter-zip
PID:3240",52.40.105.243,IpChannelEvent,TcpIpSend,2021-10-09 16:24:11.996,1456
52.40.105.243,"""C:\Program Files\Mozilla Firefox\firefox.exe"" http://tcfcompanystore.com/color-block-quarter-zip
PID:3240",IpChannelEvent,TcpIpRecv,2021-10-09 16:24:12.200,3801
"""C:\Program Files\Mozilla Firefox\firefox.exe"" http://tcfcompanystore.com/color-block-quarter-zip
PID:3240",C:\Users\jpdz\AppData\Local\Mozilla\Firefox\Profiles\uzjxbbj5.default-release\cache2\doomed\23848,FileEvent,Delete,2021-10-09 16:24:14.828,0
C:\Users\jpdz\AppData\Roaming\Mozilla\Firefox\Profiles\uzjxbbj5.default-release\sessionCheckpoints.json,"""C:\Program Files\Mozilla Firefox\firefox.exe"" http://tcfcompanystore.com/color-block-quarter-zip
PID:3240",FileEvent,Read,2021-10-09 16:24:09.557,241
C:\Users\jpdz\AppData\Local\Mozilla\Firefox\Profiles\uzjxbbj5.default-release\safebrowsing\base-fingerprinting-track-digest256.sbstore,"""C:\Program Files\Mozilla Firefox\firefox.exe"" http://tcfcompanystore.com/color-block-quarter-zip
PID:3240",FileEvent,Read,2021-10-09 16:24:11.233,359
C:\Users\jpdz\AppData\Local\Mozilla\Firefox\Profiles\uzjxbbj5.default-release\safebrowsing\google4\goog-phish-proto.metadata,"""C:\Program Files\Mozilla Firefox\firefox.exe"" http://tcfcompanystore.com/color-block-quarter-zip
PID:3240",FileEvent,Read,2021-10-09 16:24:11.235,71
C:\Users\jpdz\AppData\Roaming\Mozilla\Firefox\Profiles\UZJXBB~1.DEF\key4.db,"""C:\Program Files\Mozilla Firefox\firefox.exe"" http://tcfcompanystore.com/color-block-quarter-zip
PID:3240",FileEvent,Read,2021-10-09 16:24:09.707,131268
C:\Users\jpdz\AppData\Roaming\Mozilla\Firefox\Profiles\UZJXBB~1.DEF\key4.db,"""C:\Program Files\Mozilla Firefox\firefox.exe"" http://tcfcompanystore.com/color-block-quarter-zip
PID:3240",FileEvent,Read,2021-10-09 16:24:11.193,80
C:\Users\jpdz\AppData\Roaming\Mozilla\Firefox\Profiles\uzjxbbj5.default-release\extensions.json,"""C:\Program Files\Mozilla Firefox\firefox.exe"" http://tcfcompanystore.com/color-block-quarter-zip
PID:3240",FileEvent,Read,2021-10-09 16:24:10.843,57748
"""C:\Program Files\Mozilla Firefox\firefox.exe"" http://tcfcompanystore.com/color-block-quarter-zip
PID:3240",C:\Users\jpdz\AppData\Roaming\Mozilla\Firefox\Profiles\uzjxbbj5.default-release\storage\permanent\chrome\idb\2823318777ntouromlalnodry--naod.sqlite-wal,FileEvent,Delete,2021-10-09 16:24:11.648,0
"""C:\Program Files\Mozilla Firefox\firefox.exe"" http://tcfcompanystore.com/color-block-quarter-zip
PID:3240",C:\Users\jpdz\AppData\Roaming\Mozilla\Firefox\Profiles\uzjxbbj5.default-release\storage\permanent\chrome\idb\2823318777ntouromlalnodry--naod.sqlite-wal,FileEvent,Delete,2021-10-09 16:24:23.224,0
"""C:\Program Files\Mozilla Firefox\firefox.exe"" http://tcfcompanystore.com/color-block-quarter-zip
PID:3240",C:\Users\jpdz\AppData\Roaming\Mozilla\Firefox\Profiles\uzjxbbj5.default-release\storage\default\moz-extension+++0424fd79-b62a-421f-bf32-0d1549ab34f2^userContextId=4294967295\idb\3647222921wleabcEoxlt-eengsairo.sqlite-shm,FileEvent,Delete,2021-10-09 16:24:16.887,0
"""C:\Program Files\Mozilla Firefox\firefox.exe"" http://tcfcompanystore.com/color-block-quarter-zip
PID:3240",C:\Users\jpdz\AppData\Roaming\Mozilla\Firefox\Profiles\uzjxbbj5.default-release\storage\default\moz-extension+++0424fd79-b62a-421f-bf32-0d1549ab34f2^userContextId=4294967295\idb\3647222921wleabcEoxlt-eengsairo.sqlite-shm,FileEvent,Delete,2021-10-09 16:24:30.411,0
C:\Users\jpdz\AppData\Roaming\Mozilla\Firefox\Profiles\uzjxbbj5.default-release\storage\default\moz-extension+++0424fd79-b62a-421f-bf32-0d1549ab34f2^userContextId=4294967295\idb\3647222921wleabcEoxlt-eengsairo.sqlite-shm,"""C:\Program Files\Mozilla Firefox\firefox.exe"" http://tcfcompanystore.com/color-block-quarter-zip
PID:3240",FileEvent,Read,2021-10-09 16:24:16.886,65536
"""C:\Program Files\Mozilla Firefox\firefox.exe"" http://tcfcompanystore.com/color-block-quarter-zip
PID:3240",C:\Users\jpdz\AppData\Local\Mozilla\Firefox\Profiles\uzjxbbj5.default-release\startupCache\scriptCache-child-new.bin,FileEvent,Write,2021-10-09 16:24:21.358,893798
C:\Users\jpdz\AppData\Roaming\Mozilla\Firefox\Profiles\uzjxbbj5.default-release\cookies.sqlite,"""C:\Program Files\Mozilla Firefox\firefox.exe"" http://tcfcompanystore.com/color-block-quarter-zip
PID:3240",FileEvent,Read,2021-10-09 16:24:09.561,753864
C:\Users\jpdz\AppData\Local\Mozilla\Firefox\Profiles\uzjxbbj5.default-release\safebrowsing\social-track-digest256.vlpset,"""C:\Program Files\Mozilla Firefox\firefox.exe"" http://tcfcompanystore.com/color-block-quarter-zip
PID:3240",FileEvent,Read,2021-10-09 16:24:10.874,2117
C:\Users\jpdz\AppData\Roaming\Mozilla\Firefox\Profiles\uzjxbbj5.default-release\xulstore.json,"""C:\Program Files\Mozilla Firefox\firefox.exe"" http://tcfcompanystore.com/color-block-quarter-zip
PID:3240",FileEvent,Read,2021-10-09 16:24:09.453,453
C:\Program Files\Mozilla Firefox\dependentlibs.list,"""C:\Program Files\Mozilla Firefox\firefox.exe"" http://tcfcompanystore.com/color-block-quarter-zip
PID:3240",FileEvent,Read,2021-10-09 16:24:09.352,8192
C:\Program Files\Mozilla Firefox\api-ms-win-crt-convert-l1-1-0.dll,"""C:\Program Files\Mozilla Firefox\firefox.exe"" http://tcfcompanystore.com/color-block-quarter-zip
PID:3240",FileEvent,Read,2021-10-09 16:24:09.352,65536
"""C:\Program Files\Mozilla Firefox\firefox.exe"" http://tcfcompanystore.com/color-block-quarter-zip
PID:3240",C:\Users\jpdz\AppData\Roaming\Mozilla\Firefox\Profiles\uzjxbbj5.default-release\storage\permanent\chrome\idb\1657114595AmcateirvtiSty.sqlite-wal,FileEvent,Delete,2021-10-09 16:24:11.144,0
"""C:\Program Files\Mozilla Firefox\firefox.exe"" http://tcfcompanystore.com/color-block-quarter-zip
PID:3240",C:\Users\jpdz\AppData\Roaming\Mozilla\Firefox\Profiles\uzjxbbj5.default-release\storage\permanent\chrome\idb\1657114595AmcateirvtiSty.sqlite-wal,FileEvent,Delete,2021-10-09 16:24:24.6,0
C:\Users\jpdz\AppData\Roaming\Mozilla\Firefox\Profiles\uzjxbbj5.default-release\favicons.sqlite-shm,"""C:\Program Files\Mozilla Firefox\firefox.exe"" http://tcfcompanystore.com/color-block-quarter-zip
PID:3240",FileEvent,Read,2021-10-09 16:24:09.897,32768
C:\Users\jpdz\AppData\Local\Mozilla\Firefox\Profiles\uzjxbbj5.default-release\safebrowsing\google4\goog-unwanted-proto.metadata,"""C:\Program Files\Mozilla Firefox\firefox.exe"" http://tcfcompanystore.com/color-block-quarter-zip
PID:3240",FileEvent,Read,2021-10-09 16:24:11.235,71
C:\Users\jpdz\AppData\Local\Mozilla\Firefox\Profiles\uzjxbbj5.default-release\safebrowsing\except-flashsubdoc-digest256.sbstore,"""C:\Program Files\Mozilla Firefox\firefox.exe"" http://tcfcompanystore.com/color-block-quarter-zip
PID:3240",FileEvent,Read,2021-10-09 16:24:11.234,244
"""C:\Program Files\Mozilla Firefox\firefox.exe"" http://tcfcompanystore.com/color-block-quarter-zip
PID:3240",C:\Users\jpdz\AppData\Roaming\Mozilla\Firefox\Profiles\uzjxbbj5.default-release\storage\permanent\chrome\idb\3561288849sdhlie.sqlite-wal,FileEvent,Delete,2021-10-09 16:24:11.171,0
"""C:\Program Files\Mozilla Firefox\firefox.exe"" http://tcfcompanystore.com/color-block-quarter-zip
PID:3240",C:\Users\jpdz\AppData\Roaming\Mozilla\Firefox\Profiles\uzjxbbj5.default-release\storage\permanent\chrome\idb\3561288849sdhlie.sqlite-wal,FileEvent,Delete,2021-10-09 16:24:23.225,0
C:\Users\jpdz\AppData\Local\Mozilla\Firefox\Profiles\uzjxbbj5.default-release\safebrowsing\google4\goog-phish-proto.vlpset,"""C:\Program Files\Mozilla Firefox\firefox.exe"" http://tcfcompanystore.com/color-block-quarter-zip
PID:3240",FileEvent,Read,2021-10-09 16:24:10.872,393216
C:\Users\jpdz\AppData\Local\Mozilla\Firefox\Profiles\uzjxbbj5.default-release\cache2\entries\E8246BB40873DF388F959075604DEEE43344C56F,"""C:\Program Files\Mozilla Firefox\firefox.exe"" http://tcfcompanystore.com/color-block-quarter-zip
PID:3240",FileEvent,Read,2021-10-09 16:24:11.992,15031
"""C:\Program Files\Mozilla Firefox\firefox.exe"" http://tcfcompanystore.com/color-block-quarter-zip
PID:3240",C:\Users\jpdz\AppData\Local\Mozilla\Firefox\Profiles\uzjxbbj5.default-release\cache2\entries\E8246BB40873DF388F959075604DEEE43344C56F,FileEvent,Write,2021-10-09 16:24:12.8,32833
C:\Users\jpdz\AppData\Local\Mozilla\Firefox\Profiles\uzjxbbj5.default-release\safebrowsing\content-track-digest256.sbstore,"""C:\Program Files\Mozilla Firefox\firefox.exe"" http://tcfcompanystore.com/color-block-quarter-zip
PID:3240",FileEvent,Read,2021-10-09 16:24:11.234,734
"""C:\Program Files\Mozilla Firefox\firefox.exe"" http://tcfcompanystore.com/color-block-quarter-zip
PID:3240",C:\Users\jpdz\AppData\Roaming\Mozilla\Firefox\Profiles\uzjxbbj5.default-release\storage\permanent\chrome\idb\3870112724rsegmnoittet-es.sqlite-shm,FileEvent,Delete,2021-10-09 16:24:09.713,0
C:\Users\jpdz\AppData\Roaming\Mozilla\Firefox\Profiles\uzjxbbj5.default-release\storage\permanent\chrome\idb\3870112724rsegmnoittet-es.sqlite-shm,"""C:\Program Files\Mozilla Firefox\firefox.exe"" http://tcfcompanystore.com/color-block-quarter-zip
PID:3240",FileEvent,Read,2021-10-09 16:24:09.712,65536
"""C:\Program Files\Mozilla Firefox\firefox.exe"" http://tcfcompanystore.com/color-block-quarter-zip
PID:3240",C:\Users\jpdz\AppData\Roaming\Mozilla\Firefox\Profiles\uzjxbbj5.default-release\storage\permanent\chrome\idb\3870112724rsegmnoittet-es.sqlite-shm,FileEvent,Delete,2021-10-09 16:24:31.723,0
C:\Program Files\Mozilla Firefox\distribution\distribution.ini,"""C:\Program Files\Mozilla Firefox\firefox.exe"" http://tcfcompanystore.com/color-block-quarter-zip
PID:3240",FileEvent,Read,2021-10-09 16:24:09.453,2952
"""C:\Program Files\Mozilla Firefox\firefox.exe"" http://tcfcompanystore.com/color-block-quarter-zip
PID:3240",C:\Users\jpdz\AppData\Roaming\Mozilla\Firefox\Profiles\uzjxbbj5.default-release\storage\default\moz-extension+++0c3666b5-67b1-4855-b50d-d5fbfc0d2874^userContextId=4294967295\idb\3647222921wleabcEoxlt-eengsairo.sqlite-shm,FileEvent,Delete,2021-10-09 16:24:12.339,0
"""C:\Program Files\Mozilla Firefox\firefox.exe"" http://tcfcompanystore.com/color-block-quarter-zip
PID:3240",C:\Users\jpdz\AppData\Roaming\Mozilla\Firefox\Profiles\uzjxbbj5.default-release\storage\default\moz-extension+++0c3666b5-67b1-4855-b50d-d5fbfc0d2874^userContextId=4294967295\idb\3647222921wleabcEoxlt-eengsairo.sqlite-shm,FileEvent,Delete,2021-10-09 16:24:28.879,0
C:\Users\jpdz\AppData\Roaming\Mozilla\Firefox\Profiles\uzjxbbj5.default-release\storage\default\moz-extension+++0c3666b5-67b1-4855-b50d-d5fbfc0d2874^userContextId=4294967295\idb\3647222921wleabcEoxlt-eengsairo.sqlite-shm,"""C:\Program Files\Mozilla Firefox\firefox.exe"" http://tcfcompanystore.com/color-block-quarter-zip
PID:3240",FileEvent,Read,2021-10-09 16:24:12.339,65536
C:\Users\jpdz\AppData\Local\Mozilla\Firefox\Profiles\uzjxbbj5.default-release\startupCache\webext.sc.lz4,"""C:\Program Files\Mozilla Firefox\firefox.exe"" http://tcfcompanystore.com/color-block-quarter-zip
PID:3240",FileEvent,Read,2021-10-09 16:24:09.536,131881
"""C:\Program Files\Mozilla Firefox\firefox.exe"" http://tcfcompanystore.com/color-block-quarter-zip
PID:3240",117.18.237.29,IpChannelEvent,TcpIpConnect,2021-10-09 16:24:11.584,0
117.18.237.29,"""C:\Program Files\Mozilla Firefox\firefox.exe"" http://tcfcompanystore.com/color-block-quarter-zip
PID:3240",IpChannelEvent,TcpIpRecv,2021-10-09 16:24:11.623,798
"""C:\Program Files\Mozilla Firefox\firefox.exe"" http://tcfcompanystore.com/color-block-quarter-zip
PID:3240",117.18.237.29,IpChannelEvent,TcpIpSend,2021-10-09 16:24:11.623,456
C:\Program Files\Mozilla Firefox\nss3.dll,"""C:\Program Files\Mozilla Firefox\firefox.exe"" http://tcfcompanystore.com/color-block-quarter-zip
PID:3240",FileEvent,Read,2021-10-09 16:24:09.353,2031616
C:\Users\jpdz\AppData\Local\Mozilla\Firefox\Profiles\uzjxbbj5.default-release\safebrowsing\content-track-digest256.vlpset,"""C:\Program Files\Mozilla Firefox\firefox.exe"" http://tcfcompanystore.com/color-block-quarter-zip
PID:3240",FileEvent,Read,2021-10-09 16:24:10.866,15525
C:\Program Files\Mozilla Firefox\xul.dll,"""C:\Program Files\Mozilla Firefox\firefox.exe"" http://tcfcompanystore.com/color-block-quarter-zip
PID:3240",FileEvent,Read,2021-10-09 16:24:09.354,104333312
C:\Windows\Fonts\staticcache.dat,"""C:\Program Files\Mozilla Firefox\firefox.exe"" http://tcfcompanystore.com/color-block-quarter-zip
PID:3240",FileEvent,Read,2021-10-09 16:24:09.651,60
C:\Users\jpdz\AppData\Local\Mozilla\Firefox\Profiles\uzjxbbj5.default-release\safebrowsing\google4\goog-unwanted-proto.vlpset,"""C:\Program Files\Mozilla Firefox\firefox.exe"" http://tcfcompanystore.com/color-block-quarter-zip
PID:3240",FileEvent,Read,2021-10-09 16:24:10.872,53720
"""C:\Program Files\Mozilla Firefox\firefox.exe"" http://tcfcompanystore.com/color-block-quarter-zip
PID:3240",C:\Users\jpdz\AppData\Local\Mozilla\Firefox\Profiles\uzjxbbj5.default-release\startupCache\scriptCache-new.bin,FileEvent,Write,2021-10-09 16:24:21.338,9877544
C:\Users\jpdz\AppData\Local\Mozilla\Firefox\Profiles\uzjxbbj5.default-release\startupCache\scriptCache-new.bin,"""C:\Program Files\Mozilla Firefox\firefox.exe"" http://tcfcompanystore.com/color-block-quarter-zip
PID:3240",FileEvent,Read,2021-10-09 16:24:21.346,65536
C:\Users\jpdz\AppData\Roaming\Mozilla\Firefox\Profiles\uzjxbbj5.default-release\permissions.sqlite,"""C:\Program Files\Mozilla Firefox\firefox.exe"" http://tcfcompanystore.com/color-block-quarter-zip
PID:3240",FileEvent,Read,2021-10-09 16:24:09.518,65700
"""C:\Program Files\Mozilla Firefox\firefox.exe"" http://tcfcompanystore.com/color-block-quarter-zip
PID:3240",117.18.237.29,IpChannelEvent,TcpIpConnect,2021-10-09 16:24:11.593,0
"""C:\Program Files\Mozilla Firefox\firefox.exe"" http://tcfcompanystore.com/color-block-quarter-zip
PID:3240",117.18.237.29,IpChannelEvent,TcpIpDisconnect,2021-10-09 16:24:17.634,0
"""C:\Program Files\Mozilla Firefox\firefox.exe"" http://tcfcompanystore.com/color-block-quarter-zip
PID:3240",C:\Users\jpdz\AppData\Roaming\Mozilla\Firefox\Profiles\uzjxbbj5.default-release\extensions.json.tmp,FileEvent,Write,2021-10-09 16:24:17.856,57748
C:\Users\jpdz\AppData\Local\Mozilla\Firefox\Profiles\uzjxbbj5.default-release\safebrowsing\google4\goog-badbinurl-proto.metadata,"""C:\Program Files\Mozilla Firefox\firefox.exe"" http://tcfcompanystore.com/color-block-quarter-zip
PID:3240",FileEvent,Read,2021-10-09 16:24:11.235,71
C:\Users\jpdz\AppData\Local\Mozilla\Firefox\Profiles\uzjxbbj5.default-release\safebrowsing\block-flashsubdoc-digest256.sbstore,"""C:\Program Files\Mozilla Firefox\firefox.exe"" http://tcfcompanystore.com/color-block-quarter-zip
PID:3240",FileEvent,Read,2021-10-09 16:24:11.234,2576
"""C:\Program Files\Mozilla Firefox\firefox.exe"" http://tcfcompanystore.com/color-block-quarter-zip
PID:3240",52.26.168.11,IpChannelEvent,TcpIpConnect,2021-10-09 16:24:11.464,0
"""C:\Program Files\Mozilla Firefox\firefox.exe"" http://tcfcompanystore.com/color-block-quarter-zip
PID:3240",52.26.168.11,IpChannelEvent,TcpIpDisconnect,2021-10-09 16:24:12.424,0
52.26.168.11,"""C:\Program Files\Mozilla Firefox\firefox.exe"" http://tcfcompanystore.com/color-block-quarter-zip
PID:3240",IpChannelEvent,TcpIpRecv,2021-10-09 16:24:11.743,3716
"""C:\Program Files\Mozilla Firefox\firefox.exe"" http://tcfcompanystore.com/color-block-quarter-zip
PID:3240",52.26.168.11,IpChannelEvent,TcpIpSend,2021-10-09 16:24:11.743,1972
C:\Users\jpdz\AppData\Roaming\Mozilla\Firefox\Profiles\uzjxbbj5.default-release\places.sqlite-shm,"""C:\Program Files\Mozilla Firefox\firefox.exe"" http://tcfcompanystore.com/color-block-quarter-zip
PID:3240",FileEvent,Read,2021-10-09 16:24:09.896,32768
C:\Users\jpdz\AppData\Local\Mozilla\Firefox\Profiles\uzjxbbj5.default-release\safebrowsing\mozplugin-block-digest256.sbstore,"""C:\Program Files\Mozilla Firefox\firefox.exe"" http://tcfcompanystore.com/color-block-quarter-zip
PID:3240",FileEvent,Read,2021-10-09 16:24:11.234,338
"""C:\Program Files\Mozilla Firefox\firefox.exe"" http://tcfcompanystore.com/color-block-quarter-zip
PID:3240",69.167.157.22,IpChannelEvent,TcpIpConnect,2021-10-09 16:24:12.553,0
"""C:\Program Files\Mozilla Firefox\firefox.exe"" http://tcfcompanystore.com/color-block-quarter-zip
PID:3240",69.167.157.22,IpChannelEvent,TcpIpDisconnect,2021-10-09 16:24:13.44,0
69.167.157.22,"""C:\Program Files\Mozilla Firefox\firefox.exe"" http://tcfcompanystore.com/color-block-quarter-zip
PID:3240",IpChannelEvent,TcpIpRecv,2021-10-09 16:24:12.796,3327
"""C:\Program Files\Mozilla Firefox\firefox.exe"" http://tcfcompanystore.com/color-block-quarter-zip
PID:3240",69.167.157.22,IpChannelEvent,TcpIpSend,2021-10-09 16:24:12.749,541
C:\Users\jpdz\AppData\Local\Mozilla\Firefox\Profiles\uzjxbbj5.default-release\safebrowsing\google4\goog-badbinurl-proto.vlpset,"""C:\Program Files\Mozilla Firefox\firefox.exe"" http://tcfcompanystore.com/color-block-quarter-zip
PID:3240",FileEvent,Read,2021-10-09 16:24:10.871,393216
"""C:\Program Files\Mozilla Firefox\firefox.exe"" http://tcfcompanystore.com/color-block-quarter-zip
PID:3240",C:\Users\jpdz\AppData\Roaming\Mozilla\Firefox\Profiles\uzjxbbj5.default-release\storage.sqlite-journal,FileEvent,Delete,2021-10-09 16:24:12.336,0
"""C:\Program Files\Mozilla Firefox\firefox.exe"" http://tcfcompanystore.com/color-block-quarter-zip
PID:3240",C:\Users\jpdz\AppData\Roaming\Mozilla\Firefox\Profiles\uzjxbbj5.default-release\storage.sqlite-journal,FileEvent,Write,2021-10-09 16:24:11.719,17492
C:\Users\jpdz\AppData\Roaming\Mozilla\Firefox\Profiles\uzjxbbj5.default-release\storage.sqlite-journal,"""C:\Program Files\Mozilla Firefox\firefox.exe"" http://tcfcompanystore.com/color-block-quarter-zip
PID:3240",FileEvent,Read,2021-10-09 16:24:11.720,8
"""C:\Program Files\Mozilla Firefox\firefox.exe"" http://tcfcompanystore.com/color-block-quarter-zip
PID:3240",C:\Users\jpdz\AppData\Local\Mozilla\Firefox\Profiles\uzjxbbj5.default-release\cache2\entries\6D89348819C8881868053197CA0754F36784BF5F,FileEvent,Write,2021-10-09 16:24:11.199,41842
C:\Users\jpdz\AppData\Local\Mozilla\Firefox\Profiles\uzjxbbj5.default-release\cache2\entries\6D89348819C8881868053197CA0754F36784BF5F,"""C:\Program Files\Mozilla Firefox\firefox.exe"" http://tcfcompanystore.com/color-block-quarter-zip
PID:3240",FileEvent,Read,2021-10-09 16:24:11.191,8378
C:\Users\jpdz\AppData\Roaming\Mozilla\Firefox\Profiles\uzjxbbj5.default-release\storage\permanent\chrome\idb\2823318777ntouromlalnodry--naod.sqlite,"""C:\Program Files\Mozilla Firefox\firefox.exe"" http://tcfcompanystore.com/color-block-quarter-zip
PID:3240",FileEvent,Read,2021-10-09 16:24:11.305,37064
C:\Program Files\Mozilla Firefox\api-ms-win-crt-runtime-l1-1-0.dll,"""C:\Program Files\Mozilla Firefox\firefox.exe"" http://tcfcompanystore.com/color-block-quarter-zip
PID:3240",FileEvent,Read,2021-10-09 16:24:09.352,65536
C:\Users\jpdz\AppData\Roaming\Mozilla\Firefox\Profiles\uzjxbbj5.default-release\content-prefs.sqlite,"""C:\Program Files\Mozilla Firefox\firefox.exe"" http://tcfcompanystore.com/color-block-quarter-zip
PID:3240",FileEvent,Read,2021-10-09 16:24:12.640,65684
"""C:\Program Files\Mozilla Firefox\firefox.exe"" http://tcfcompanystore.com/color-block-quarter-zip
PID:3240",C:\Users\jpdz\AppData\Local\Mozilla\Firefox\Profiles\uzjxbbj5.default-release\cache2\entries\CEA8B767E46C1EB97362B5DC959DC21A0B1B364F,FileEvent,Write,2021-10-09 16:24:14.719,2082
C:\Users\jpdz\AppData\Roaming\Mozilla\Firefox\Profiles\uzjxbbj5.default-release\search.json.mozlz4,"""C:\Program Files\Mozilla Firefox\firefox.exe"" http://tcfcompanystore.com/color-block-quarter-zip
PID:3240",FileEvent,Read,2021-10-09 16:24:09.683,187
"""C:\Program Files\Mozilla Firefox\firefox.exe"" http://tcfcompanystore.com/color-block-quarter-zip
PID:3240",C:\Users\jpdz\AppData\Roaming\Mozilla\Firefox\Profiles\uzjxbbj5.default-release\search.json.mozlz4,FileEvent,Write,2021-10-09 16:24:11.506,187
"""C:\Program Files\Mozilla Firefox\firefox.exe"" http://tcfcompanystore.com/color-block-quarter-zip
PID:3240",125.220.192.143,IpChannelEvent,TcpIpConnect,2021-10-09 16:24:10.8,0
"""C:\Program Files\Mozilla Firefox\firefox.exe"" http://tcfcompanystore.com/color-block-quarter-zip
PID:3240",125.220.192.143,IpChannelEvent,TcpIpSend,2021-10-09 16:24:10.36,602
125.220.192.143,"""C:\Program Files\Mozilla Firefox\firefox.exe"" http://tcfcompanystore.com/color-block-quarter-zip
PID:3240",IpChannelEvent,TcpIpRecv,2021-10-09 16:24:10.36,3666
125.220.192.143,"""C:\Program Files\Mozilla Firefox\firefox.exe"" http://tcfcompanystore.com/color-block-quarter-zip
PID:3240",IpChannelEvent,TcpIpRecv,2021-10-09 16:24:11.579,798
"""C:\Program Files\Mozilla Firefox\firefox.exe"" http://tcfcompanystore.com/color-block-quarter-zip
PID:3240",125.220.192.143,IpChannelEvent,TcpIpSend,2021-10-09 16:24:11.555,657
C:\Users\jpdz\AppData\Local\Mozilla\Firefox\Profiles\uzjxbbj5.default-release\safebrowsing\base-cryptomining-track-digest256.sbstore,"""C:\Program Files\Mozilla Firefox\firefox.exe"" http://tcfcompanystore.com/color-block-quarter-zip
PID:3240",FileEvent,Read,2021-10-09 16:24:11.233,314
C:\Users\jpdz\AppData\Local\Mozilla\Firefox\Profiles\uzjxbbj5.default-release\safebrowsing\social-tracking-protection-linkedin-digest256.sbstore,"""C:\Program Files\Mozilla Firefox\firefox.exe"" http://tcfcompanystore.com/color-block-quarter-zip
PID:3240",FileEvent,Read,2021-10-09 16:24:11.234,244
"""C:\Program Files\Mozilla Firefox\firefox.exe"" http://tcfcompanystore.com/color-block-quarter-zip
PID:3240","""C:\Program Files\Mozilla Firefox\firefox.exe"" -contentproc --channel=""3240.8.1023253207\1441667829"" -childID 3 -isForBrowser -prefsHandle 3528 -prefMapHandle 3524 -prefsLen 9927 -prefMapSize 252743 -jsInit 852 286204 -parentBuildID 20210927210923 -appdir ""C:\Program Files\Mozilla Firefox\browser"" - 3240 ""\\.\pipe\gecko-crash-server-pipe.3240"" 3540 25d488e8 tab
PID:2644",ProcessEvent,Create,2021-10-09 16:24:12.303,
C:\Users\jpdz\AppData\Local\Mozilla\Firefox\Profiles\uzjxbbj5.default-release\safebrowsing\block-flash-digest256.sbstore,"""C:\Program Files\Mozilla Firefox\firefox.exe"" http://tcfcompanystore.com/color-block-quarter-zip
PID:3240",FileEvent,Read,2021-10-09 16:24:11.234,451
C:\Users\jpdz\AppData\Roaming\Mozilla\Firefox\Profiles\uzjxbbj5.default-release\datareporting\state.json,"""C:\Program Files\Mozilla Firefox\firefox.exe"" http://tcfcompanystore.com/color-block-quarter-zip
PID:3240",FileEvent,Read,2021-10-09 16:24:11.206,51
C:\Users\jpdz\AppData\Local\Mozilla\Firefox\Profiles\uzjxbbj5.default-release\safebrowsing\base-fingerprinting-track-digest256.vlpset,"""C:\Program Files\Mozilla Firefox\firefox.exe"" http://tcfcompanystore.com/color-block-quarter-zip
PID:3240",FileEvent,Read,2021-10-09 16:24:10.866,3717
C:\Users\jpdz\AppData\Local\Mozilla\Firefox\Profiles\uzjxbbj5.default-release\safebrowsing\social-tracking-protection-twitter-digest256.sbstore,"""C:\Program Files\Mozilla Firefox\firefox.exe"" http://tcfcompanystore.com/color-block-quarter-zip
PID:3240",FileEvent,Read,2021-10-09 16:24:11.234,247
"""C:\Program Files\Mozilla Firefox\firefox.exe"" http://tcfcompanystore.com/color-block-quarter-zip
PID:3240","""C:\Program Files\Mozilla Firefox\firefox.exe"" -contentproc --channel=""3240.0.1427244935\1866194362"" -parentBuildID 20210927210923 -prefsHandle 1016 -prefMapHandle 1000 -prefsLen 1 -prefMapSize 252743 -appdir ""C:\Program Files\Mozilla Firefox\browser"" - 3240 ""\\.\pipe\gecko-crash-server-pipe.3240"" 1088 d5b1248 gpu
PID:2904",ProcessEvent,Create,2021-10-09 16:24:09.470,
C:\Users\jpdz\AppData\Local\Mozilla\Firefox\Profiles\uzjxbbj5.default-release\safebrowsing\social-tracking-protection-linkedin-digest256.vlpset,"""C:\Program Files\Mozilla Firefox\firefox.exe"" http://tcfcompanystore.com/color-block-quarter-zip
PID:3240",FileEvent,Read,2021-10-09 16:24:10.874,133
"""C:\Program Files\Mozilla Firefox\firefox.exe"" http://tcfcompanystore.com/color-block-quarter-zip
PID:3240",C:\Users\jpdz\AppData\Roaming\Mozilla\Firefox\Profiles\uzjxbbj5.default-release\storage\default\moz-extension+++7b7c287d-b9ee-4c40-99c0-63c5bd847cee^userContextId=4294967295\idb\3647222921wleabcEoxlt-eengsairo.sqlite-wal,FileEvent,Delete,2021-10-09 16:24:12.338,0
"""C:\Program Files\Mozilla Firefox\firefox.exe"" http://tcfcompanystore.com/color-block-quarter-zip
PID:3240",C:\Users\jpdz\AppData\Roaming\Mozilla\Firefox\Profiles\uzjxbbj5.default-release\storage\default\moz-extension+++7b7c287d-b9ee-4c40-99c0-63c5bd847cee^userContextId=4294967295\idb\3647222921wleabcEoxlt-eengsairo.sqlite-wal,FileEvent,Delete,2021-10-09 16:24:24.4,0
"""C:\Program Files\Mozilla Firefox\firefox.exe"" http://tcfcompanystore.com/color-block-quarter-zip
PID:3240",34.107.221.82,IpChannelEvent,TcpIpConnect,2021-10-09 16:24:10.974,0
34.107.221.82,"""C:\Program Files\Mozilla Firefox\firefox.exe"" http://tcfcompanystore.com/color-block-quarter-zip
PID:3240",IpChannelEvent,TcpIpRecv,2021-10-09 16:24:11.151,906
"""C:\Program Files\Mozilla Firefox\firefox.exe"" http://tcfcompanystore.com/color-block-quarter-zip
PID:3240",34.107.221.82,IpChannelEvent,TcpIpSend,2021-10-09 16:24:11.151,999
C:\Users\jpdz\AppData\Local\Mozilla\Firefox\Profiles\uzjxbbj5.default-release\cache2\entries\E863DEE39AB0EF279CE01AF8C128F96010854FC3,"""C:\Program Files\Mozilla Firefox\firefox.exe"" http://tcfcompanystore.com/color-block-quarter-zip
PID:3240",FileEvent,Read,2021-10-09 16:24:11.928,12676
"""C:\Program Files\Mozilla Firefox\firefox.exe"" http://tcfcompanystore.com/color-block-quarter-zip
PID:3240",C:\Users\jpdz\AppData\Local\Mozilla\Firefox\Profiles\uzjxbbj5.default-release\cache2\entries\E863DEE39AB0EF279CE01AF8C128F96010854FC3,FileEvent,Write,2021-10-09 16:24:12.535,38028
C:\Users\jpdz\AppData\Local\Mozilla\Firefox\Profiles\uzjxbbj5.default-release\safebrowsing\mozstd-trackwhite-digest256.vlpset,"""C:\Program Files\Mozilla Firefox\firefox.exe"" http://tcfcompanystore.com/color-block-quarter-zip
PID:3240",FileEvent,Read,2021-10-09 16:24:10.873,655360
C:\Users\jpdz\AppData\Roaming\Mozilla\Firefox\Profiles\uzjxbbj5.default-release\security_state\data.safe.bin,"""C:\Program Files\Mozilla Firefox\firefox.exe"" http://tcfcompanystore.com/color-block-quarter-zip
PID:3240",FileEvent,Read,2021-10-09 16:24:10.39,1222667
C:\Users\jpdz\AppData\Roaming\Mozilla\Firefox\Profiles\uzjxbbj5.default-release\handlers.json,"""C:\Program Files\Mozilla Firefox\firefox.exe"" http://tcfcompanystore.com/color-block-quarter-zip
PID:3240",FileEvent,Read,2021-10-09 16:24:11.280,733
"""C:\Program Files\Mozilla Firefox\firefox.exe"" http://tcfcompanystore.com/color-block-quarter-zip
PID:3240",115.157.63.19,IpChannelEvent,TcpIpConnect,2021-10-09 16:24:12.409,0
115.157.63.19,"""C:\Program Files\Mozilla Firefox\firefox.exe"" http://tcfcompanystore.com/color-block-quarter-zip
PID:3240",IpChannelEvent,TcpIpRecv,2021-10-09 16:24:12.440,10293
"""C:\Program Files\Mozilla Firefox\firefox.exe"" http://tcfcompanystore.com/color-block-quarter-zip
PID:3240",115.157.63.19,IpChannelEvent,TcpIpSend,2021-10-09 16:24:12.440,1187
"""C:\Program Files\Mozilla Firefox\firefox.exe"" http://tcfcompanystore.com/color-block-quarter-zip
PID:3240",127.0.0.1,IpChannelEvent,TcpIpAccept,2021-10-09 16:24:09.428,0
127.0.0.1,"""C:\Program Files\Mozilla Firefox\firefox.exe"" http://tcfcompanystore.com/color-block-quarter-zip
PID:3240",IpChannelEvent,TcpIpRecv,2021-10-09 16:24:09.428,31
127.0.0.1,"""C:\Program Files\Mozilla Firefox\firefox.exe"" http://tcfcompanystore.com/color-block-quarter-zip
PID:3240",IpChannelEvent,TcpIpRecv,2021-10-09 16:24:10.884,709
"""C:\Program Files\Mozilla Firefox\firefox.exe"" http://tcfcompanystore.com/color-block-quarter-zip
PID:3240",C:\Users\jpdz\AppData\Roaming\Mozilla\Firefox\Profiles\uzjxbbj5.default-release\storage\default\moz-extension+++0c3666b5-67b1-4855-b50d-d5fbfc0d2874^userContextId=4294967295\idb\3647222921wleabcEoxlt-eengsairo.sqlite-wal,FileEvent,Delete,2021-10-09 16:24:12.340,0
"""C:\Program Files\Mozilla Firefox\firefox.exe"" http://tcfcompanystore.com/color-block-quarter-zip
PID:3240",C:\Users\jpdz\AppData\Roaming\Mozilla\Firefox\Profiles\uzjxbbj5.default-release\storage\default\moz-extension+++0c3666b5-67b1-4855-b50d-d5fbfc0d2874^userContextId=4294967295\idb\3647222921wleabcEoxlt-eengsairo.sqlite-wal,FileEvent,Delete,2021-10-09 16:24:28.880,0
C:\Users\jpdz\AppData\Roaming\Mozilla\Firefox\Profiles\uzjxbbj5.default-release\storage\default\moz-extension+++0c3666b5-67b1-4855-b50d-d5fbfc0d2874^userContextId=4294967295\idb\3647222921wleabcEoxlt-eengsairo.sqlite-wal,"""C:\Program Files\Mozilla Firefox\firefox.exe"" http://tcfcompanystore.com/color-block-quarter-zip
PID:3240",FileEvent,Read,2021-10-09 16:24:17.973,4096
"""C:\Program Files\Mozilla Firefox\firefox.exe"" http://tcfcompanystore.com/color-block-quarter-zip
PID:3240",C:\Users\jpdz\AppData\Roaming\Mozilla\Firefox\Profiles\uzjxbbj5.default-release\storage\default\moz-extension+++0c3666b5-67b1-4855-b50d-d5fbfc0d2874^userContextId=4294967295\idb\3647222921wleabcEoxlt-eengsairo.sqlite-wal,FileEvent,Write,2021-10-09 16:24:12.736,20560
C:\Users\jpdz\AppData\Local\Mozilla\Firefox\Profiles\uzjxbbj5.default-release\safebrowsing\except-flashallow-digest256.sbstore,"""C:\Program Files\Mozilla Firefox\firefox.exe"" http://tcfcompanystore.com/color-block-quarter-zip
PID:3240",FileEvent,Read,2021-10-09 16:24:11.234,236
C:\Program Files\Mozilla Firefox\api-ms-win-crt-locale-l1-1-0.dll,"""C:\Program Files\Mozilla Firefox\firefox.exe"" http://tcfcompanystore.com/color-block-quarter-zip
PID:3240",FileEvent,Read,2021-10-09 16:24:09.354,65536
C:\Program Files\Mozilla Firefox\mozglue.dll,"""C:\Program Files\Mozilla Firefox\firefox.exe"" http://tcfcompanystore.com/color-block-quarter-zip
PID:3240",FileEvent,Read,2021-10-09 16:24:09.352,589824
"""C:\Program Files\Mozilla Firefox\firefox.exe"" http://tcfcompanystore.com/color-block-quarter-zip
PID:3240",127.0.0.1,IpChannelEvent,TcpIpConnect,2021-10-09 16:24:09.428,0
"""C:\Program Files\Mozilla Firefox\firefox.exe"" http://tcfcompanystore.com/color-block-quarter-zip
PID:3240",127.0.0.1,IpChannelEvent,TcpIpSend,2021-10-09 16:24:09.428,30
"""C:\Program Files\Mozilla Firefox\firefox.exe"" http://tcfcompanystore.com/color-block-quarter-zip
PID:3240",127.0.0.1,IpChannelEvent,TcpIpSend,2021-10-09 16:24:10.884,710
"""C:\Program Files\Mozilla Firefox\firefox.exe"" http://tcfcompanystore.com/color-block-quarter-zip
PID:3240",C:\Users\jpdz\AppData\Local\Mozilla\Firefox\Profiles\uzjxbbj5.default-release\cache2\index,FileEvent,Write,2021-10-09 16:24:09.560,8
C:\Users\jpdz\AppData\Local\Mozilla\Firefox\Profiles\uzjxbbj5.default-release\cache2\index,"""C:\Program Files\Mozilla Firefox\firefox.exe"" http://tcfcompanystore.com/color-block-quarter-zip
PID:3240",FileEvent,Read,2021-10-09 16:24:09.560,348
C:\Program Files\Mozilla Firefox\api-ms-win-crt-math-l1-1-0.dll,"""C:\Program Files\Mozilla Firefox\firefox.exe"" http://tcfcompanystore.com/color-block-quarter-zip
PID:3240",FileEvent,Read,2021-10-09 16:24:09.352,65536
C:\Program Files\Mozilla Firefox\api-ms-win-crt-stdio-l1-1-0.dll,"""C:\Program Files\Mozilla Firefox\firefox.exe"" http://tcfcompanystore.com/color-block-quarter-zip
PID:3240",FileEvent,Read,2021-10-09 16:24:09.352,65536
C:\Users\jpdz\AppData\Roaming\Mozilla\Firefox\Profiles\profiles.log,"""C:\Program Files\Mozilla Firefox\firefox.exe"" http://tcfcompanystore.com/color-block-quarter-zip
PID:3240",FileEvent,Read,2021-10-09 16:24:14.704,16384
"""C:\Program Files\Mozilla Firefox\firefox.exe"" http://tcfcompanystore.com/color-block-quarter-zip
PID:3240",C:\Users\jpdz\AppData\Local\Temp\firefox,FileEvent,Delete,2021-10-09 16:24:09.566,0
C:\Program Files\Mozilla Firefox\api-ms-win-crt-utility-l1-1-0.dll,"""C:\Program Files\Mozilla Firefox\firefox.exe"" http://tcfcompanystore.com/color-block-quarter-zip
PID:3240",FileEvent,Read,2021-10-09 16:24:09.352,65536
"""C:\Program Files\Mozilla Firefox\firefox.exe"" http://tcfcompanystore.com/color-block-quarter-zip
PID:3240",C:\Users\jpdz\AppData\Roaming\Mozilla\Firefox\Profiles\uzjxbbj5.default-release\cookies.sqlite-wal,FileEvent,Delete,2021-10-09 16:24:09.563,0
"""C:\Program Files\Mozilla Firefox\firefox.exe"" http://tcfcompanystore.com/color-block-quarter-zip
PID:3240",C:\Users\jpdz\AppData\Roaming\Mozilla\Firefox\Profiles\uzjxbbj5.default-release\datareporting\glean\tmp\bc260851-e707-4af4-95dc-8a7bba7a5448,FileEvent,Write,2021-10-09 16:24:11.564,1173
C:\Users\jpdz\AppData\Roaming\Mozilla\Firefox\Profiles\UZJXBB~1.DEF\pkcs11.txt,"""C:\Program Files\Mozilla Firefox\firefox.exe"" http://tcfcompanystore.com/color-block-quarter-zip
PID:3240",FileEvent,Read,2021-10-09 16:24:09.706,8192
C:\Program Files\Mozilla Firefox\lgpllibs.dll,"""C:\Program Files\Mozilla Firefox\firefox.exe"" http://tcfcompanystore.com/color-block-quarter-zip
PID:3240",FileEvent,Read,2021-10-09 16:24:09.354,65536
C:\Users\jpdz\AppData\Roaming\Mozilla\Firefox\Profiles\uzjxbbj5.default-release\addonStartup.json.lz4,"""C:\Program Files\Mozilla Firefox\firefox.exe"" http://tcfcompanystore.com/color-block-quarter-zip
PID:3240",FileEvent,Read,2021-10-09 16:24:09.453,5706
C:\Users\jpdz\AppData\Local\Mozilla\Firefox\Profiles\uzjxbbj5.default-release\safebrowsing\block-flash-digest256.vlpset,"""C:\Program Files\Mozilla Firefox\firefox.exe"" http://tcfcompanystore.com/color-block-quarter-zip
PID:3240",FileEvent,Read,2021-10-09 16:24:10.866,6661
C:\Users\jpdz\AppData\Local\Mozilla\Firefox\Profiles\uzjxbbj5.default-release\safebrowsing\except-flashsubdoc-digest256.vlpset,"""C:\Program Files\Mozilla Firefox\firefox.exe"" http://tcfcompanystore.com/color-block-quarter-zip
PID:3240",FileEvent,Read,2021-10-09 16:24:10.866,133
C:\Users\jpdz\AppData\Local\Mozilla\Firefox\Profiles\uzjxbbj5.default-release\cache2\entries\BEEAF9180B0A032DEE75D356EF60C8A42A21E761,"""C:\Program Files\Mozilla Firefox\firefox.exe"" http://tcfcompanystore.com/color-block-quarter-zip
PID:3240",FileEvent,Read,2021-10-09 16:24:11.209,9135
"""C:\Program Files\Mozilla Firefox\firefox.exe"" http://tcfcompanystore.com/color-block-quarter-zip
PID:3240",C:\Users\jpdz\AppData\Local\Mozilla\Firefox\Profiles\uzjxbbj5.default-release\cache2\entries\BEEAF9180B0A032DEE75D356EF60C8A42A21E761,FileEvent,Write,2021-10-09 16:24:11.211,35295
C:\Windows\system32\ExplorerFrame.dll,"""C:\Program Files\Mozilla Firefox\firefox.exe"" http://tcfcompanystore.com/color-block-quarter-zip
PID:3240",FileEvent,Read,2021-10-09 16:24:09.451,1507328
"""C:\Program Files\Mozilla Firefox\firefox.exe"" http://tcfcompanystore.com/color-block-quarter-zip
PID:3240",C:\Users\jpdz\AppData\Roaming\Mozilla\Firefox\Profiles\uzjxbbj5.default-release\datareporting\glean\tmp\1c4b4720-1738-4570-bf2e-7a2ba2a225ee,FileEvent,Write,2021-10-09 16:24:11.561,4416
"""C:\Program Files\Mozilla Firefox\firefox.exe"" http://tcfcompanystore.com/color-block-quarter-zip
PID:3240",121.194.10.78,IpChannelEvent,TcpIpConnect,2021-10-09 16:24:11.120,0
121.194.10.78,"""C:\Program Files\Mozilla Firefox\firefox.exe"" http://tcfcompanystore.com/color-block-quarter-zip
PID:3240",IpChannelEvent,TcpIpRecv,2021-10-09 16:24:11.128,647
"""C:\Program Files\Mozilla Firefox\firefox.exe"" http://tcfcompanystore.com/color-block-quarter-zip
PID:3240",121.194.10.78,IpChannelEvent,TcpIpSend,2021-10-09 16:24:11.128,365
"""C:\Program Files\Mozilla Firefox\firefox.exe"" http://tcfcompanystore.com/color-block-quarter-zip
PID:3240",C:\Users\jpdz\AppData\Local\Mozilla\Firefox\Profiles\uzjxbbj5.default-release\cache2\entries\88D4D55492F8623E4A94F13DD6EBBB052FD45E29,FileEvent,Write,2021-10-09 16:24:11.583,26411
C:\Users\jpdz\AppData\Local\Mozilla\Firefox\Profiles\uzjxbbj5.default-release\safebrowsing\google4\goog-downloadwhite-proto.vlpset,"""C:\Program Files\Mozilla Firefox\firefox.exe"" http://tcfcompanystore.com/color-block-quarter-zip
PID:3240",FileEvent,Read,2021-10-09 16:24:10.871,34085
C:\Users\jpdz\AppData\Roaming\Mozilla\Firefox\Profiles\uzjxbbj5.default-release\serviceworker.txt,"""C:\Program Files\Mozilla Firefox\firefox.exe"" http://tcfcompanystore.com/color-block-quarter-zip
PID:3240",FileEvent,Read,2021-10-09 16:24:09.563,8192
C:\Users\jpdz\AppData\Local\Mozilla\Firefox\Profiles\uzjxbbj5.default-release\settings\main\ms-language-packs\asrouter.ftl,"""C:\Program Files\Mozilla Firefox\firefox.exe"" http://tcfcompanystore.com/color-block-quarter-zip
PID:3240",FileEvent,Read,2021-10-09 16:24:11.945,49957
C:\Users\jpdz\AppData\Local\Mozilla\Firefox\Profiles\uzjxbbj5.default-release\safebrowsing\google4\goog-malware-proto.vlpset,"""C:\Program Files\Mozilla Firefox\firefox.exe"" http://tcfcompanystore.com/color-block-quarter-zip
PID:3240",FileEvent,Read,2021-10-09 16:24:10.872,393216
C:\Users\jpdz\AppData\Roaming\Mozilla\Firefox\Profiles\uzjxbbj5.default-release\storage\default\moz-extension+++0c3666b5-67b1-4855-b50d-d5fbfc0d2874^userContextId=4294967295\idb\3647222921wleabcEoxlt-eengsairo.sqlite,"""C:\Program Files\Mozilla Firefox\firefox.exe"" http://tcfcompanystore.com/color-block-quarter-zip
PID:3240",FileEvent,Read,2021-10-09 16:24:12.338,37064
"""C:\Program Files\Mozilla Firefox\firefox.exe"" http://tcfcompanystore.com/color-block-quarter-zip
PID:3240",C:\Users\jpdz\AppData\Roaming\Mozilla\Firefox\Profiles\uzjxbbj5.default-release\storage\default\moz-extension+++0c3666b5-67b1-4855-b50d-d5fbfc0d2874^userContextId=4294967295\idb\3647222921wleabcEoxlt-eengsairo.sqlite,FileEvent,Write,2021-10-09 16:24:17.973,8192
C:\Program Files\Mozilla Firefox\api-ms-win-crt-heap-l1-1-0.dll,"""C:\Program Files\Mozilla Firefox\firefox.exe"" http://tcfcompanystore.com/color-block-quarter-zip
PID:3240",FileEvent,Read,2021-10-09 16:24:09.352,65536
"""C:\Program Files\Mozilla Firefox\firefox.exe"" -contentproc --channel=""3240.3.253713874\400707373"" -childID 2 -isForBrowser -prefsHandle 2764 -prefMapHandle 2760 -prefsLen 9000 -prefMapSize 252743 -jsInit 852 286204 -parentBuildID 20210927210923 -appdir ""C:\Program Files\Mozilla Firefox\browser"" - 3240 ""\\.\pipe\gecko-crash-server-pipe.3240"" 2776 1fad6f78 tab
PID:2564",127.0.0.1,IpChannelEvent,TcpIpConnect,2021-10-09 16:24:11.355,0
"""C:\Program Files\Mozilla Firefox\firefox.exe"" -contentproc --channel=""3240.3.253713874\400707373"" -childID 2 -isForBrowser -prefsHandle 2764 -prefMapHandle 2760 -prefsLen 9000 -prefMapSize 252743 -jsInit 852 286204 -parentBuildID 20210927210923 -appdir ""C:\Program Files\Mozilla Firefox\browser"" - 3240 ""\\.\pipe\gecko-crash-server-pipe.3240"" 2776 1fad6f78 tab
PID:2564",127.0.0.1,IpChannelEvent,TcpIpSend,2021-10-09 16:24:11.355,46
C:\Windows\Prefetch\FIREFOX.EXE-A606B53C.pf,"""C:\Program Files\Mozilla Firefox\firefox.exe"" -contentproc --channel=""3240.3.253713874\400707373"" -childID 2 -isForBrowser -prefsHandle 2764 -prefMapHandle 2760 -prefsLen 9000 -prefMapSize 252743 -jsInit 852 286204 -parentBuildID 20210927210923 -appdir ""C:\Program Files\Mozilla Firefox\browser"" - 3240 ""\\.\pipe\gecko-crash-server-pipe.3240"" 2776 1fad6f78 tab
PID:2564",FileEvent,Read,2021-10-09 16:24:11.144,61006
C:\Program Files\Mozilla Firefox\dependentlibs.list,"""C:\Program Files\Mozilla Firefox\firefox.exe"" -contentproc --channel=""3240.3.253713874\400707373"" -childID 2 -isForBrowser -prefsHandle 2764 -prefMapHandle 2760 -prefsLen 9000 -prefMapSize 252743 -jsInit 852 286204 -parentBuildID 20210927210923 -appdir ""C:\Program Files\Mozilla Firefox\browser"" - 3240 ""\\.\pipe\gecko-crash-server-pipe.3240"" 2776 1fad6f78 tab
PID:2564",FileEvent,Read,2021-10-09 16:24:11.222,8192
"""C:\Program Files\Mozilla Firefox\firefox.exe"" -contentproc --channel=""3240.3.253713874\400707373"" -childID 2 -isForBrowser -prefsHandle 2764 -prefMapHandle 2760 -prefsLen 9000 -prefMapSize 252743 -jsInit 852 286204 -parentBuildID 20210927210923 -appdir ""C:\Program Files\Mozilla Firefox\browser"" - 3240 ""\\.\pipe\gecko-crash-server-pipe.3240"" 2776 1fad6f78 tab
PID:2564",C:\Users\jpdz\AppData\Local\Temp\mozilla-temp-files\mozilla-temp-41,FileEvent,Write,2021-10-09 16:24:11.971,98304
C:\Users\jpdz\AppData\Local\Temp\mozilla-temp-files\mozilla-temp-41,"""C:\Program Files\Mozilla Firefox\firefox.exe"" -contentproc --channel=""3240.3.253713874\400707373"" -childID 2 -isForBrowser -prefsHandle 2764 -prefMapHandle 2760 -prefsLen 9000 -prefMapSize 252743 -jsInit 852 286204 -parentBuildID 20210927210923 -appdir ""C:\Program Files\Mozilla Firefox\browser"" - 3240 ""\\.\pipe\gecko-crash-server-pipe.3240"" 2776 1fad6f78 tab
PID:2564",FileEvent,Read,2021-10-09 16:24:12.91,14814
"""C:\Program Files\Mozilla Firefox\firefox.exe"" -contentproc --channel=""3240.3.253713874\400707373"" -childID 2 -isForBrowser -prefsHandle 2764 -prefMapHandle 2760 -prefsLen 9000 -prefMapSize 252743 -jsInit 852 286204 -parentBuildID 20210927210923 -appdir ""C:\Program Files\Mozilla Firefox\browser"" - 3240 ""\\.\pipe\gecko-crash-server-pipe.3240"" 2776 1fad6f78 tab
PID:2564",127.0.0.1,IpChannelEvent,TcpIpAccept,2021-10-09 16:24:11.355,0
127.0.0.1,"""C:\Program Files\Mozilla Firefox\firefox.exe"" -contentproc --channel=""3240.3.253713874\400707373"" -childID 2 -isForBrowser -prefsHandle 2764 -prefMapHandle 2760 -prefsLen 9000 -prefMapSize 252743 -jsInit 852 286204 -parentBuildID 20210927210923 -appdir ""C:\Program Files\Mozilla Firefox\browser"" - 3240 ""\\.\pipe\gecko-crash-server-pipe.3240"" 2776 1fad6f78 tab
PID:2564",IpChannelEvent,TcpIpRecv,2021-10-09 16:24:11.355,46
"""C:\Program Files\Mozilla Firefox\firefox.exe"" -contentproc --channel=""3240.1.5422506\120476798"" -childID 1 -isForBrowser -prefsHandle 1760 -prefMapHandle 1776 -prefsLen 3677 -prefMapSize 252743 -jsInit 852 286204 -parentBuildID 20210927210923 -appdir ""C:\Program Files\Mozilla Firefox\browser"" - 3240 ""\\.\pipe\gecko-crash-server-pipe.3240"" 1752 1f181e28 tab
PID:1124",127.0.0.1,IpChannelEvent,TcpIpConnect,2021-10-09 16:24:09.902,0
"""C:\Program Files\Mozilla Firefox\firefox.exe"" -contentproc --channel=""3240.1.5422506\120476798"" -childID 1 -isForBrowser -prefsHandle 1760 -prefMapHandle 1776 -prefsLen 3677 -prefMapSize 252743 -jsInit 852 286204 -parentBuildID 20210927210923 -appdir ""C:\Program Files\Mozilla Firefox\browser"" - 3240 ""\\.\pipe\gecko-crash-server-pipe.3240"" 1752 1f181e28 tab
PID:1124",127.0.0.1,IpChannelEvent,TcpIpSend,2021-10-09 16:24:09.902,2
"""C:\Program Files\Mozilla Firefox\firefox.exe"" -contentproc --channel=""3240.1.5422506\120476798"" -childID 1 -isForBrowser -prefsHandle 1760 -prefMapHandle 1776 -prefsLen 3677 -prefMapSize 252743 -jsInit 852 286204 -parentBuildID 20210927210923 -appdir ""C:\Program Files\Mozilla Firefox\browser"" - 3240 ""\\.\pipe\gecko-crash-server-pipe.3240"" 1752 1f181e28 tab
PID:1124",127.0.0.1,IpChannelEvent,TcpIpSend,2021-10-09 16:24:12.583,11
C:\Windows\Prefetch\FIREFOX.EXE-A606B53C.pf,"""C:\Program Files\Mozilla Firefox\firefox.exe"" -contentproc --channel=""3240.1.5422506\120476798"" -childID 1 -isForBrowser -prefsHandle 1760 -prefMapHandle 1776 -prefsLen 3677 -prefMapSize 252743 -jsInit 852 286204 -parentBuildID 20210927210923 -appdir ""C:\Program Files\Mozilla Firefox\browser"" - 3240 ""\\.\pipe\gecko-crash-server-pipe.3240"" 1752 1f181e28 tab
PID:1124",FileEvent,Read,2021-10-09 16:24:09.786,61006
C:\Program Files\Mozilla Firefox\dependentlibs.list,"""C:\Program Files\Mozilla Firefox\firefox.exe"" -contentproc --channel=""3240.1.5422506\120476798"" -childID 1 -isForBrowser -prefsHandle 1760 -prefMapHandle 1776 -prefsLen 3677 -prefMapSize 252743 -jsInit 852 286204 -parentBuildID 20210927210923 -appdir ""C:\Program Files\Mozilla Firefox\browser"" - 3240 ""\\.\pipe\gecko-crash-server-pipe.3240"" 1752 1f181e28 tab
PID:1124",FileEvent,Read,2021-10-09 16:24:09.805,8192
"""C:\Program Files\Mozilla Firefox\firefox.exe"" -contentproc --channel=""3240.1.5422506\120476798"" -childID 1 -isForBrowser -prefsHandle 1760 -prefMapHandle 1776 -prefsLen 3677 -prefMapSize 252743 -jsInit 852 286204 -parentBuildID 20210927210923 -appdir ""C:\Program Files\Mozilla Firefox\browser"" - 3240 ""\\.\pipe\gecko-crash-server-pipe.3240"" 1752 1f181e28 tab
PID:1124",127.0.0.1,IpChannelEvent,TcpIpAccept,2021-10-09 16:24:09.902,0
127.0.0.1,"""C:\Program Files\Mozilla Firefox\firefox.exe"" -contentproc --channel=""3240.1.5422506\120476798"" -childID 1 -isForBrowser -prefsHandle 1760 -prefMapHandle 1776 -prefsLen 3677 -prefMapSize 252743 -jsInit 852 286204 -parentBuildID 20210927210923 -appdir ""C:\Program Files\Mozilla Firefox\browser"" - 3240 ""\\.\pipe\gecko-crash-server-pipe.3240"" 1752 1f181e28 tab
PID:1124",IpChannelEvent,TcpIpRecv,2021-10-09 16:24:09.902,2
127.0.0.1,"""C:\Program Files\Mozilla Firefox\firefox.exe"" -contentproc --channel=""3240.1.5422506\120476798"" -childID 1 -isForBrowser -prefsHandle 1760 -prefMapHandle 1776 -prefsLen 3677 -prefMapSize 252743 -jsInit 852 286204 -parentBuildID 20210927210923 -appdir ""C:\Program Files\Mozilla Firefox\browser"" - 3240 ""\\.\pipe\gecko-crash-server-pipe.3240"" 1752 1f181e28 tab
PID:1124",IpChannelEvent,TcpIpRecv,2021-10-09 16:24:12.583,11
C:\Windows\Prefetch\FIREFOX.EXE-A606B53C.pf,"""C:\Program Files\Mozilla Firefox\firefox.exe"" -contentproc --channel=""3240.5.951731781\1821481314"" -parentBuildID 20210927210923 -prefsHandle 2828 -prefMapHandle 2380 -prefsLen 9770 -prefMapSize 252743 -appdir ""C:\Program Files\Mozilla Firefox\browser"" - 3240 ""\\.\pipe\gecko-crash-server-pipe.3240"" 2392 d5b0f28 rdd
PID:2308",FileEvent,Read,2021-10-09 16:24:11.924,61006
C:\Program Files\Mozilla Firefox\dependentlibs.list,"""C:\Program Files\Mozilla Firefox\firefox.exe"" -contentproc --channel=""3240.5.951731781\1821481314"" -parentBuildID 20210927210923 -prefsHandle 2828 -prefMapHandle 2380 -prefsLen 9770 -prefMapSize 252743 -appdir ""C:\Program Files\Mozilla Firefox\browser"" - 3240 ""\\.\pipe\gecko-crash-server-pipe.3240"" 2392 d5b0f28 rdd
PID:2308",FileEvent,Read,2021-10-09 16:24:11.971,8192
"""C:\Program Files\Mozilla Firefox\firefox.exe"" -contentproc --channel=""3240.8.1023253207\1441667829"" -childID 3 -isForBrowser -prefsHandle 3528 -prefMapHandle 3524 -prefsLen 9927 -prefMapSize 252743 -jsInit 852 286204 -parentBuildID 20210927210923 -appdir ""C:\Program Files\Mozilla Firefox\browser"" - 3240 ""\\.\pipe\gecko-crash-server-pipe.3240"" 3540 25d488e8 tab
PID:2644",127.0.0.1,IpChannelEvent,TcpIpConnect,2021-10-09 16:24:12.349,0
"""C:\Program Files\Mozilla Firefox\firefox.exe"" -contentproc --channel=""3240.8.1023253207\1441667829"" -childID 3 -isForBrowser -prefsHandle 3528 -prefMapHandle 3524 -prefsLen 9927 -prefMapSize 252743 -jsInit 852 286204 -parentBuildID 20210927210923 -appdir ""C:\Program Files\Mozilla Firefox\browser"" - 3240 ""\\.\pipe\gecko-crash-server-pipe.3240"" 3540 25d488e8 tab
PID:2644",127.0.0.1,IpChannelEvent,TcpIpSend,2021-10-09 16:24:12.349,2
"""C:\Program Files\Mozilla Firefox\firefox.exe"" -contentproc --channel=""3240.8.1023253207\1441667829"" -childID 3 -isForBrowser -prefsHandle 3528 -prefMapHandle 3524 -prefsLen 9927 -prefMapSize 252743 -jsInit 852 286204 -parentBuildID 20210927210923 -appdir ""C:\Program Files\Mozilla Firefox\browser"" - 3240 ""\\.\pipe\gecko-crash-server-pipe.3240"" 3540 25d488e8 tab
PID:2644",127.0.0.1,IpChannelEvent,TcpIpAccept,2021-10-09 16:24:12.349,0
127.0.0.1,"""C:\Program Files\Mozilla Firefox\firefox.exe"" -contentproc --channel=""3240.8.1023253207\1441667829"" -childID 3 -isForBrowser -prefsHandle 3528 -prefMapHandle 3524 -prefsLen 9927 -prefMapSize 252743 -jsInit 852 286204 -parentBuildID 20210927210923 -appdir ""C:\Program Files\Mozilla Firefox\browser"" - 3240 ""\\.\pipe\gecko-crash-server-pipe.3240"" 3540 25d488e8 tab
PID:2644",IpChannelEvent,TcpIpRecv,2021-10-09 16:24:12.349,2
C:\Windows\Prefetch\FIREFOX.EXE-A606B53C.pf,"""C:\Program Files\Mozilla Firefox\firefox.exe"" -contentproc --channel=""3240.8.1023253207\1441667829"" -childID 3 -isForBrowser -prefsHandle 3528 -prefMapHandle 3524 -prefsLen 9927 -prefMapSize 252743 -jsInit 852 286204 -parentBuildID 20210927210923 -appdir ""C:\Program Files\Mozilla Firefox\browser"" - 3240 ""\\.\pipe\gecko-crash-server-pipe.3240"" 3540 25d488e8 tab
PID:2644",FileEvent,Read,2021-10-09 16:24:12.308,61006
C:\Program Files\Mozilla Firefox\dependentlibs.list,"""C:\Program Files\Mozilla Firefox\firefox.exe"" -contentproc --channel=""3240.8.1023253207\1441667829"" -childID 3 -isForBrowser -prefsHandle 3528 -prefMapHandle 3524 -prefsLen 9927 -prefMapSize 252743 -jsInit 852 286204 -parentBuildID 20210927210923 -appdir ""C:\Program Files\Mozilla Firefox\browser"" - 3240 ""\\.\pipe\gecko-crash-server-pipe.3240"" 3540 25d488e8 tab
PID:2644",FileEvent,Read,2021-10-09 16:24:12.320,8192
C:\Windows\Prefetch\FIREFOX.EXE-A606B53C.pf,"""C:\Program Files\Mozilla Firefox\firefox.exe"" -contentproc --channel=""3240.0.1427244935\1866194362"" -parentBuildID 20210927210923 -prefsHandle 1016 -prefMapHandle 1000 -prefsLen 1 -prefMapSize 252743 -appdir ""C:\Program Files\Mozilla Firefox\browser"" - 3240 ""\\.\pipe\gecko-crash-server-pipe.3240"" 1088 d5b1248 gpu
PID:2904",FileEvent,Read,2021-10-09 16:24:09.480,61006
C:\Program Files\Mozilla Firefox\dependentlibs.list,"""C:\Program Files\Mozilla Firefox\firefox.exe"" -contentproc --channel=""3240.0.1427244935\1866194362"" -parentBuildID 20210927210923 -prefsHandle 1016 -prefMapHandle 1000 -prefsLen 1 -prefMapSize 252743 -appdir ""C:\Program Files\Mozilla Firefox\browser"" - 3240 ""\\.\pipe\gecko-crash-server-pipe.3240"" 1088 d5b1248 gpu
PID:2904",FileEvent,Read,2021-10-09 16:24:09.486,8192
