start,end,eventtype,operationtype,time,ref.size
C:\Users\jpdz\AppData\Local\Google\Chrome\User Data\Default\History-journal,"""C:\Program Files\Google\Chrome\Application\chrome.exe"" http://jkhaledbak.temp.swtest.ru/Addon/index.php
PID:3052",FileEvent,Read,2021-10-08 17:15:58.290,8
"""C:\Program Files\Google\Chrome\Application\chrome.exe"" http://jkhaledbak.temp.swtest.ru/Addon/index.php
PID:3052",C:\Users\jpdz\AppData\Local\Google\Chrome\User Data\Default\History-journal,FileEvent,Write,2021-10-08 17:15:48.288,62048
C:\Users\jpdz\AppData\Local\Google\Chrome\User Data\CertificateRevocation\6921\manifest.json,"""C:\Program Files\Google\Chrome\Application\chrome.exe"" http://jkhaledbak.temp.swtest.ru/Addon/index.php
PID:3052",FileEvent,Read,2021-10-08 17:15:46.936,8192
C:\Users\jpdz\AppData\Local\Google\Chrome\User Data\PKIMetadata\51\ct_config.pb,"""C:\Program Files\Google\Chrome\Application\chrome.exe"" http://jkhaledbak.temp.swtest.ru/Addon/index.php
PID:3052",FileEvent,Read,2021-10-08 17:15:51.683,16384
C:\Users\jpdz\AppData\Local\Google\Chrome\User Data\Default\Shortcuts,"""C:\Program Files\Google\Chrome\Application\chrome.exe"" http://jkhaledbak.temp.swtest.ru/Addon/index.php
PID:3052",FileEvent,Read,2021-10-08 17:15:50.891,12388
C:\Users\jpdz\AppData\LocalLow\Microsoft\CryptnetUrlCache\MetaData\24BD96D5497F70B3F510A6B53CD43F3E_3A89246FB90C5EE6620004F1AE0EB0EA,"""C:\Program Files\Google\Chrome\Application\chrome.exe"" http://jkhaledbak.temp.swtest.ru/Addon/index.php
PID:3052",FileEvent,Read,2021-10-08 17:15:47.238,410
C:\Users\jpdz\AppData\Local\Google\Chrome\User Data\Default\shared_proto_db\MANIFEST-000001,"""C:\Program Files\Google\Chrome\Application\chrome.exe"" http://jkhaledbak.temp.swtest.ru/Addon/index.php
PID:3052",FileEvent,Read,2021-10-08 17:15:52.507,32768
"""C:\Program Files\Google\Chrome\Application\chrome.exe"" http://jkhaledbak.temp.swtest.ru/Addon/index.php
PID:3052",C:\Users\jpdz\AppData\Local\Google\Chrome\User Data\chrome_shutdown_ms.txt,FileEvent,Delete,2021-10-08 17:15:50.848,0
C:\Users\jpdz\AppData\Local\Google\Chrome\User Data\chrome_shutdown_ms.txt,"""C:\Program Files\Google\Chrome\Application\chrome.exe"" http://jkhaledbak.temp.swtest.ru/Addon/index.php
PID:3052",FileEvent,Read,2021-10-08 17:15:50.848,8192
C:\Users\jpdz\AppData\Local\Google\Chrome\User Data\PKIMetadata\51\manifest.fingerprint,"""C:\Program Files\Google\Chrome\Application\chrome.exe"" http://jkhaledbak.temp.swtest.ru/Addon/index.php
PID:3052",FileEvent,Read,2021-10-08 17:15:46.937,8192
C:\Users\jpdz\AppData\Local\Google\Chrome\User Data\Default\Web Data,"""C:\Program Files\Google\Chrome\Application\chrome.exe"" http://jkhaledbak.temp.swtest.ru/Addon/index.php
PID:3052",FileEvent,Read,2021-10-08 17:15:46.951,16484
C:\Users\jpdz\AppData\Local\Google\Chrome\User Data\ThirdPartyModuleList32\2018.7.19.1\manifest.fingerprint,"""C:\Program Files\Google\Chrome\Application\chrome.exe"" http://jkhaledbak.temp.swtest.ru/Addon/index.php
PID:3052",FileEvent,Read,2021-10-08 17:15:46.937,8192
"""C:\Program Files\Google\Chrome\Application\chrome.exe"" http://jkhaledbak.temp.swtest.ru/Addon/index.php
PID:3052",C:\Users\jpdz\AppData\Local\Google\Chrome\User Data\Default\Sessions\Tabs_13279209581024935,FileEvent,Write,2021-10-08 17:15:49.522,8452
C:\Windows\System32\mf.dll,"""C:\Program Files\Google\Chrome\Application\chrome.exe"" http://jkhaledbak.temp.swtest.ru/Addon/index.php
PID:3052",FileEvent,Read,2021-10-08 17:15:52.489,4096
C:\Users\jpdz\AppData\Local\Google\Chrome\User Data\Default\Sessions\Session_13279022487986185,"""C:\Program Files\Google\Chrome\Application\chrome.exe"" http://jkhaledbak.temp.swtest.ru/Addon/index.php
PID:3052",FileEvent,Read,2021-10-08 17:15:49.410,3812
C:\Users\jpdz\AppData\Local\Google\Chrome\User Data\SSLErrorAssistant\7\ssl_error_assistant.pb,"""C:\Program Files\Google\Chrome\Application\chrome.exe"" http://jkhaledbak.temp.swtest.ru/Addon/index.php
PID:3052",FileEvent,Read,2021-10-08 17:15:51.682,8192
C:\Users\jpdz\AppData\Local\Google\Chrome\User Data\Default\Sync Data\LevelDB\MANIFEST-000001,"""C:\Program Files\Google\Chrome\Application\chrome.exe"" http://jkhaledbak.temp.swtest.ru/Addon/index.php
PID:3052",FileEvent,Read,2021-10-08 17:15:46.943,32768
"""C:\Program Files\Google\Chrome\Application\chrome.exe"" http://jkhaledbak.temp.swtest.ru/Addon/index.php
PID:3052",C:\Users\jpdz\AppData\Local\Google\Chrome\User Data\Default\History,FileEvent,Write,2021-10-08 17:15:58.780,40960
C:\Users\jpdz\AppData\Local\Google\Chrome\User Data\Default\History,"""C:\Program Files\Google\Chrome\Application\chrome.exe"" http://jkhaledbak.temp.swtest.ru/Addon/index.php
PID:3052",FileEvent,Read,2021-10-08 17:15:46.901,2121976
C:\Users\jpdz\AppData\Local\Google\Chrome\User Data\OptimizationHints\302\manifest.json,"""C:\Program Files\Google\Chrome\Application\chrome.exe"" http://jkhaledbak.temp.swtest.ru/Addon/index.php
PID:3052",FileEvent,Read,2021-10-08 17:15:46.935,8192
"""C:\Program Files\Google\Chrome\Application\chrome.exe"" http://jkhaledbak.temp.swtest.ru/Addon/index.php
PID:3052",C:\Users\jpdz\AppData\Local\Google\Chrome\User Data\Default\GCM Store\Encryption\LOG.old~RF3193c5.TMP,FileEvent,Delete,2021-10-08 17:15:51.741,0
"""C:\Program Files\Google\Chrome\Application\chrome.exe"" http://jkhaledbak.temp.swtest.ru/Addon/index.php
PID:3052",C:\Users\jpdz\AppData\Local\Google\Chrome\User Data\Default\data_reduction_proxy_leveldb\LOG,FileEvent,Write,2021-10-08 17:15:50.854,12514
C:\Users\jpdz\AppData\Local\Google\Chrome\User Data\pnacl\0.57.44.2492\_platform_specific\x86_32\pnacl_public_pnacl_json,"""C:\Program Files\Google\Chrome\Application\chrome.exe"" http://jkhaledbak.temp.swtest.ru/Addon/index.php
PID:3052",FileEvent,Read,2021-10-08 17:15:46.934,8192
C:\Program Files\Google\Chrome\Application\94.0.4606.81\resources.pak,"""C:\Program Files\Google\Chrome\Application\chrome.exe"" http://jkhaledbak.temp.swtest.ru/Addon/index.php
PID:3052",FileEvent,Read,2021-10-08 17:15:50.854,7983104
"""C:\Program Files\Google\Chrome\Application\chrome.exe"" http://jkhaledbak.temp.swtest.ru/Addon/index.php
PID:3052","""C:\Program Files\Google\Chrome\Application\chrome.exe"" --type=utility --utility-sub-type=data_decoder.mojom.DataDecoderService --field-trial-handle=980,3108121270783491000,11252084013312997179,131072 --lang=zh-CN --service-sandbox-type=service --mojo-platform-channel-handle=3176 /prefetch:8
PID:3656",ProcessEvent,Stop,2021-10-08 17:15:51.794,
C:\Users\jpdz\AppData\Local\Google\Chrome\User Data\Default\shared_proto_db\metadata\CURRENT,"""C:\Program Files\Google\Chrome\Application\chrome.exe"" http://jkhaledbak.temp.swtest.ru/Addon/index.php
PID:3052",FileEvent,Read,2021-10-08 17:15:52.504,16384
C:\Users\jpdz\AppData\Local\Google\Chrome\User Data\MEIPreload\1.0.6.0\preloaded_data.pb,"""C:\Program Files\Google\Chrome\Application\chrome.exe"" http://jkhaledbak.temp.swtest.ru/Addon/index.php
PID:3052",FileEvent,Read,2021-10-08 17:15:51.683,12288
C:\Users\jpdz\AppData\Local\Google\Chrome\User Data\Default\GPUCache\index,"""C:\Program Files\Google\Chrome\Application\chrome.exe"" http://jkhaledbak.temp.swtest.ru/Addon/index.php
PID:3052",FileEvent,Read,2021-10-08 17:15:46.958,266608
"""C:\Program Files\Google\Chrome\Application\chrome.exe"" http://jkhaledbak.temp.swtest.ru/Addon/index.php
PID:3052",C:\Users\jpdz\AppData\Local\Google\Chrome\User Data\Default\Code Cache\js\731d3dcdc3992173_0,FileEvent,Write,2021-10-08 17:15:54.835,196488
C:\Windows\system32\ntshrui.dll,"""C:\Program Files\Google\Chrome\Application\chrome.exe"" http://jkhaledbak.temp.swtest.ru/Addon/index.php
PID:3052",FileEvent,Read,2021-10-08 17:15:52.490,28672
C:\Users\jpdz\AppData\Local\Google\Chrome\User Data\DesktopSharingHub\20210813.1\manifest.fingerprint,"""C:\Program Files\Google\Chrome\Application\chrome.exe"" http://jkhaledbak.temp.swtest.ru/Addon/index.php
PID:3052",FileEvent,Read,2021-10-08 17:15:46.938,8192
C:\Users\jpdz\AppData\Local\Google\Chrome\User Data\Default\Code Cache\js\index,"""C:\Program Files\Google\Chrome\Application\chrome.exe"" http://jkhaledbak.temp.swtest.ru/Addon/index.php
PID:3052",FileEvent,Read,2021-10-08 17:15:46.908,24
C:\Users\jpdz\AppData\Local\Google\Chrome\User Data\Default\Bookmarks,"""C:\Program Files\Google\Chrome\Application\chrome.exe"" http://jkhaledbak.temp.swtest.ru/Addon/index.php
PID:3052",FileEvent,Read,2021-10-08 17:15:46.903,8192
C:\Users\jpdz\AppData\Local\Google\Chrome\User Data\GrShaderCache\GPUCache\data_2,"""C:\Program Files\Google\Chrome\Application\chrome.exe"" http://jkhaledbak.temp.swtest.ru/Addon/index.php
PID:3052",FileEvent,Read,2021-10-08 17:15:48.279,8192
C:\Users\jpdz\AppData\Local\Google\Chrome\User Data\Default\Secure Preferences,"""C:\Program Files\Google\Chrome\Application\chrome.exe"" http://jkhaledbak.temp.swtest.ru/Addon/index.php
PID:3052",FileEvent,Read,2021-10-08 17:15:46.894,20480
"""C:\Program Files\Google\Chrome\Application\chrome.exe"" http://jkhaledbak.temp.swtest.ru/Addon/index.php
PID:3052",C:\Users\jpdz\AppData\Local\Google\Chrome\User Data\683ac831-1672-49a2-8703-9f70f8d3beb3.tmp,FileEvent,Write,2021-10-08 17:15:46.933,48969
"""C:\Program Files\Google\Chrome\Application\chrome.exe"" http://jkhaledbak.temp.swtest.ru/Addon/index.php
PID:3052",C:\Users\jpdz\AppData\Local\Google\Chrome\User Data\Default\Feature Engagement Tracker\EventDB\LOG.old~RF3196b3.TMP,FileEvent,Delete,2021-10-08 17:15:52.495,0
C:\Users\jpdz\AppData\Local\Google\Chrome\User Data\Default\data_reduction_proxy_leveldb\CURRENT,"""C:\Program Files\Google\Chrome\Application\chrome.exe"" http://jkhaledbak.temp.swtest.ru/Addon/index.php
PID:3052",FileEvent,Read,2021-10-08 17:15:50.853,16384
C:\Users\jpdz\AppData\LocalLow\Microsoft\CryptnetUrlCache\Content\CAF4703619713E3F18D8A9D5D88D6288_A7725538C46DE2D0088EE44974E2CEBA,"""C:\Program Files\Google\Chrome\Application\chrome.exe"" http://jkhaledbak.temp.swtest.ru/Addon/index.php
PID:3052",FileEvent,Read,2021-10-08 17:15:47.240,724
"""C:\Program Files\Google\Chrome\Application\chrome.exe"" http://jkhaledbak.temp.swtest.ru/Addon/index.php
PID:3052",C:\Users\jpdz\AppData\Local\Google\Chrome\User Data\Default\Local Storage\leveldb\LOG.old~RF318222.TMP,FileEvent,Delete,2021-10-08 17:15:47.228,0
"""C:\Program Files\Google\Chrome\Application\chrome.exe"" http://jkhaledbak.temp.swtest.ru/Addon/index.php
PID:3052",C:\Users\jpdz\AppData\Local\Google\Chrome\User Data\Default\data_reduction_proxy_leveldb\MANIFEST-000008,FileEvent,Delete,2021-10-08 17:15:53.247,0
C:\Users\jpdz\AppData\Local\Google\Chrome\User Data\Default\data_reduction_proxy_leveldb\MANIFEST-000008,"""C:\Program Files\Google\Chrome\Application\chrome.exe"" http://jkhaledbak.temp.swtest.ru/Addon/index.php
PID:3052",FileEvent,Read,2021-10-08 17:15:50.853,32768
"""C:\Program Files\Google\Chrome\Application\chrome.exe"" http://jkhaledbak.temp.swtest.ru/Addon/index.php
PID:3052",C:\Users\jpdz\AppData\Local\Google\Chrome\User Data\Default\4d7475a5-c9b0-499a-bc95-53690ccd44a0.tmp,FileEvent,Write,2021-10-08 17:15:47.54,6998
C:\Users\jpdz\AppData\Local\Google\Chrome\User Data\Subresource Filter\Unindexed Rules\9.30.0\manifest.fingerprint,"""C:\Program Files\Google\Chrome\Application\chrome.exe"" http://jkhaledbak.temp.swtest.ru/Addon/index.php
PID:3052",FileEvent,Read,2021-10-08 17:15:46.935,8192
"""C:\Program Files\Google\Chrome\Application\chrome.exe"" http://jkhaledbak.temp.swtest.ru/Addon/index.php
PID:3052",C:\Users\jpdz\AppData\Local\Google\Chrome\User Data\Default\Code Cache\js\0127ca728c38cdba_0,FileEvent,Write,2021-10-08 17:15:49.76,9758
C:\Users\jpdz\AppData\Local\Google\Chrome\User Data\Default\Code Cache\js\0127ca728c38cdba_0,"""C:\Program Files\Google\Chrome\Application\chrome.exe"" http://jkhaledbak.temp.swtest.ru/Addon/index.php
PID:3052",FileEvent,Read,2021-10-08 17:15:54.836,84
C:\Users\jpdz\AppData\Local\Google\Chrome\User Data\ShaderCache\GPUCache\data_3,"""C:\Program Files\Google\Chrome\Application\chrome.exe"" http://jkhaledbak.temp.swtest.ru/Addon/index.php
PID:3052",FileEvent,Read,2021-10-08 17:15:48.128,8192
C:\Users\jpdz\AppData\Local\Google\Chrome\User Data\Default\shared_proto_db\metadata\MANIFEST-000001,"""C:\Program Files\Google\Chrome\Application\chrome.exe"" http://jkhaledbak.temp.swtest.ru/Addon/index.php
PID:3052",FileEvent,Read,2021-10-08 17:15:52.505,32768
C:\Users\jpdz\AppData\Local\Google\Chrome\User Data\DesktopSharingHub\20210813.1\manifest.json,"""C:\Program Files\Google\Chrome\Application\chrome.exe"" http://jkhaledbak.temp.swtest.ru/Addon/index.php
PID:3052",FileEvent,Read,2021-10-08 17:15:46.938,8192
C:\Users\jpdz\AppData\Local\Google\Chrome\User Data\AutofillRegex\2021.8.17.1300\manifest.fingerprint,"""C:\Program Files\Google\Chrome\Application\chrome.exe"" http://jkhaledbak.temp.swtest.ru/Addon/index.php
PID:3052",FileEvent,Read,2021-10-08 17:15:46.943,8192
C:\Windows\System32\cscui.dll,"""C:\Program Files\Google\Chrome\Application\chrome.exe"" http://jkhaledbak.temp.swtest.ru/Addon/index.php
PID:3052",FileEvent,Read,2021-10-08 17:15:52.491,16384
C:\Users\jpdz\AppData\Local\Google\Chrome\User Data\ZxcvbnData\1\manifest.json,"""C:\Program Files\Google\Chrome\Application\chrome.exe"" http://jkhaledbak.temp.swtest.ru/Addon/index.php
PID:3052",FileEvent,Read,2021-10-08 17:15:46.938,8192
C:\Users\jpdz\AppData\Local\Google\Chrome\User Data\ZxcvbnData\1\manifest.fingerprint,"""C:\Program Files\Google\Chrome\Application\chrome.exe"" http://jkhaledbak.temp.swtest.ru/Addon/index.php
PID:3052",FileEvent,Read,2021-10-08 17:15:46.938,8192
C:\Users\jpdz\AppData\Local\Google\Chrome\User Data\ShaderCache\GPUCache\index,"""C:\Program Files\Google\Chrome\Application\chrome.exe"" http://jkhaledbak.temp.swtest.ru/Addon/index.php
PID:3052",FileEvent,Read,2021-10-08 17:15:48.127,266608
C:\Users\jpdz\AppData\Local\Google\Chrome\User Data\FileTypePolicies\45\download_file_types.pb,"""C:\Program Files\Google\Chrome\Application\chrome.exe"" http://jkhaledbak.temp.swtest.ru/Addon/index.php
PID:3052",FileEvent,Read,2021-10-08 17:15:51.682,12288
C:\Users\jpdz\AppData\Local\Google\Chrome\User Data\ShaderCache\GPUCache\data_1,"""C:\Program Files\Google\Chrome\Application\chrome.exe"" http://jkhaledbak.temp.swtest.ru/Addon/index.php
PID:3052",FileEvent,Read,2021-10-08 17:15:48.128,8704
C:\Users\jpdz\AppData\Local\Google\Chrome\User Data\ShaderCache\GPUCache\data_0,"""C:\Program Files\Google\Chrome\Application\chrome.exe"" http://jkhaledbak.temp.swtest.ru/Addon/index.php
PID:3052",FileEvent,Read,2021-10-08 17:15:48.127,16384
C:\Users\jpdz\AppData\Local\Google\Chrome\User Data\GrShaderCache\GPUCache\data_0,"""C:\Program Files\Google\Chrome\Application\chrome.exe"" http://jkhaledbak.temp.swtest.ru/Addon/index.php
PID:3052",FileEvent,Read,2021-10-08 17:15:48.279,16384
C:\Users\jpdz\AppData\Local\Google\Chrome\User Data\Module Info Cache,"""C:\Program Files\Google\Chrome\Application\chrome.exe"" http://jkhaledbak.temp.swtest.ru/Addon/index.php
PID:3052",FileEvent,Read,2021-10-08 17:15:52.502,77824
"""C:\Program Files\Google\Chrome\Application\chrome.exe"" http://jkhaledbak.temp.swtest.ru/Addon/index.php
PID:3052",C:\Users\jpdz\AppData\Local\Google\Chrome\User Data\Default\Favicons,FileEvent,Write,2021-10-08 17:15:59.330,18432
C:\Users\jpdz\AppData\Local\Google\Chrome\User Data\Default\Favicons,"""C:\Program Files\Google\Chrome\Application\chrome.exe"" http://jkhaledbak.temp.swtest.ru/Addon/index.php
PID:3052",FileEvent,Read,2021-10-08 17:15:46.944,2103396
"""C:\Program Files\Google\Chrome\Application\chrome.exe"" http://jkhaledbak.temp.swtest.ru/Addon/index.php
PID:3052",C:\Users\jpdz\AppData\Local\Google\Chrome\User Data\Default\data_reduction_proxy_leveldb\000009.log,FileEvent,Delete,2021-10-08 17:15:53.247,0
C:\Users\jpdz\AppData\Local\Google\Chrome\User Data\Default\data_reduction_proxy_leveldb\000009.log,"""C:\Program Files\Google\Chrome\Application\chrome.exe"" http://jkhaledbak.temp.swtest.ru/Addon/index.php
PID:3052",FileEvent,Read,2021-10-08 17:15:51.149,32768
C:\Users\jpdz\AppData\Local\Google\Chrome\User Data\MEIPreload\1.0.6.0\manifest.json,"""C:\Program Files\Google\Chrome\Application\chrome.exe"" http://jkhaledbak.temp.swtest.ru/Addon/index.php
PID:3052",FileEvent,Read,2021-10-08 17:15:46.936,8192
"""C:\Program Files\Google\Chrome\Application\chrome.exe"" http://jkhaledbak.temp.swtest.ru/Addon/index.php
PID:3052","""C:\Program Files\Google\Chrome\Application\chrome.exe"" --type=gpu-process --field-trial-handle=980,3108121270783491000,11252084013312997179,131072 --gpu-preferences=UAAAAAAAAADgAAAIAAAAAAAAAAAAAAAAAABgAIAAAAAwAAAAAAAAAAAAAAAAAAAAAAAAAAAAAAAAAAAAAAAAAHgAAAAAAAAAeAAAAAAAAAAoAAAABAAAACAAAAAAAAAAKAAAAAAAAAAwAAAAAAAAADgAAAAAAAAAEAAAAAAAAAAAAAAADQAAABAAAAAAAAAAAQAAAA0AAAAQAAAAAAAAAAQAAAANAAAAEAAAAAAAAAAHAAAADQAAAAgAAAAAAAAACAAAAAAAAAA= --mojo-platform-channel-handle=1056 /prefetch:2
PID:3476",ProcessEvent,Stop,2021-10-08 17:15:48.125,
C:\Users\jpdz\AppData\Local\Google\Chrome\User Data\SwReporter\93.269.200\manifest.json,"""C:\Program Files\Google\Chrome\Application\chrome.exe"" http://jkhaledbak.temp.swtest.ru/Addon/index.php
PID:3052",FileEvent,Read,2021-10-08 17:15:46.937,8192
C:\Program Files\Windows Sidebar\sbdrop.dll,"""C:\Program Files\Google\Chrome\Application\chrome.exe"" http://jkhaledbak.temp.swtest.ru/Addon/index.php
PID:3052",FileEvent,Read,2021-10-08 17:15:52.492,4096
"""C:\Program Files\Google\Chrome\Application\chrome.exe"" http://jkhaledbak.temp.swtest.ru/Addon/index.php
PID:3052","""C:\Program Files\Google\Chrome\Application\chrome.exe"" --type=utility --utility-sub-type=storage.mojom.StorageService --field-trial-handle=980,3108121270783491000,11252084013312997179,131072 --lang=zh-CN --service-sandbox-type=utility --mojo-platform-channel-handle=1504 /prefetch:8
PID:4068",ProcessEvent,Create,2021-10-08 17:15:46.921,
C:\Users\jpdz\AppData\Local\Google\Chrome\User Data\Default\Code Cache\wasm\index,"""C:\Program Files\Google\Chrome\Application\chrome.exe"" http://jkhaledbak.temp.swtest.ru/Addon/index.php
PID:3052",FileEvent,Read,2021-10-08 17:15:46.908,24
"""C:\Program Files\Google\Chrome\Application\chrome.exe"" http://jkhaledbak.temp.swtest.ru/Addon/index.php
PID:3052",C:\Users\jpdz\AppData\Local\Google\Chrome\User Data\Default\data_reduction_proxy_leveldb\CURRENT~RF319915.TMP,FileEvent,Delete,2021-10-08 17:15:53.97,0
C:\Users\jpdz\AppData\Local\Google\Chrome\User Data\Default\GPUCache\data_1,"""C:\Program Files\Google\Chrome\Application\chrome.exe"" http://jkhaledbak.temp.swtest.ru/Addon/index.php
PID:3052",FileEvent,Read,2021-10-08 17:15:46.959,8704
C:\Windows\system32\drivers\etc\hosts,"""C:\Program Files\Google\Chrome\Application\chrome.exe"" http://jkhaledbak.temp.swtest.ru/Addon/index.php
PID:3052",FileEvent,Read,2021-10-08 17:15:46.857,8192
C:\Windows\system32\syncui.dll,"""C:\Program Files\Google\Chrome\Application\chrome.exe"" http://jkhaledbak.temp.swtest.ru/Addon/index.php
PID:3052",FileEvent,Read,2021-10-08 17:15:52.490,16384
C:\Users\jpdz\AppData\LocalLow\Microsoft\CryptnetUrlCache\Content\F07644E38ED7C9F37D11EEC6D4335E02_BE9EEF936EC97838527255B8F50AE885,"""C:\Program Files\Google\Chrome\Application\chrome.exe"" http://jkhaledbak.temp.swtest.ru/Addon/index.php
PID:3052",FileEvent,Read,2021-10-08 17:15:47.241,472
C:\Users\jpdz\AppData\Local\Google\Chrome\User Data\SwReporter\93.269.200\manifest.fingerprint,"""C:\Program Files\Google\Chrome\Application\chrome.exe"" http://jkhaledbak.temp.swtest.ru/Addon/index.php
PID:3052",FileEvent,Read,2021-10-08 17:15:46.937,8192
"""C:\Program Files\Google\Chrome\Application\chrome.exe"" http://jkhaledbak.temp.swtest.ru/Addon/index.php
PID:3052",C:\Users\jpdz\AppData\Local\Google\Chrome\User Data\Default\optimization_guide_model_and_features_store\LOG.old~RF3193c5.TMP,FileEvent,Delete,2021-10-08 17:15:51.737,0
"""C:\Program Files\Google\Chrome\Application\chrome.exe"" http://jkhaledbak.temp.swtest.ru/Addon/index.php
PID:3052",C:\Users\jpdz\AppData\Local\Google\Chrome\User Data\Default\data_reduction_proxy_leveldb\000010.dbtmp,FileEvent,Write,2021-10-08 17:15:52.670,4112
C:\Users\jpdz\AppData\Local\Google\Chrome\User Data\Default\PreferredApps,"""C:\Program Files\Google\Chrome\Application\chrome.exe"" http://jkhaledbak.temp.swtest.ru/Addon/index.php
PID:3052",FileEvent,Read,2021-10-08 17:15:50.848,8192
C:\Users\jpdz\AppData\Local\Google\Chrome\User Data\Default\Site Characteristics Database\000003.log,"""C:\Program Files\Google\Chrome\Application\chrome.exe"" http://jkhaledbak.temp.swtest.ru/Addon/index.php
PID:3052",FileEvent,Read,2021-10-08 17:15:46.912,32768
C:\Users\jpdz\AppData\Local\Google\Chrome\User Data\Crowd Deny\2021.10.11.1142\manifest.fingerprint,"""C:\Program Files\Google\Chrome\Application\chrome.exe"" http://jkhaledbak.temp.swtest.ru/Addon/index.php
PID:3052",FileEvent,Read,2021-10-08 17:15:46.938,8192
C:\Users\jpdz\AppData\Local\Google\Chrome\User Data\Crashpad\settings.dat,"""C:\Program Files\Google\Chrome\Application\chrome.exe"" http://jkhaledbak.temp.swtest.ru/Addon/index.php
PID:3052",FileEvent,Read,2021-10-08 17:15:43.99,160
"""C:\Program Files\Google\Chrome\Application\chrome.exe"" http://jkhaledbak.temp.swtest.ru/Addon/index.php
PID:3052",C:\Users\jpdz\AppData\Local\Google\Chrome\User Data\Crashpad\settings.dat,FileEvent,Write,2021-10-08 17:15:43.100,240
C:\Users\jpdz\AppData\Local\Google\Chrome\User Data\ClientSidePhishing\25.3\manifest.fingerprint,"""C:\Program Files\Google\Chrome\Application\chrome.exe"" http://jkhaledbak.temp.swtest.ru/Addon/index.php
PID:3052",FileEvent,Read,2021-10-08 17:15:46.943,8192
C:\Users\jpdz\AppData\Local\Google\Chrome\User Data\Default\GPUCache\data_2,"""C:\Program Files\Google\Chrome\Application\chrome.exe"" http://jkhaledbak.temp.swtest.ru/Addon/index.php
PID:3052",FileEvent,Read,2021-10-08 17:15:46.960,8192
C:\Users\jpdz\AppData\Local\Google\Chrome\User Data\AutofillStates\2020.11.2.164946\manifest.fingerprint,"""C:\Program Files\Google\Chrome\Application\chrome.exe"" http://jkhaledbak.temp.swtest.ru/Addon/index.php
PID:3052",FileEvent,Read,2021-10-08 17:15:46.942,8192
C:\Users\jpdz\AppData\Local\Google\Chrome\User Data\SSLErrorAssistant\7\manifest.json,"""C:\Program Files\Google\Chrome\Application\chrome.exe"" http://jkhaledbak.temp.swtest.ru/Addon/index.php
PID:3052",FileEvent,Read,2021-10-08 17:15:46.936,8192
C:\Users\jpdz\AppData\Local\Google\Chrome\User Data\hyphen-data\97.0.4673.0\manifest.json,"""C:\Program Files\Google\Chrome\Application\chrome.exe"" http://jkhaledbak.temp.swtest.ru/Addon/index.php
PID:3052",FileEvent,Read,2021-10-08 17:15:46.938,8192
"""C:\Program Files\Google\Chrome\Application\chrome.exe"" http://jkhaledbak.temp.swtest.ru/Addon/index.php
PID:3052",C:\Users\jpdz\AppData\Local\Google\Chrome\User Data\BrowserMetrics\BrowserMetrics-6170176A-BEC.pma,FileEvent,Delete,2021-10-08 17:15:50.847,0
C:\Users\jpdz\AppData\Local\Google\Chrome\User Data\BrowserMetrics\BrowserMetrics-6170176A-BEC.pma,"""C:\Program Files\Google\Chrome\Application\chrome.exe"" http://jkhaledbak.temp.swtest.ru/Addon/index.php
PID:3052",FileEvent,Read,2021-10-08 17:15:46.836,294912
"""C:\Program Files\Google\Chrome\Application\chrome.exe"" http://jkhaledbak.temp.swtest.ru/Addon/index.php
PID:3052",C:\Users\jpdz\AppData\Local\Google\Chrome\User Data\Default\Feature Engagement Tracker\AvailabilityDB\LOG.old~RF3196b3.TMP,FileEvent,Delete,2021-10-08 17:15:52.496,0
C:\Users\jpdz\AppData\Local\Google\Chrome\User Data\OptimizationHints\302\optimization-hints.pb,"""C:\Program Files\Google\Chrome\Application\chrome.exe"" http://jkhaledbak.temp.swtest.ru/Addon/index.php
PID:3052",FileEvent,Read,2021-10-08 17:15:52.588,49152
"""C:\Program Files\Google\Chrome\Application\chrome.exe"" http://jkhaledbak.temp.swtest.ru/Addon/index.php
PID:3052","""C:\Program Files\Google\Chrome\Application\chrome.exe"" --type=renderer --disable-client-side-phishing-detection --cross-origin-webassembly-module-sharing-allowed --display-capture-permissions-policy-allowed --field-trial-handle=980,3108121270783491000,11252084013312997179,131072 --lang=zh-CN --device-scale-factor=1 --num-raster-threads=1 --renderer-client-id=6 --no-v8-untrusted-code-mitigations --mojo-platform-channel-handle=1940 /prefetch:1
PID:300",ProcessEvent,Create,2021-10-08 17:15:46.990,
C:\Users\jpdz\AppData\Local\Google\Chrome\User Data\Default\Extension State\000003.log,"""C:\Program Files\Google\Chrome\Application\chrome.exe"" http://jkhaledbak.temp.swtest.ru/Addon/index.php
PID:3052",FileEvent,Read,2021-10-08 17:15:47.224,32768
C:\Users\jpdz\AppData\Local\Google\Chrome\User Data\Default\GCM Store\Encryption\MANIFEST-000001,"""C:\Program Files\Google\Chrome\Application\chrome.exe"" http://jkhaledbak.temp.swtest.ru/Addon/index.php
PID:3052",FileEvent,Read,2021-10-08 17:15:51.741,32768
"""C:\Program Files\Google\Chrome\Application\chrome.exe"" http://jkhaledbak.temp.swtest.ru/Addon/index.php
PID:3052",C:\Users\jpdz\AppData\Local\Google\Chrome\User Data\Default\Extension State\LOG,FileEvent,Write,2021-10-08 17:15:47.224,493
C:\Users\jpdz\AppData\Local\Google\Chrome\User Data\SSLErrorAssistant\7\manifest.fingerprint,"""C:\Program Files\Google\Chrome\Application\chrome.exe"" http://jkhaledbak.temp.swtest.ru/Addon/index.php
PID:3052",FileEvent,Read,2021-10-08 17:15:46.936,8192
C:\Users\jpdz\AppData\Local\Google\Chrome\User Data\Default\GPUCache\data_3,"""C:\Program Files\Google\Chrome\Application\chrome.exe"" http://jkhaledbak.temp.swtest.ru/Addon/index.php
PID:3052",FileEvent,Read,2021-10-08 17:15:46.960,8192
C:\Users\jpdz\AppData\Local\Google\Chrome\User Data\Default\Extension State\CURRENT,"""C:\Program Files\Google\Chrome\Application\chrome.exe"" http://jkhaledbak.temp.swtest.ru/Addon/index.php
PID:3052",FileEvent,Read,2021-10-08 17:15:47.224,16384
C:\Users\jpdz\AppData\LocalLow\Microsoft\CryptnetUrlCache\MetaData\F07644E38ED7C9F37D11EEC6D4335E02_BE9EEF936EC97838527255B8F50AE885,"""C:\Program Files\Google\Chrome\Application\chrome.exe"" http://jkhaledbak.temp.swtest.ru/Addon/index.php
PID:3052",FileEvent,Read,2021-10-08 17:15:47.241,406
C:\Users\jpdz\AppData\Local\Google\Chrome\User Data\SafetyTips\2716\safety_tips.pb,"""C:\Program Files\Google\Chrome\Application\chrome.exe"" http://jkhaledbak.temp.swtest.ru/Addon/index.php
PID:3052",FileEvent,Read,2021-10-08 17:15:51.684,53248
"""C:\Program Files\Google\Chrome\Application\chrome.exe"" http://jkhaledbak.temp.swtest.ru/Addon/index.php
PID:3052",C:\Users\jpdz\AppData\Local\Google\Chrome\User Data\Local State~RF31ac7d.TMP,FileEvent,Delete,2021-10-08 17:15:58.110,0
C:\Program Files\Google\Chrome\Application\94.0.4606.81\chrome_100_percent.pak,"""C:\Program Files\Google\Chrome\Application\chrome.exe"" http://jkhaledbak.temp.swtest.ru/Addon/index.php
PID:3052",FileEvent,Read,2021-10-08 17:15:50.884,679936
C:\Windows\Prefetch\CHROME.EXE-5A1054AF.pf,"""C:\Program Files\Google\Chrome\Application\chrome.exe"" http://jkhaledbak.temp.swtest.ru/Addon/index.php
PID:3052",FileEvent,Read,2021-10-08 17:15:42.349,18170
C:\Users\jpdz\AppData\Local\Google\Chrome\User Data\FileTypePolicies\45\manifest.fingerprint,"""C:\Program Files\Google\Chrome\Application\chrome.exe"" http://jkhaledbak.temp.swtest.ru/Addon/index.php
PID:3052",FileEvent,Read,2021-10-08 17:15:46.936,8192
C:\Users\jpdz\AppData\Local\Google\Chrome\User Data\CertificateRevocation\6921\crl-set,"""C:\Program Files\Google\Chrome\Application\chrome.exe"" http://jkhaledbak.temp.swtest.ru/Addon/index.php
PID:3052",FileEvent,Read,2021-10-08 17:15:51.683,28672
C:\Users\jpdz\AppData\Local\Google\Chrome\User Data\Default\Sync Data\LevelDB\CURRENT,"""C:\Program Files\Google\Chrome\Application\chrome.exe"" http://jkhaledbak.temp.swtest.ru/Addon/index.php
PID:3052",FileEvent,Read,2021-10-08 17:15:46.943,16384
"""C:\Program Files\Google\Chrome\Application\chrome.exe"" http://jkhaledbak.temp.swtest.ru/Addon/index.php
PID:3052",C:\Users\jpdz\AppData\Local\Google\Chrome\User Data\Last Version,FileEvent,Write,2021-10-08 17:15:46.880,12
C:\Users\jpdz\AppData\Local\Google\Chrome\User Data\Last Version,"""C:\Program Files\Google\Chrome\Application\chrome.exe"" http://jkhaledbak.temp.swtest.ru/Addon/index.php
PID:3052",FileEvent,Read,2021-10-08 17:15:46.880,8192
"""C:\Program Files\Google\Chrome\Application\chrome.exe"" http://jkhaledbak.temp.swtest.ru/Addon/index.php
PID:3052",C:\Users\jpdz\AppData\Local\Google\Chrome\User Data\Default\shared_proto_db\LOG.old~RF3196c3.TMP,FileEvent,Delete,2021-10-08 17:15:52.506,0
"""C:\Program Files\Google\Chrome\Application\chrome.exe"" http://jkhaledbak.temp.swtest.ru/Addon/index.php
PID:3052",C:\Users\jpdz\AppData\Local\Google\Chrome\User Data\Default\2fcc067a-e85c-4e1d-99b7-b75fc5e0e819.tmp,FileEvent,Write,2021-10-08 17:15:57.34,7239
C:\Users\jpdz\AppData\Local\Google\Chrome\User Data\ThirdPartyModuleList32\2018.7.19.1\manifest.json,"""C:\Program Files\Google\Chrome\Application\chrome.exe"" http://jkhaledbak.temp.swtest.ru/Addon/index.php
PID:3052",FileEvent,Read,2021-10-08 17:15:46.937,8192
C:\Users\jpdz\AppData\Local\Google\Chrome\User Data\Default\Login Data For Account,"""C:\Program Files\Google\Chrome\Application\chrome.exe"" http://jkhaledbak.temp.swtest.ru/Addon/index.php
PID:3052",FileEvent,Read,2021-10-08 17:15:46.946,12388
C:\Program Files\Google\Chrome\Application\94.0.4606.81\chrome_200_percent.pak,"""C:\Program Files\Google\Chrome\Application\chrome.exe"" http://jkhaledbak.temp.swtest.ru/Addon/index.php
PID:3052",FileEvent,Read,2021-10-08 17:15:50.887,1056768
C:\Users\jpdz\AppData\Local\Google\Chrome\User Data\PKIMetadata\51\manifest.json,"""C:\Program Files\Google\Chrome\Application\chrome.exe"" http://jkhaledbak.temp.swtest.ru/Addon/index.php
PID:3052",FileEvent,Read,2021-10-08 17:15:46.937,8192
C:\Users\jpdz\AppData\Local\Google\Chrome\User Data\ZxcvbnData\1\us_tv_and_film.txt,"""C:\Program Files\Google\Chrome\Application\chrome.exe"" http://jkhaledbak.temp.swtest.ru/Addon/index.php
PID:3052",FileEvent,Read,2021-10-08 17:15:51.687,172032
C:\Users\jpdz\AppData\Local\Google\Chrome\User Data\Default\Login Data,"""C:\Program Files\Google\Chrome\Application\chrome.exe"" http://jkhaledbak.temp.swtest.ru/Addon/index.php
PID:3052",FileEvent,Read,2021-10-08 17:15:46.934,12388
"""C:\Program Files\Google\Chrome\Application\chrome.exe"" http://jkhaledbak.temp.swtest.ru/Addon/index.php
PID:3052",C:\Users\jpdz\AppData\Local\Google\Chrome\User Data\Default\blob_storage\e2d218cb-e870-449a-9367-24384cf9c19a,FileEvent,Delete,2021-10-08 17:15:50.843,0
C:\Users\jpdz\AppData\Local\Google\Chrome\User Data\Default\Favicons-journal,"""C:\Program Files\Google\Chrome\Application\chrome.exe"" http://jkhaledbak.temp.swtest.ru/Addon/index.php
PID:3052",FileEvent,Read,2021-10-08 17:15:59.138,8
"""C:\Program Files\Google\Chrome\Application\chrome.exe"" http://jkhaledbak.temp.swtest.ru/Addon/index.php
PID:3052",C:\Users\jpdz\AppData\Local\Google\Chrome\User Data\Default\Favicons-journal,FileEvent,Write,2021-10-08 17:15:50.69,33368
C:\Users\jpdz\AppData\Local\Google\Chrome\User Data\Default\Network Action Predictor,"""C:\Program Files\Google\Chrome\Application\chrome.exe"" http://jkhaledbak.temp.swtest.ru/Addon/index.php
PID:3052",FileEvent,Read,2021-10-08 17:15:50.892,2101348
C:\Users\jpdz\AppData\Local\Google\Chrome\User Data\CertificateRevocation\6921\manifest.fingerprint,"""C:\Program Files\Google\Chrome\Application\chrome.exe"" http://jkhaledbak.temp.swtest.ru/Addon/index.php
PID:3052",FileEvent,Read,2021-10-08 17:15:46.936,8192
C:\Users\jpdz\AppData\Local\Google\Chrome\User Data\Default\shared_proto_db\CURRENT,"""C:\Program Files\Google\Chrome\Application\chrome.exe"" http://jkhaledbak.temp.swtest.ru/Addon/index.php
PID:3052",FileEvent,Read,2021-10-08 17:15:52.507,16384
C:\Users\jpdz\AppData\Local\Google\Chrome\User Data\AutofillRegex\2021.8.17.1300\manifest.json,"""C:\Program Files\Google\Chrome\Application\chrome.exe"" http://jkhaledbak.temp.swtest.ru/Addon/index.php
PID:3052",FileEvent,Read,2021-10-08 17:15:46.943,8192
C:\Users\jpdz\AppData\Local\Google\Chrome\User Data\Crowd Deny\2021.10.11.1142\Preload Data,"""C:\Program Files\Google\Chrome\Application\chrome.exe"" http://jkhaledbak.temp.swtest.ru/Addon/index.php
PID:3052",FileEvent,Read,2021-10-08 17:15:47.23,20480
C:\Windows\system32\spool\drivers\color\sRGB Color Space Profile.icm,"""C:\Program Files\Google\Chrome\Application\chrome.exe"" http://jkhaledbak.temp.swtest.ru/Addon/index.php
PID:3052",FileEvent,Read,2021-10-08 17:15:47.6,8192
C:\Users\jpdz\AppData\Local\Google\Chrome\User Data\OriginTrials\1.0.0.9\manifest.fingerprint,"""C:\Program Files\Google\Chrome\Application\chrome.exe"" http://jkhaledbak.temp.swtest.ru/Addon/index.php
PID:3052",FileEvent,Read,2021-10-08 17:15:46.936,8192
"""C:\Program Files\Google\Chrome\Application\chrome.exe"" http://jkhaledbak.temp.swtest.ru/Addon/index.php
PID:3052","""C:\Program Files\Google\Chrome\Application\chrome.exe"" --type=utility --utility-sub-type=data_decoder.mojom.DataDecoderService --field-trial-handle=980,3108121270783491000,11252084013312997179,131072 --lang=zh-CN --service-sandbox-type=service --mojo-platform-channel-handle=3176 /prefetch:8
PID:3656",ProcessEvent,Create,2021-10-08 17:15:51.732,
"""C:\Program Files\Google\Chrome\Application\chrome.exe"" http://jkhaledbak.temp.swtest.ru/Addon/index.php
PID:3052",C:\Users\jpdz\AppData\Local\Google\Chrome\User Data\Default\Extension State\LOG.old~RF318185.TMP,FileEvent,Delete,2021-10-08 17:15:47.223,0
C:\Users\jpdz\AppData\LocalLow\Microsoft\CryptnetUrlCache\MetaData\CAF4703619713E3F18D8A9D5D88D6288_A7725538C46DE2D0088EE44974E2CEBA,"""C:\Program Files\Google\Chrome\Application\chrome.exe"" http://jkhaledbak.temp.swtest.ru/Addon/index.php
PID:3052",FileEvent,Read,2021-10-08 17:15:47.240,392
"""C:\Program Files\Google\Chrome\Application\chrome.exe"" http://jkhaledbak.temp.swtest.ru/Addon/index.php
PID:3052",C:\Users\jpdz\AppData\Local\Google\Chrome\User Data\Default\Sync Data\LevelDB\LOG.old~RF3180f9.TMP,FileEvent,Delete,2021-10-08 17:15:46.924,0
C:\Users\jpdz\AppData\Local\Google\Chrome\User Data\Default\GCM Store\Encryption\000003.log,"""C:\Program Files\Google\Chrome\Application\chrome.exe"" http://jkhaledbak.temp.swtest.ru/Addon/index.php
PID:3052",FileEvent,Read,2021-10-08 17:15:52.437,32768
C:\Program Files\Google\Chrome\Application\94.0.4606.81\chrome.dll,"""C:\Program Files\Google\Chrome\Application\chrome.exe"" http://jkhaledbak.temp.swtest.ru/Addon/index.php
PID:3052",FileEvent,Read,2021-10-08 17:15:43.102,150994944
C:\Users\jpdz\AppData\Local\Google\Chrome\User Data\TrustTokenKeyCommitments\2021.10.17.2\manifest.fingerprint,"""C:\Program Files\Google\Chrome\Application\chrome.exe"" http://jkhaledbak.temp.swtest.ru/Addon/index.php
PID:3052",FileEvent,Read,2021-10-08 17:15:46.936,8192
"""C:\Program Files\Google\Chrome\Application\chrome.exe"" http://jkhaledbak.temp.swtest.ru/Addon/index.php
PID:3052",C:\Users\jpdz\AppData\Local\Google\Chrome\User Data\Default\optimization_guide_hint_cache_store\LOG.old~RF3193c5.TMP,FileEvent,Delete,2021-10-08 17:15:51.736,0
"""C:\Program Files\Google\Chrome\Application\chrome.exe"" http://jkhaledbak.temp.swtest.ru/Addon/index.php
PID:3052",C:\Users\jpdz\AppData\Local\Google\Chrome\User Data\Last Browser,FileEvent,Write,2021-10-08 17:15:50.893,106
C:\Windows\system32\EhStorShell.dll,"""C:\Program Files\Google\Chrome\Application\chrome.exe"" http://jkhaledbak.temp.swtest.ru/Addon/index.php
PID:3052",FileEvent,Read,2021-10-08 17:15:52.492,4096
"""C:\Program Files\Google\Chrome\Application\chrome.exe"" http://jkhaledbak.temp.swtest.ru/Addon/index.php
PID:3052",C:\Users\jpdz\AppData\Local\Google\Chrome\User Data\BrowserMetrics\BrowserMetrics-616D3BAE-F30.pma,FileEvent,Delete,2021-10-08 17:15:50.846,0
C:\Users\jpdz\AppData\Local\Google\Chrome\User Data\Floc\1.0.6\manifest.json,"""C:\Program Files\Google\Chrome\Application\chrome.exe"" http://jkhaledbak.temp.swtest.ru/Addon/index.php
PID:3052",FileEvent,Read,2021-10-08 17:15:46.935,8192
C:\Users\jpdz\AppData\Local\Google\Chrome\User Data\Default\Extension State\MANIFEST-000001,"""C:\Program Files\Google\Chrome\Application\chrome.exe"" http://jkhaledbak.temp.swtest.ru/Addon/index.php
PID:3052",FileEvent,Read,2021-10-08 17:15:47.224,32768
C:\Windows\system32\colorui.dll,"""C:\Program Files\Google\Chrome\Application\chrome.exe"" http://jkhaledbak.temp.swtest.ru/Addon/index.php
PID:3052",FileEvent,Read,2021-10-08 17:15:52.494,4096
"""C:\Program Files\Google\Chrome\Application\chrome.exe"" http://jkhaledbak.temp.swtest.ru/Addon/index.php
PID:3052",C:\Users\jpdz\AppData\Local\Google\Chrome\User Data\Default\shared_proto_db\metadata\LOG,FileEvent,Write,2021-10-08 17:15:52.505,520
C:\Users\jpdz\AppData\Local\Google\Chrome\User Data\OriginTrials\1.0.0.9\manifest.json,"""C:\Program Files\Google\Chrome\Application\chrome.exe"" http://jkhaledbak.temp.swtest.ru/Addon/index.php
PID:3052",FileEvent,Read,2021-10-08 17:15:46.936,8192
C:\Windows\system32\cryptext.dll,"""C:\Program Files\Google\Chrome\Application\chrome.exe"" http://jkhaledbak.temp.swtest.ru/Addon/index.php
PID:3052",FileEvent,Read,2021-10-08 17:15:52.492,4096
C:\Users\jpdz\AppData\Local\Google\Chrome\User Data\Default\Preferences,"""C:\Program Files\Google\Chrome\Application\chrome.exe"" http://jkhaledbak.temp.swtest.ru/Addon/index.php
PID:3052",FileEvent,Read,2021-10-08 17:15:46.893,12288
"""C:\Program Files\Google\Chrome\Application\chrome.exe"" http://jkhaledbak.temp.swtest.ru/Addon/index.php
PID:3052","""C:\Program Files\Google\Chrome\Application\chrome.exe"" --type=gpu-process --field-trial-handle=980,3108121270783491000,11252084013312997179,131072 --gpu-preferences=UAAAAAAAAADgAAAIAAAAAAAAAAAAAAAAAABgAIAAAAAwAAAAAAAAAAAAAAAAAAAAAAAAAAAAAAAAAAAAAAAAAHgAAAAAAAAAeAAAAAAAAAAoAAAABAAAACAAAAAAAAAAKAAAAAAAAAAwAAAAAAAAADgAAAAAAAAAEAAAAAAAAAAAAAAADQAAABAAAAAAAAAAAQAAAA0AAAAQAAAAAAAAAAQAAAANAAAAEAAAAAAAAAAHAAAADQAAAAgAAAAAAAAACAAAAAAAAAA= --mojo-platform-channel-handle=1056 /prefetch:2
PID:3476",ProcessEvent,Create,2021-10-08 17:15:46.861,
C:\Users\jpdz\AppData\Local\Google\Chrome\User Data\Default\GPUCache\data_0,"""C:\Program Files\Google\Chrome\Application\chrome.exe"" http://jkhaledbak.temp.swtest.ru/Addon/index.php
PID:3052",FileEvent,Read,2021-10-08 17:15:46.959,16384
"""C:\Program Files\Google\Chrome\Application\chrome.exe"" http://jkhaledbak.temp.swtest.ru/Addon/index.php
PID:3052",C:\Users\jpdz\AppData\Local\Google\Chrome\User Data\Default\BudgetDatabase\LOG.old~RF3196b3.TMP,FileEvent,Delete,2021-10-08 17:15:52.498,0
C:\Users\jpdz\AppData\Local\Google\Chrome\User Data\AutofillStates\2020.11.2.164946\manifest.json,"""C:\Program Files\Google\Chrome\Application\chrome.exe"" http://jkhaledbak.temp.swtest.ru/Addon/index.php
PID:3052",FileEvent,Read,2021-10-08 17:15:46.938,8192
C:\Users\jpdz\AppData\Local\Google\Chrome\User Data\Default\Sessions\Tabs_13279022482387234,"""C:\Program Files\Google\Chrome\Application\chrome.exe"" http://jkhaledbak.temp.swtest.ru/Addon/index.php
PID:3052",FileEvent,Read,2021-10-08 17:15:46.933,5708
"""C:\Program Files\Google\Chrome\Application\chrome.exe"" http://jkhaledbak.temp.swtest.ru/Addon/index.php
PID:3052",C:\Users\jpdz\AppData\Local\Google\Chrome\User Data\Default\Sync Data\LevelDB\LOG,FileEvent,Write,2021-10-08 17:15:46.944,499
C:\Users\jpdz\AppData\Local\Google\Chrome\User Data\hyphen-data\97.0.4673.0\manifest.fingerprint,"""C:\Program Files\Google\Chrome\Application\chrome.exe"" http://jkhaledbak.temp.swtest.ru/Addon/index.php
PID:3052",FileEvent,Read,2021-10-08 17:15:46.938,8192
"""C:\Program Files\Google\Chrome\Application\chrome.exe"" http://jkhaledbak.temp.swtest.ru/Addon/index.php
PID:3052","""C:\Program Files\Google\Chrome\Application\chrome.exe"" --type=renderer --disable-client-side-phishing-detection --cross-origin-webassembly-module-sharing-allowed --display-capture-permissions-policy-allowed --field-trial-handle=980,3108121270783491000,11252084013312997179,131072 --lang=zh-CN --device-scale-factor=1 --num-raster-threads=1 --renderer-client-id=5 --no-v8-untrusted-code-mitigations --mojo-platform-channel-handle=1968 /prefetch:1
PID:3392",ProcessEvent,Create,2021-10-08 17:15:47.31,
C:\Users\jpdz\AppData\Local\Google\Chrome\User Data\Subresource Filter\Unindexed Rules\9.30.0\manifest.json,"""C:\Program Files\Google\Chrome\Application\chrome.exe"" http://jkhaledbak.temp.swtest.ru/Addon/index.php
PID:3052",FileEvent,Read,2021-10-08 17:15:46.935,8192
C:\Users\jpdz\AppData\Local\Google\Chrome\User Data\OptimizationHints\302\manifest.fingerprint,"""C:\Program Files\Google\Chrome\Application\chrome.exe"" http://jkhaledbak.temp.swtest.ru/Addon/index.php
PID:3052",FileEvent,Read,2021-10-08 17:15:46.935,8192
C:\Users\jpdz\AppData\Local\Google\Chrome\User Data\FontLookupTableCache\font_unique_name_table.pb,"""C:\Program Files\Google\Chrome\Application\chrome.exe"" http://jkhaledbak.temp.swtest.ru/Addon/index.php
PID:3052",FileEvent,Read,2021-10-08 17:15:51.679,24
C:\Users\jpdz\AppData\Local\Google\Chrome\User Data\Default\shared_proto_db\metadata\000003.log,"""C:\Program Files\Google\Chrome\Application\chrome.exe"" http://jkhaledbak.temp.swtest.ru/Addon/index.php
PID:3052",FileEvent,Read,2021-10-08 17:15:52.505,32768
"""C:\Program Files\Google\Chrome\Application\chrome.exe"" http://jkhaledbak.temp.swtest.ru/Addon/index.php
PID:3052",C:\Users\jpdz\AppData\Local\Google\Chrome\User Data\Default\shared_proto_db\metadata\000003.log,FileEvent,Write,2021-10-08 17:15:52.508,61
C:\Users\jpdz\AppData\Local\Google\Chrome\User Data\ShaderCache\GPUCache\data_2,"""C:\Program Files\Google\Chrome\Application\chrome.exe"" http://jkhaledbak.temp.swtest.ru/Addon/index.php
PID:3052",FileEvent,Read,2021-10-08 17:15:48.128,8192
C:\Users\jpdz\AppData\Local\Google\Chrome\User Data\TrustTokenKeyCommitments\2021.10.17.2\manifest.json,"""C:\Program Files\Google\Chrome\Application\chrome.exe"" http://jkhaledbak.temp.swtest.ru/Addon/index.php
PID:3052",FileEvent,Read,2021-10-08 17:15:46.935,8192
C:\Users\jpdz\AppData\Local\Google\Chrome\User Data\SafetyTips\2716\manifest.fingerprint,"""C:\Program Files\Google\Chrome\Application\chrome.exe"" http://jkhaledbak.temp.swtest.ru/Addon/index.php
PID:3052",FileEvent,Read,2021-10-08 17:15:46.937,8192
C:\Users\jpdz\AppData\Local\Google\Chrome\User Data\Local State,"""C:\Program Files\Google\Chrome\Application\chrome.exe"" http://jkhaledbak.temp.swtest.ru/Addon/index.php
PID:3052",FileEvent,Read,2021-10-08 17:15:46.827,53248
"""C:\Program Files\Google\Chrome\Application\chrome.exe"" http://jkhaledbak.temp.swtest.ru/Addon/index.php
PID:3052",C:\Users\jpdz\AppData\Local\Google\Chrome\User Data\Local State~RF318222.TMP,FileEvent,Delete,2021-10-08 17:15:47.219,0
C:\Users\jpdz\AppData\Local\Google\Chrome\User Data\Default\Sync Data\LevelDB\000003.log,"""C:\Program Files\Google\Chrome\Application\chrome.exe"" http://jkhaledbak.temp.swtest.ru/Addon/index.php
PID:3052",FileEvent,Read,2021-10-08 17:15:46.944,32768
"""C:\Program Files\Google\Chrome\Application\chrome.exe"" http://jkhaledbak.temp.swtest.ru/Addon/index.php
PID:3052",C:\Users\jpdz\AppData\Local\Google\Chrome\User Data\Default\Sessions\Session_13279209580913522,FileEvent,Write,2021-10-08 17:15:49.411,26217
"""C:\Program Files\Google\Chrome\Application\chrome.exe"" http://jkhaledbak.temp.swtest.ru/Addon/index.php
PID:3052",C:\Users\jpdz\AppData\Local\Google\Chrome\User Data\aece768a-be26-46c4-ba4e-21a971dd08be.tmp,FileEvent,Write,2021-10-08 17:15:56.958,88373
C:\Users\jpdz\AppData\Local\Google\Chrome\User Data\ZxcvbnData\1\english_wikipedia.txt,"""C:\Program Files\Google\Chrome\Application\chrome.exe"" http://jkhaledbak.temp.swtest.ru/Addon/index.php
PID:3052",FileEvent,Read,2021-10-08 17:15:51.686,282624
C:\Users\jpdz\AppData\Local\Google\Chrome\User Data\SafetyTips\2716\manifest.json,"""C:\Program Files\Google\Chrome\Application\chrome.exe"" http://jkhaledbak.temp.swtest.ru/Addon/index.php
PID:3052",FileEvent,Read,2021-10-08 17:15:46.937,8192
C:\Users\jpdz\AppData\Local\Google\Chrome\User Data\FileTypePolicies\45\manifest.json,"""C:\Program Files\Google\Chrome\Application\chrome.exe"" http://jkhaledbak.temp.swtest.ru/Addon/index.php
PID:3052",FileEvent,Read,2021-10-08 17:15:46.936,8192
"""C:\Program Files\Google\Chrome\Application\chrome.exe"" http://jkhaledbak.temp.swtest.ru/Addon/index.php
PID:3052",C:\Users\jpdz\AppData\Local\Google\Chrome\User Data\Default\29fea92d-c9ce-4c8d-96b3-0d42af1d1ba2.tmp,FileEvent,Delete,2021-10-08 17:15:46.946,0
"""C:\Program Files\Google\Chrome\Application\chrome.exe"" http://jkhaledbak.temp.swtest.ru/Addon/index.php
PID:3052",C:\Users\jpdz\AppData\Local\Google\Chrome\User Data\Default\29fea92d-c9ce-4c8d-96b3-0d42af1d1ba2.tmp,FileEvent,Write,2021-10-08 17:15:46.946,1
"""C:\Program Files\Google\Chrome\Application\chrome.exe"" http://jkhaledbak.temp.swtest.ru/Addon/index.php
PID:3052",C:\Users\jpdz\AppData\Local\Google\Chrome\User Data\Local State~RF31e4a4.TMP,FileEvent,Delete,2021-10-08 17:16:12.251,0
C:\Users\jpdz\AppData\Local\Google\Chrome\User Data\ZxcvbnData\1\passwords.txt,"""C:\Program Files\Google\Chrome\Application\chrome.exe"" http://jkhaledbak.temp.swtest.ru/Addon/index.php
PID:3052",FileEvent,Read,2021-10-08 17:15:51.687,249856
C:\Program Files\Google\Chrome\Application\94.0.4606.81\MEIPreload\manifest.json,"""C:\Program Files\Google\Chrome\Application\chrome.exe"" http://jkhaledbak.temp.swtest.ru/Addon/index.php
PID:3052",FileEvent,Read,2021-10-08 17:15:46.936,8192
"""C:\Program Files\Google\Chrome\Application\chrome.exe"" http://jkhaledbak.temp.swtest.ru/Addon/index.php
PID:3052",C:\Users\jpdz\AppData\Local\Google\Chrome\User Data\Default\Session Storage\LOG.old~RF318231.TMP,FileEvent,Delete,2021-10-08 17:15:47.231,0
"""C:\Program Files\Google\Chrome\Application\chrome.exe"" http://jkhaledbak.temp.swtest.ru/Addon/index.php
PID:3052",C:\Users\jpdz\AppData\Local\Google\Chrome\User Data\Default\shared_proto_db\000003.log,FileEvent,Write,2021-10-08 17:15:52.587,19
C:\Users\jpdz\AppData\Local\Google\Chrome\User Data\Default\shared_proto_db\000003.log,"""C:\Program Files\Google\Chrome\Application\chrome.exe"" http://jkhaledbak.temp.swtest.ru/Addon/index.php
PID:3052",FileEvent,Read,2021-10-08 17:15:52.507,32768
"""C:\Program Files\Google\Chrome\Application\chrome.exe"" http://jkhaledbak.temp.swtest.ru/Addon/index.php
PID:3052",C:\Users\jpdz\AppData\Local\Google\Chrome\User Data\Default\data_reduction_proxy_leveldb\LOG.old~RF31904b.TMP,FileEvent,Delete,2021-10-08 17:15:50.852,0
C:\Users\jpdz\AppData\Local\Google\Chrome\User Data\TrustTokenKeyCommitments\2021.10.17.2\keys.json,"""C:\Program Files\Google\Chrome\Application\chrome.exe"" http://jkhaledbak.temp.swtest.ru/Addon/index.php
PID:3052",FileEvent,Read,2021-10-08 17:15:51.682,20480
C:\Users\jpdz\AppData\Local\Google\Chrome\User Data\Default\Code Cache\js\index-dir\the-real-index,"""C:\Program Files\Google\Chrome\Application\chrome.exe"" http://jkhaledbak.temp.swtest.ru/Addon/index.php
PID:3052",FileEvent,Read,2021-10-08 17:15:47.19,48
C:\Users\jpdz\AppData\Local\Google\Chrome\User Data\GrShaderCache\GPUCache\data_1,"""C:\Program Files\Google\Chrome\Application\chrome.exe"" http://jkhaledbak.temp.swtest.ru/Addon/index.php
PID:3052",FileEvent,Read,2021-10-08 17:15:48.279,8704
"""C:\Program Files\Google\Chrome\Application\chrome.exe"" http://jkhaledbak.temp.swtest.ru/Addon/index.php
PID:3052",C:\Users\jpdz\AppData\Local\Google\Chrome\User Data\Default\Site Characteristics Database\LOG.old~RF3180e9.TMP,FileEvent,Delete,2021-10-08 17:15:46.911,0
C:\Windows\Fonts\staticcache.dat,"""C:\Program Files\Google\Chrome\Application\chrome.exe"" http://jkhaledbak.temp.swtest.ru/Addon/index.php
PID:3052",FileEvent,Read,2021-10-08 17:15:47.2,60
C:\Users\jpdz\AppData\Local\Google\Chrome\User Data\pnacl\0.57.44.2492\manifest.fingerprint,"""C:\Program Files\Google\Chrome\Application\chrome.exe"" http://jkhaledbak.temp.swtest.ru/Addon/index.php
PID:3052",FileEvent,Read,2021-10-08 17:15:46.935,8192
C:\Users\jpdz\AppData\Local\Google\Chrome\User Data\GrShaderCache\GPUCache\data_3,"""C:\Program Files\Google\Chrome\Application\chrome.exe"" http://jkhaledbak.temp.swtest.ru/Addon/index.php
PID:3052",FileEvent,Read,2021-10-08 17:15:48.279,8192
"""C:\Program Files\Google\Chrome\Application\chrome.exe"" http://jkhaledbak.temp.swtest.ru/Addon/index.php
PID:3052",C:\Users\jpdz\AppData\Local\Google\Chrome\User Data\Default\shared_proto_db\metadata\LOG.old~RF3196c3.TMP,FileEvent,Delete,2021-10-08 17:15:52.504,0
C:\Users\jpdz\AppData\Local\Google\Chrome\User Data\Default\Top Sites,"""C:\Program Files\Google\Chrome\Application\chrome.exe"" http://jkhaledbak.temp.swtest.ru/Addon/index.php
PID:3052",FileEvent,Read,2021-10-08 17:15:46.949,12388
C:\Users\jpdz\AppData\Local\Google\Chrome\User Data\Default\Site Characteristics Database\MANIFEST-000001,"""C:\Program Files\Google\Chrome\Application\chrome.exe"" http://jkhaledbak.temp.swtest.ru/Addon/index.php
PID:3052",FileEvent,Read,2021-10-08 17:15:46.911,32768
"""C:\Program Files\Google\Chrome\Application\chrome.exe"" http://jkhaledbak.temp.swtest.ru/Addon/index.php
PID:3052",C:\Users\jpdz\AppData\Local\Google\Chrome\User Data\Default\Code Cache\js\8fe36a4299c84167_0,FileEvent,Write,2021-10-08 17:15:49.75,666
C:\Users\jpdz\AppData\Local\Google\Chrome\User Data\Default\Code Cache\js\8fe36a4299c84167_0,"""C:\Program Files\Google\Chrome\Application\chrome.exe"" http://jkhaledbak.temp.swtest.ru/Addon/index.php
PID:3052",FileEvent,Read,2021-10-08 17:15:54.835,84
C:\Users\jpdz\AppData\Local\Google\Chrome\User Data\Default\heavy_ad_intervention_opt_out.db,"""C:\Program Files\Google\Chrome\Application\chrome.exe"" http://jkhaledbak.temp.swtest.ru/Addon/index.php
PID:3052",FileEvent,Read,2021-10-08 17:15:50.849,12388
C:\Users\jpdz\AppData\Local\Google\Chrome\User Data\ClientSidePhishing\25.3\manifest.json,"""C:\Program Files\Google\Chrome\Application\chrome.exe"" http://jkhaledbak.temp.swtest.ru/Addon/index.php
PID:3052",FileEvent,Read,2021-10-08 17:15:46.943,8192
"""C:\Program Files\Google\Chrome\Application\chrome.exe"" http://jkhaledbak.temp.swtest.ru/Addon/index.php
PID:3052","""C:\Program Files\Google\Chrome\Application\chrome.exe"" --type=utility --utility-sub-type=network.mojom.NetworkService --field-trial-handle=980,3108121270783491000,11252084013312997179,131072 --lang=zh-CN --service-sandbox-type=none --mojo-platform-channel-handle=1296 /prefetch:8
PID:3788",ProcessEvent,Create,2021-10-08 17:15:46.863,
"""C:\Program Files\Google\Chrome\Application\chrome.exe"" http://jkhaledbak.temp.swtest.ru/Addon/index.php
PID:3052",C:\Users\jpdz\AppData\Local\Google\Chrome\User Data\Default\Preferences~RF318270.TMP,FileEvent,Delete,2021-10-08 17:15:47.294,0
C:\Users\jpdz\AppData\Local\Google\Chrome\User Data\Default\Site Characteristics Database\CURRENT,"""C:\Program Files\Google\Chrome\Application\chrome.exe"" http://jkhaledbak.temp.swtest.ru/Addon/index.php
PID:3052",FileEvent,Read,2021-10-08 17:15:46.911,16384
"""C:\Program Files\Google\Chrome\Application\chrome.exe"" http://jkhaledbak.temp.swtest.ru/Addon/index.php
PID:3052",C:\Users\jpdz\AppData\Local\Google\Chrome\User Data\Default\Preferences~RF31acac.TMP,FileEvent,Delete,2021-10-08 17:15:58.163,0
C:\Users\jpdz\AppData\Local\Google\Chrome\User Data\Default\Code Cache\wasm\index-dir\the-real-index,"""C:\Program Files\Google\Chrome\Application\chrome.exe"" http://jkhaledbak.temp.swtest.ru/Addon/index.php
PID:3052",FileEvent,Read,2021-10-08 17:15:47.19,48
C:\Users\jpdz\AppData\Local\Google\Chrome\User Data\ZxcvbnData\1\female_names.txt,"""C:\Program Files\Google\Chrome\Application\chrome.exe"" http://jkhaledbak.temp.swtest.ru/Addon/index.php
PID:3052",FileEvent,Read,2021-10-08 17:15:51.686,32768
C:\Windows\System32\shdocvw.dll,"""C:\Program Files\Google\Chrome\Application\chrome.exe"" http://jkhaledbak.temp.swtest.ru/Addon/index.php
PID:3052",FileEvent,Read,2021-10-08 17:15:52.489,4096
"""C:\Program Files\Google\Chrome\Application\chrome.exe"" http://jkhaledbak.temp.swtest.ru/Addon/index.php
PID:3052",C:\Users\jpdz\AppData\Local\Google\Chrome\User Data\Default\Site Characteristics Database\LOG,FileEvent,Write,2021-10-08 17:15:46.911,535
"""C:\Program Files\Google\Chrome\Application\chrome.exe"" http://jkhaledbak.temp.swtest.ru/Addon/index.php
PID:3052",C:\Users\jpdz\AppData\Local\Google\Chrome\User Data\Default\shared_proto_db\LOG,FileEvent,Write,2021-10-08 17:15:52.507,493
"""C:\Program Files\Google\Chrome\Application\chrome.exe"" http://jkhaledbak.temp.swtest.ru/Addon/index.php
PID:3052",C:\Users\jpdz\AppData\Local\Google\Chrome\User Data\Default\LOG.old~RF319711.TMP,FileEvent,Delete,2021-10-08 17:15:52.593,0
C:\Users\jpdz\AppData\Local\Google\Chrome\User Data\AutofillRegex\2021.8.17.1300\data.json,"""C:\Program Files\Google\Chrome\Application\chrome.exe"" http://jkhaledbak.temp.swtest.ru/Addon/index.php
PID:3052",FileEvent,Read,2021-10-08 17:15:51.731,102400
"""C:\Program Files\Google\Chrome\Application\chrome.exe"" http://jkhaledbak.temp.swtest.ru/Addon/index.php
PID:3052",C:\Users\jpdz\AppData\Local\Google\Chrome\User Data\Default\Download Service\EntryDB\LOG.old~RF319711.TMP,FileEvent,Delete,2021-10-08 17:15:52.593,0
"""C:\Program Files\Google\Chrome\Application\chrome.exe"" http://jkhaledbak.temp.swtest.ru/Addon/index.php
PID:3052",C:\Users\jpdz\AppData\Local\Google\Chrome\User Data\Default\Visited Links,FileEvent,Write,2021-10-08 17:15:48.289,28
C:\Users\jpdz\AppData\Local\Google\Chrome\User Data\Default\Visited Links,"""C:\Program Files\Google\Chrome\Application\chrome.exe"" http://jkhaledbak.temp.swtest.ru/Addon/index.php
PID:3052",FileEvent,Read,2021-10-08 17:15:46.903,135168
C:\Users\jpdz\AppData\LocalLow\Microsoft\CryptnetUrlCache\Content\24BD96D5497F70B3F510A6B53CD43F3E_3A89246FB90C5EE6620004F1AE0EB0EA,"""C:\Program Files\Google\Chrome\Application\chrome.exe"" http://jkhaledbak.temp.swtest.ru/Addon/index.php
PID:3052",FileEvent,Read,2021-10-08 17:15:47.238,1447
"""C:\Program Files\Google\Chrome\Application\chrome.exe"" http://jkhaledbak.temp.swtest.ru/Addon/index.php
PID:3052",C:\Users\jpdz\AppData\Local\Google\Chrome\User Data\Default\AutofillStrikeDatabase\LOG.old~RF3193c5.TMP,FileEvent,Delete,2021-10-08 17:15:51.738,0
C:\Users\jpdz\AppData\Local\Google\Chrome\User Data\GrShaderCache\GPUCache\index,"""C:\Program Files\Google\Chrome\Application\chrome.exe"" http://jkhaledbak.temp.swtest.ru/Addon/index.php
PID:3052",FileEvent,Read,2021-10-08 17:15:48.279,266608
C:\Users\jpdz\AppData\Local\Google\Chrome\User Data\ClientSidePhishing\25.3\client_model.pb,"""C:\Program Files\Google\Chrome\Application\chrome.exe"" http://jkhaledbak.temp.swtest.ru/Addon/index.php
PID:3052",FileEvent,Read,2021-10-08 17:15:51.731,110592
C:\Users\jpdz\AppData\Local\Google\Chrome\User Data\ZxcvbnData\1\surnames.txt,"""C:\Program Files\Google\Chrome\Application\chrome.exe"" http://jkhaledbak.temp.swtest.ru/Addon/index.php
PID:3052",FileEvent,Read,2021-10-08 17:15:51.687,81920
C:\Program Files\Google\Chrome\Application\94.0.4606.81\WidevineCdm\manifest.json,"""C:\Program Files\Google\Chrome\Application\chrome.exe"" http://jkhaledbak.temp.swtest.ru/Addon/index.php
PID:3052",FileEvent,Read,2021-10-08 17:15:46.934,8192
C:\Users\jpdz\AppData\Local\Google\Chrome\User Data\Default\GCM Store\Encryption\CURRENT,"""C:\Program Files\Google\Chrome\Application\chrome.exe"" http://jkhaledbak.temp.swtest.ru/Addon/index.php
PID:3052",FileEvent,Read,2021-10-08 17:15:51.741,16384
"""C:\Program Files\Google\Chrome\Application\chrome.exe"" http://jkhaledbak.temp.swtest.ru/Addon/index.php
PID:3052","""C:\Program Files\Google\Chrome\Application\chrome.exe"" --type=gpu-process --field-trial-handle=980,3108121270783491000,11252084013312997179,131072 --gpu-preferences=UAAAAAAAAADgAAAIAAAAAAAAAAAAAAAAAABgAIAAAAAwAAAAAAAAAAAAAAAAAAAAAAAAAAAAAAAAAAAAAAAAAHgAAAAAAAAAeAAAAAAAAAAoAAAABAAAACAAAAAAAAAAKAAAAAAAAAAwAAAAAAAAADgAAAAAAAAAEAAAAAAAAAAAAAAADQAAABAAAAAAAAAAAQAAAA0AAAAQAAAAAAAAAAQAAAANAAAAEAAAAAAAAAAHAAAADQAAAAgAAAAAAAAACAAAAAAAAAA= --use-gl=angle --use-angle=swiftshader-webgl --mojo-platform-channel-handle=1
PID:1308",ProcessEvent,Create,2021-10-08 17:15:48.129,
C:\Users\jpdz\AppData\Local\Google\Chrome\User Data\DesktopSharingHub\20210813.1\desktop_sharing_hub.pb,"""C:\Program Files\Google\Chrome\Application\chrome.exe"" http://jkhaledbak.temp.swtest.ru/Addon/index.php
PID:3052",FileEvent,Read,2021-10-08 17:15:51.685,270336
"""C:\Program Files\Google\Chrome\Application\chrome.exe"" http://jkhaledbak.temp.swtest.ru/Addon/index.php
PID:3052","""C:\Program Files\Google\Chrome\Application\chrome.exe"" --type=crashpad-handler ""--user-data-dir=C:\Users\jpdz\AppData\Local\Google\Chrome\User Data"" /prefetch:7 --monitor-self-annotation=ptype=crashpad-handler ""--database=C:\Users\jpdz\AppData\Local\Google\Chrome\User Data\Crashpad"" --url=https://clients2.google.com/cr/report --annotation=channel= --annotation=plat=Win32 --annotation=prod=Chrome --annotation=ver=94.0.4606.81 --initial-client-data=0xa0,0xac,0xb0,0x74,0xb4,0x6ede3708,0x6ede3718,0x6ede3724
PID:2812",ProcessEvent,Create,2021-10-08 17:15:43.90,
C:\Windows\system32\stobject.dll,"""C:\Program Files\Google\Chrome\Application\chrome.exe"" http://jkhaledbak.temp.swtest.ru/Addon/index.php
PID:3052",FileEvent,Read,2021-10-08 17:15:52.492,4096
C:\Users\jpdz\AppData\Local\Google\Chrome\User Data\ZxcvbnData\1\male_names.txt,"""C:\Program Files\Google\Chrome\Application\chrome.exe"" http://jkhaledbak.temp.swtest.ru/Addon/index.php
PID:3052",FileEvent,Read,2021-10-08 17:15:51.687,12288
C:\Users\jpdz\AppData\Local\Google\Chrome\User Data\pnacl\0.57.44.2492\manifest.json,"""C:\Program Files\Google\Chrome\Application\chrome.exe"" http://jkhaledbak.temp.swtest.ru/Addon/index.php
PID:3052",FileEvent,Read,2021-10-08 17:15:46.934,8192
C:\Users\jpdz\AppData\Local\Google\Chrome\User Data\MEIPreload\1.0.6.0\manifest.fingerprint,"""C:\Program Files\Google\Chrome\Application\chrome.exe"" http://jkhaledbak.temp.swtest.ru/Addon/index.php
PID:3052",FileEvent,Read,2021-10-08 17:15:46.937,8192
"""C:\Program Files\Google\Chrome\Application\chrome.exe"" http://jkhaledbak.temp.swtest.ru/Addon/index.php
PID:3052",C:\Users\jpdz\AppData\Local\Google\Chrome\User Data\Default\GCM Store\Encryption\LOG,FileEvent,Write,2021-10-08 17:15:51.742,12796
"""C:\Program Files\Google\Chrome\Application\chrome.exe"" http://jkhaledbak.temp.swtest.ru/Addon/index.php
PID:3052",C:\Users\jpdz\AppData\Local\Google\Chrome\User Data\Default\data_reduction_proxy_leveldb\MANIFEST-000010,FileEvent,Write,2021-10-08 17:15:51.150,16477
C:\Users\jpdz\AppData\Local\Google\Chrome\User Data\Floc\1.0.6\manifest.fingerprint,"""C:\Program Files\Google\Chrome\Application\chrome.exe"" http://jkhaledbak.temp.swtest.ru/Addon/index.php
PID:3052",FileEvent,Read,2021-10-08 17:15:46.935,8192
C:\Windows\system32\shell32.dll,"""C:\Program Files\Google\Chrome\Application\chrome.exe"" http://jkhaledbak.temp.swtest.ru/Addon/index.php
PID:3052",FileEvent,Read,2021-10-08 17:15:52.490,32768
C:\Users\jpdz\AppData\Local\Google\Chrome\User Data\Crowd Deny\2021.10.11.1142\manifest.json,"""C:\Program Files\Google\Chrome\Application\chrome.exe"" http://jkhaledbak.temp.swtest.ru/Addon/index.php
PID:3052",FileEvent,Read,2021-10-08 17:15:46.937,8192
C:\Users\jpdz\AppData\Local\Google\Chrome\User Data\Default\Session Storage\CURRENT,"""C:\Program Files\Google\Chrome\Application\chrome.exe"" --type=utility --utility-sub-type=storage.mojom.StorageService --field-trial-handle=980,3108121270783491000,11252084013312997179,131072 --lang=zh-CN --service-sandbox-type=utility --mojo-platform-channel-handle=1504 /prefetch:8
PID:4068",FileEvent,Read,2021-10-08 17:15:47.236,16384
"""C:\Program Files\Google\Chrome\Application\chrome.exe"" --type=utility --utility-sub-type=storage.mojom.StorageService --field-trial-handle=980,3108121270783491000,11252084013312997179,131072 --lang=zh-CN --service-sandbox-type=utility --mojo-platform-channel-handle=1504 /prefetch:8
PID:4068",C:\Users\jpdz\AppData\Local\Google\Chrome\User Data\Default\Local Storage\leveldb\LOG,FileEvent,Write,2021-10-08 17:15:47.232,511
C:\Users\jpdz\AppData\Local\Google\Chrome\User Data\Default\Local Storage\leveldb\MANIFEST-000001,"""C:\Program Files\Google\Chrome\Application\chrome.exe"" --type=utility --utility-sub-type=storage.mojom.StorageService --field-trial-handle=980,3108121270783491000,11252084013312997179,131072 --lang=zh-CN --service-sandbox-type=utility --mojo-platform-channel-handle=1504 /prefetch:8
PID:4068",FileEvent,Read,2021-10-08 17:15:47.232,32768
C:\Windows\Prefetch\CHROME.EXE-5A1054AF.pf,"""C:\Program Files\Google\Chrome\Application\chrome.exe"" --type=utility --utility-sub-type=storage.mojom.StorageService --field-trial-handle=980,3108121270783491000,11252084013312997179,131072 --lang=zh-CN --service-sandbox-type=utility --mojo-platform-channel-handle=1504 /prefetch:8
PID:4068",FileEvent,Read,2021-10-08 17:15:46.954,19168
C:\Program Files\Google\Chrome\Application\94.0.4606.81\chrome.dll,"""C:\Program Files\Google\Chrome\Application\chrome.exe"" --type=utility --utility-sub-type=storage.mojom.StorageService --field-trial-handle=980,3108121270783491000,11252084013312997179,131072 --lang=zh-CN --service-sandbox-type=utility --mojo-platform-channel-handle=1504 /prefetch:8
PID:4068",FileEvent,Read,2021-10-08 17:15:46.960,150994944
C:\Users\jpdz\AppData\Local\Google\Chrome\User Data\Default\Session Storage\MANIFEST-000001,"""C:\Program Files\Google\Chrome\Application\chrome.exe"" --type=utility --utility-sub-type=storage.mojom.StorageService --field-trial-handle=980,3108121270783491000,11252084013312997179,131072 --lang=zh-CN --service-sandbox-type=utility --mojo-platform-channel-handle=1504 /prefetch:8
PID:4068",FileEvent,Read,2021-10-08 17:15:47.237,32768
"""C:\Program Files\Google\Chrome\Application\chrome.exe"" --type=utility --utility-sub-type=storage.mojom.StorageService --field-trial-handle=980,3108121270783491000,11252084013312997179,131072 --lang=zh-CN --service-sandbox-type=utility --mojo-platform-channel-handle=1504 /prefetch:8
PID:4068",C:\Users\jpdz\AppData\Local\Google\Chrome\User Data\Default\Session Storage\LOG,FileEvent,Write,2021-10-08 17:15:47.237,493
C:\Users\jpdz\AppData\Local\Google\Chrome\User Data\Default\Local Storage\leveldb\CURRENT,"""C:\Program Files\Google\Chrome\Application\chrome.exe"" --type=utility --utility-sub-type=storage.mojom.StorageService --field-trial-handle=980,3108121270783491000,11252084013312997179,131072 --lang=zh-CN --service-sandbox-type=utility --mojo-platform-channel-handle=1504 /prefetch:8
PID:4068",FileEvent,Read,2021-10-08 17:15:47.232,16384
"""C:\Program Files\Google\Chrome\Application\chrome.exe"" --type=utility --utility-sub-type=storage.mojom.StorageService --field-trial-handle=980,3108121270783491000,11252084013312997179,131072 --lang=zh-CN --service-sandbox-type=utility --mojo-platform-channel-handle=1504 /prefetch:8
PID:4068",C:\Users\jpdz\AppData\Local\Google\Chrome\User Data\Default\Session Storage\000003.log,FileEvent,Write,2021-10-08 17:15:47.238,19
C:\Users\jpdz\AppData\Local\Google\Chrome\User Data\Default\Session Storage\000003.log,"""C:\Program Files\Google\Chrome\Application\chrome.exe"" --type=utility --utility-sub-type=storage.mojom.StorageService --field-trial-handle=980,3108121270783491000,11252084013312997179,131072 --lang=zh-CN --service-sandbox-type=utility --mojo-platform-channel-handle=1504 /prefetch:8
PID:4068",FileEvent,Read,2021-10-08 17:15:47.237,32768
C:\Users\jpdz\AppData\Local\Google\Chrome\User Data\Default\Local Storage\leveldb\000003.log,"""C:\Program Files\Google\Chrome\Application\chrome.exe"" --type=utility --utility-sub-type=storage.mojom.StorageService --field-trial-handle=980,3108121270783491000,11252084013312997179,131072 --lang=zh-CN --service-sandbox-type=utility --mojo-platform-channel-handle=1504 /prefetch:8
PID:4068",FileEvent,Read,2021-10-08 17:15:47.233,32768
C:\Windows\Prefetch\CHROME.EXE-5A1054AF.pf,"""C:\Program Files\Google\Chrome\Application\chrome.exe"" --type=renderer --disable-client-side-phishing-detection --cross-origin-webassembly-module-sharing-allowed --display-capture-permissions-policy-allowed --field-trial-handle=980,3108121270783491000,11252084013312997179,131072 --lang=zh-CN --device-scale-factor=1 --num-raster-threads=1 --renderer-client-id=6 --no-v8-untrusted-code-mitigations --mojo-platform-channel-handle=1940 /prefetch:1
PID:300",FileEvent,Read,2021-10-08 17:15:46.992,19168
C:\Program Files\Google\Chrome\Application\94.0.4606.81\chrome.dll,"""C:\Program Files\Google\Chrome\Application\chrome.exe"" --type=renderer --disable-client-side-phishing-detection --cross-origin-webassembly-module-sharing-allowed --display-capture-permissions-policy-allowed --field-trial-handle=980,3108121270783491000,11252084013312997179,131072 --lang=zh-CN --device-scale-factor=1 --num-raster-threads=1 --renderer-client-id=6 --no-v8-untrusted-code-mitigations --mojo-platform-channel-handle=1940 /prefetch:1
PID:300",FileEvent,Read,2021-10-08 17:15:47.3,150994944
C:\Windows\Prefetch\CHROME.EXE-5A1054AF.pf,"""C:\Program Files\Google\Chrome\Application\chrome.exe"" --type=utility --utility-sub-type=data_decoder.mojom.DataDecoderService --field-trial-handle=980,3108121270783491000,11252084013312997179,131072 --lang=zh-CN --service-sandbox-type=service --mojo-platform-channel-handle=3176 /prefetch:8
PID:3656",FileEvent,Read,2021-10-08 17:15:51.732,19168
C:\Program Files\Google\Chrome\Application\94.0.4606.81\chrome.dll,"""C:\Program Files\Google\Chrome\Application\chrome.exe"" --type=utility --utility-sub-type=data_decoder.mojom.DataDecoderService --field-trial-handle=980,3108121270783491000,11252084013312997179,131072 --lang=zh-CN --service-sandbox-type=service --mojo-platform-channel-handle=3176 /prefetch:8
PID:3656",FileEvent,Read,2021-10-08 17:15:51.744,150994944
C:\Windows\Prefetch\CHROME.EXE-5A1054AF.pf,"""C:\Program Files\Google\Chrome\Application\chrome.exe"" --type=gpu-process --field-trial-handle=980,3108121270783491000,11252084013312997179,131072 --gpu-preferences=UAAAAAAAAADgAAAIAAAAAAAAAAAAAAAAAABgAIAAAAAwAAAAAAAAAAAAAAAAAAAAAAAAAAAAAAAAAAAAAAAAAHgAAAAAAAAAeAAAAAAAAAAoAAAABAAAACAAAAAAAAAAKAAAAAAAAAAwAAAAAAAAADgAAAAAAAAAEAAAAAAAAAAAAAAADQAAABAAAAAAAAAAAQAAAA0AAAAQAAAAAAAAAAQAAAANAAAAEAAAAAAAAAAHAAAADQAAAAgAAAAAAAAACAAAAAAAAAA= --mojo-platform-channel-handle=1056 /prefetch:2
PID:3476",FileEvent,Read,2021-10-08 17:15:46.865,19168
C:\Program Files\Google\Chrome\Application\94.0.4606.81\chrome.dll,"""C:\Program Files\Google\Chrome\Application\chrome.exe"" --type=gpu-process --field-trial-handle=980,3108121270783491000,11252084013312997179,131072 --gpu-preferences=UAAAAAAAAADgAAAIAAAAAAAAAAAAAAAAAABgAIAAAAAwAAAAAAAAAAAAAAAAAAAAAAAAAAAAAAAAAAAAAAAAAHgAAAAAAAAAeAAAAAAAAAAoAAAABAAAACAAAAAAAAAAKAAAAAAAAAAwAAAAAAAAADgAAAAAAAAAEAAAAAAAAAAAAAAADQAAABAAAAAAAAAAAQAAAA0AAAAQAAAAAAAAAAQAAAANAAAAEAAAAAAAAAAHAAAADQAAAAgAAAAAAAAACAAAAAAAAAA= --mojo-platform-channel-handle=1056 /prefetch:2
PID:3476",FileEvent,Read,2021-10-08 17:15:46.869,150994944
"""C:\Program Files\Google\Chrome\Application\chrome.exe"" --type=renderer --disable-client-side-phishing-detection --cross-origin-webassembly-module-sharing-allowed --display-capture-permissions-policy-allowed --field-trial-handle=980,3108121270783491000,11252084013312997179,131072 --lang=zh-CN --device-scale-factor=1 --num-raster-threads=1 --renderer-client-id=5 --no-v8-untrusted-code-mitigations --mojo-platform-channel-handle=1968 /prefetch:1
PID:3392",C:\Users\jpdz\AppData\Local\Temp\a375784e-5907-495e-adbf-850fe9687b90.tmp,FileEvent,Write,2021-10-08 17:15:57.69,64768
C:\Windows\Prefetch\CHROME.EXE-5A1054AF.pf,"""C:\Program Files\Google\Chrome\Application\chrome.exe"" --type=renderer --disable-client-side-phishing-detection --cross-origin-webassembly-module-sharing-allowed --display-capture-permissions-policy-allowed --field-trial-handle=980,3108121270783491000,11252084013312997179,131072 --lang=zh-CN --device-scale-factor=1 --num-raster-threads=1 --renderer-client-id=5 --no-v8-untrusted-code-mitigations --mojo-platform-channel-handle=1968 /prefetch:1
PID:3392",FileEvent,Read,2021-10-08 17:15:47.34,19168
C:\Program Files\Google\Chrome\Application\94.0.4606.81\chrome.dll,"""C:\Program Files\Google\Chrome\Application\chrome.exe"" --type=renderer --disable-client-side-phishing-detection --cross-origin-webassembly-module-sharing-allowed --display-capture-permissions-policy-allowed --field-trial-handle=980,3108121270783491000,11252084013312997179,131072 --lang=zh-CN --device-scale-factor=1 --num-raster-threads=1 --renderer-client-id=5 --no-v8-untrusted-code-mitigations --mojo-platform-channel-handle=1968 /prefetch:1
PID:3392",FileEvent,Read,2021-10-08 17:15:47.86,150994944
"""C:\Program Files\Google\Chrome\Application\chrome.exe"" --type=utility --utility-sub-type=network.mojom.NetworkService --field-trial-handle=980,3108121270783491000,11252084013312997179,131072 --lang=zh-CN --service-sandbox-type=none --mojo-platform-channel-handle=1296 /prefetch:8
PID:3788",45.57.90.1,IpChannelEvent,TcpIpConnect,2021-10-08 17:15:49.99,0
45.57.90.1,"""C:\Program Files\Google\Chrome\Application\chrome.exe"" --type=utility --utility-sub-type=network.mojom.NetworkService --field-trial-handle=980,3108121270783491000,11252084013312997179,131072 --lang=zh-CN --service-sandbox-type=none --mojo-platform-channel-handle=1296 /prefetch:8
PID:3788",IpChannelEvent,TcpIpRecv,2021-10-08 17:15:49.158,62948
"""C:\Program Files\Google\Chrome\Application\chrome.exe"" --type=utility --utility-sub-type=network.mojom.NetworkService --field-trial-handle=980,3108121270783491000,11252084013312997179,131072 --lang=zh-CN --service-sandbox-type=none --mojo-platform-channel-handle=1296 /prefetch:8
PID:3788",45.57.90.1,IpChannelEvent,TcpIpSend,2021-10-08 17:15:49.110,1211
C:\Users\jpdz\AppData\Local\Google\Chrome\User Data\Default\Cache\data_1,"""C:\Program Files\Google\Chrome\Application\chrome.exe"" --type=utility --utility-sub-type=network.mojom.NetworkService --field-trial-handle=980,3108121270783491000,11252084013312997179,131072 --lang=zh-CN --service-sandbox-type=none --mojo-platform-channel-handle=1296 /prefetch:8
PID:3788",FileEvent,Read,2021-10-08 17:15:47.220,15104
"""C:\Program Files\Google\Chrome\Application\chrome.exe"" --type=utility --utility-sub-type=network.mojom.NetworkService --field-trial-handle=980,3108121270783491000,11252084013312997179,131072 --lang=zh-CN --service-sandbox-type=none --mojo-platform-channel-handle=1296 /prefetch:8
PID:3788",C:\Users\jpdz\AppData\Local\Google\Chrome\User Data\Default\Cache\data_1,FileEvent,Write,2021-10-08 17:15:47.235,29988
"""C:\Program Files\Google\Chrome\Application\chrome.exe"" --type=utility --utility-sub-type=network.mojom.NetworkService --field-trial-handle=980,3108121270783491000,11252084013312997179,131072 --lang=zh-CN --service-sandbox-type=none --mojo-platform-channel-handle=1296 /prefetch:8
PID:3788",C:\Users\jpdz\AppData\Local\Google\Chrome\User Data\Default\Cache\f_000073,FileEvent,Write,2021-10-08 17:15:49.308,53940
"""C:\Program Files\Google\Chrome\Application\chrome.exe"" --type=utility --utility-sub-type=network.mojom.NetworkService --field-trial-handle=980,3108121270783491000,11252084013312997179,131072 --lang=zh-CN --service-sandbox-type=none --mojo-platform-channel-handle=1296 /prefetch:8
PID:3788",C:\Users\jpdz\AppData\Local\Google\Chrome\User Data\Default\Cache\f_000071,FileEvent,Write,2021-10-08 17:15:49.22,35653
"""C:\Program Files\Google\Chrome\Application\chrome.exe"" --type=utility --utility-sub-type=network.mojom.NetworkService --field-trial-handle=980,3108121270783491000,11252084013312997179,131072 --lang=zh-CN --service-sandbox-type=none --mojo-platform-channel-handle=1296 /prefetch:8
PID:3788",C:\Users\jpdz\AppData\Local\Google\Chrome\User Data\Default\Cache\f_00007d,FileEvent,Write,2021-10-08 17:15:55.30,113334
"""C:\Program Files\Google\Chrome\Application\chrome.exe"" --type=utility --utility-sub-type=network.mojom.NetworkService --field-trial-handle=980,3108121270783491000,11252084013312997179,131072 --lang=zh-CN --service-sandbox-type=none --mojo-platform-channel-handle=1296 /prefetch:8
PID:3788",45.57.90.1,IpChannelEvent,TcpIpConnect,2021-10-08 17:15:49.130,0
"""C:\Program Files\Google\Chrome\Application\chrome.exe"" --type=utility --utility-sub-type=network.mojom.NetworkService --field-trial-handle=980,3108121270783491000,11252084013312997179,131072 --lang=zh-CN --service-sandbox-type=none --mojo-platform-channel-handle=1296 /prefetch:8
PID:3788",45.57.90.1,IpChannelEvent,TcpIpSend,2021-10-08 17:15:49.135,1191
45.57.90.1,"""C:\Program Files\Google\Chrome\Application\chrome.exe"" --type=utility --utility-sub-type=network.mojom.NetworkService --field-trial-handle=980,3108121270783491000,11252084013312997179,131072 --lang=zh-CN --service-sandbox-type=none --mojo-platform-channel-handle=1296 /prefetch:8
PID:3788",IpChannelEvent,TcpIpRecv,2021-10-08 17:15:49.185,84069
"""C:\Program Files\Google\Chrome\Application\chrome.exe"" --type=utility --utility-sub-type=network.mojom.NetworkService --field-trial-handle=980,3108121270783491000,11252084013312997179,131072 --lang=zh-CN --service-sandbox-type=none --mojo-platform-channel-handle=1296 /prefetch:8
PID:3788",C:\Users\jpdz\AppData\Local\Google\Chrome\User Data\Default\Cache\f_000078,FileEvent,Write,2021-10-08 17:15:54.940,49614
"""C:\Program Files\Google\Chrome\Application\chrome.exe"" --type=utility --utility-sub-type=network.mojom.NetworkService --field-trial-handle=980,3108121270783491000,11252084013312997179,131072 --lang=zh-CN --service-sandbox-type=none --mojo-platform-channel-handle=1296 /prefetch:8
PID:3788",45.57.90.1,IpChannelEvent,TcpIpConnect,2021-10-08 17:15:54.485,0
"""C:\Program Files\Google\Chrome\Application\chrome.exe"" --type=utility --utility-sub-type=network.mojom.NetworkService --field-trial-handle=980,3108121270783491000,11252084013312997179,131072 --lang=zh-CN --service-sandbox-type=none --mojo-platform-channel-handle=1296 /prefetch:8
PID:3788",45.57.90.1,IpChannelEvent,TcpIpDisconnect,2021-10-08 17:15:55.16,0
"""C:\Program Files\Google\Chrome\Application\chrome.exe"" --type=utility --utility-sub-type=network.mojom.NetworkService --field-trial-handle=980,3108121270783491000,11252084013312997179,131072 --lang=zh-CN --service-sandbox-type=none --mojo-platform-channel-handle=1296 /prefetch:8
PID:3788",45.57.90.1,IpChannelEvent,TcpIpSend,2021-10-08 17:15:54.487,1199
45.57.90.1,"""C:\Program Files\Google\Chrome\Application\chrome.exe"" --type=utility --utility-sub-type=network.mojom.NetworkService --field-trial-handle=980,3108121270783491000,11252084013312997179,131072 --lang=zh-CN --service-sandbox-type=none --mojo-platform-channel-handle=1296 /prefetch:8
PID:3788",IpChannelEvent,TcpIpRecv,2021-10-08 17:15:54.841,120359
"""C:\Program Files\Google\Chrome\Application\chrome.exe"" --type=utility --utility-sub-type=network.mojom.NetworkService --field-trial-handle=980,3108121270783491000,11252084013312997179,131072 --lang=zh-CN --service-sandbox-type=none --mojo-platform-channel-handle=1296 /prefetch:8
PID:3788",45.57.90.1,IpChannelEvent,TcpIpConnect,2021-10-08 17:15:54.490,0
"""C:\Program Files\Google\Chrome\Application\chrome.exe"" --type=utility --utility-sub-type=network.mojom.NetworkService --field-trial-handle=980,3108121270783491000,11252084013312997179,131072 --lang=zh-CN --service-sandbox-type=none --mojo-platform-channel-handle=1296 /prefetch:8
PID:3788",45.57.90.1,IpChannelEvent,TcpIpSend,2021-10-08 17:15:54.491,3244
45.57.90.1,"""C:\Program Files\Google\Chrome\Application\chrome.exe"" --type=utility --utility-sub-type=network.mojom.NetworkService --field-trial-handle=980,3108121270783491000,11252084013312997179,131072 --lang=zh-CN --service-sandbox-type=none --mojo-platform-channel-handle=1296 /prefetch:8
PID:3788",IpChannelEvent,TcpIpRecv,2021-10-08 17:15:54.841,208785
C:\Users\jpdz\AppData\Local\Google\Chrome\User Data\Default\Network Persistent State,"""C:\Program Files\Google\Chrome\Application\chrome.exe"" --type=utility --utility-sub-type=network.mojom.NetworkService --field-trial-handle=980,3108121270783491000,11252084013312997179,131072 --lang=zh-CN --service-sandbox-type=none --mojo-platform-channel-handle=1296 /prefetch:8
PID:3788",FileEvent,Read,2021-10-08 17:15:47.221,8192
"""C:\Program Files\Google\Chrome\Application\chrome.exe"" --type=utility --utility-sub-type=network.mojom.NetworkService --field-trial-handle=980,3108121270783491000,11252084013312997179,131072 --lang=zh-CN --service-sandbox-type=none --mojo-platform-channel-handle=1296 /prefetch:8
PID:3788",C:\Users\jpdz\AppData\Local\Google\Chrome\User Data\Default\Cache\f_000072,FileEvent,Write,2021-10-08 17:15:49.308,53304
"""C:\Program Files\Google\Chrome\Application\chrome.exe"" --type=utility --utility-sub-type=network.mojom.NetworkService --field-trial-handle=980,3108121270783491000,11252084013312997179,131072 --lang=zh-CN --service-sandbox-type=none --mojo-platform-channel-handle=1296 /prefetch:8
PID:3788",C:\Users\jpdz\AppData\Local\Google\Chrome\User Data\Default\Cache\f_000074,FileEvent,Write,2021-10-08 17:15:49.707,73566
C:\Windows\system32\drivers\etc\hosts,"""C:\Program Files\Google\Chrome\Application\chrome.exe"" --type=utility --utility-sub-type=network.mojom.NetworkService --field-trial-handle=980,3108121270783491000,11252084013312997179,131072 --lang=zh-CN --service-sandbox-type=none --mojo-platform-channel-handle=1296 /prefetch:8
PID:3788",FileEvent,Read,2021-10-08 17:15:46.996,8192
"""C:\Program Files\Google\Chrome\Application\chrome.exe"" --type=utility --utility-sub-type=network.mojom.NetworkService --field-trial-handle=980,3108121270783491000,11252084013312997179,131072 --lang=zh-CN --service-sandbox-type=none --mojo-platform-channel-handle=1296 /prefetch:8
PID:3788",C:\Users\jpdz\AppData\Local\Google\Chrome\User Data\Default\Cache\f_000077,FileEvent,Write,2021-10-08 17:15:54.940,20506
"""C:\Program Files\Google\Chrome\Application\chrome.exe"" --type=utility --utility-sub-type=network.mojom.NetworkService --field-trial-handle=980,3108121270783491000,11252084013312997179,131072 --lang=zh-CN --service-sandbox-type=none --mojo-platform-channel-handle=1296 /prefetch:8
PID:3788",77.222.40.109,IpChannelEvent,TcpIpConnect,2021-10-08 17:15:47.430,0
"""C:\Program Files\Google\Chrome\Application\chrome.exe"" --type=utility --utility-sub-type=network.mojom.NetworkService --field-trial-handle=980,3108121270783491000,11252084013312997179,131072 --lang=zh-CN --service-sandbox-type=none --mojo-platform-channel-handle=1296 /prefetch:8
PID:3788",77.222.40.109,IpChannelEvent,TcpIpDisconnect,2021-10-08 17:16:09.113,0
77.222.40.109,"""C:\Program Files\Google\Chrome\Application\chrome.exe"" --type=utility --utility-sub-type=network.mojom.NetworkService --field-trial-handle=980,3108121270783491000,11252084013312997179,131072 --lang=zh-CN --service-sandbox-type=none --mojo-platform-channel-handle=1296 /prefetch:8
PID:3788",IpChannelEvent,TcpIpRecv,2021-10-08 17:15:47.805,80532
"""C:\Program Files\Google\Chrome\Application\chrome.exe"" --type=utility --utility-sub-type=network.mojom.NetworkService --field-trial-handle=980,3108121270783491000,11252084013312997179,131072 --lang=zh-CN --service-sandbox-type=none --mojo-platform-channel-handle=1296 /prefetch:8
PID:3788",77.222.40.109,IpChannelEvent,TcpIpSend,2021-10-08 17:15:47.430,2167
"""C:\Program Files\Google\Chrome\Application\chrome.exe"" --type=utility --utility-sub-type=network.mojom.NetworkService --field-trial-handle=980,3108121270783491000,11252084013312997179,131072 --lang=zh-CN --service-sandbox-type=none --mojo-platform-channel-handle=1296 /prefetch:8
PID:3788",C:\Users\jpdz\AppData\Local\Google\Chrome\User Data\Default\Cache\f_000076,FileEvent,Write,2021-10-08 17:15:54.823,16538
"""C:\Program Files\Google\Chrome\Application\chrome.exe"" --type=utility --utility-sub-type=network.mojom.NetworkService --field-trial-handle=980,3108121270783491000,11252084013312997179,131072 --lang=zh-CN --service-sandbox-type=none --mojo-platform-channel-handle=1296 /prefetch:8
PID:3788",77.222.40.109,IpChannelEvent,TcpIpConnect,2021-10-08 17:15:47.700,0
"""C:\Program Files\Google\Chrome\Application\chrome.exe"" --type=utility --utility-sub-type=network.mojom.NetworkService --field-trial-handle=980,3108121270783491000,11252084013312997179,131072 --lang=zh-CN --service-sandbox-type=none --mojo-platform-channel-handle=1296 /prefetch:8
PID:3788",77.222.40.109,IpChannelEvent,TcpIpDisconnect,2021-10-08 17:16:09.113,0
77.222.40.109,"""C:\Program Files\Google\Chrome\Application\chrome.exe"" --type=utility --utility-sub-type=network.mojom.NetworkService --field-trial-handle=980,3108121270783491000,11252084013312997179,131072 --lang=zh-CN --service-sandbox-type=none --mojo-platform-channel-handle=1296 /prefetch:8
PID:3788",IpChannelEvent,TcpIpRecv,2021-10-08 17:15:48.661,3215
"""C:\Program Files\Google\Chrome\Application\chrome.exe"" --type=utility --utility-sub-type=network.mojom.NetworkService --field-trial-handle=980,3108121270783491000,11252084013312997179,131072 --lang=zh-CN --service-sandbox-type=none --mojo-platform-channel-handle=1296 /prefetch:8
PID:3788",77.222.40.109,IpChannelEvent,TcpIpSend,2021-10-08 17:15:48.295,350
C:\Windows\Prefetch\CHROME.EXE-5A1054AF.pf,"""C:\Program Files\Google\Chrome\Application\chrome.exe"" --type=utility --utility-sub-type=network.mojom.NetworkService --field-trial-handle=980,3108121270783491000,11252084013312997179,131072 --lang=zh-CN --service-sandbox-type=none --mojo-platform-channel-handle=1296 /prefetch:8
PID:3788",FileEvent,Read,2021-10-08 17:15:46.864,19168
C:\Users\jpdz\AppData\Local\Google\Chrome\User Data\Default\Trust Tokens,"""C:\Program Files\Google\Chrome\Application\chrome.exe"" --type=utility --utility-sub-type=network.mojom.NetworkService --field-trial-handle=980,3108121270783491000,11252084013312997179,131072 --lang=zh-CN --service-sandbox-type=none --mojo-platform-channel-handle=1296 /prefetch:8
PID:3788",FileEvent,Read,2021-10-08 17:15:47.58,2101348
"""C:\Program Files\Google\Chrome\Application\chrome.exe"" --type=utility --utility-sub-type=network.mojom.NetworkService --field-trial-handle=980,3108121270783491000,11252084013312997179,131072 --lang=zh-CN --service-sandbox-type=none --mojo-platform-channel-handle=1296 /prefetch:8
PID:3788",45.57.90.1,IpChannelEvent,TcpIpConnect,2021-10-08 17:15:54.499,0
"""C:\Program Files\Google\Chrome\Application\chrome.exe"" --type=utility --utility-sub-type=network.mojom.NetworkService --field-trial-handle=980,3108121270783491000,11252084013312997179,131072 --lang=zh-CN --service-sandbox-type=none --mojo-platform-channel-handle=1296 /prefetch:8
PID:3788",45.57.90.1,IpChannelEvent,TcpIpSend,2021-10-08 17:15:54.500,1337
45.57.90.1,"""C:\Program Files\Google\Chrome\Application\chrome.exe"" --type=utility --utility-sub-type=network.mojom.NetworkService --field-trial-handle=980,3108121270783491000,11252084013312997179,131072 --lang=zh-CN --service-sandbox-type=none --mojo-platform-channel-handle=1296 /prefetch:8
PID:3788",IpChannelEvent,TcpIpRecv,2021-10-08 17:15:54.555,123798
C:\Users\jpdz\AppData\Local\Google\Chrome\User Data\Default\Cookies,"""C:\Program Files\Google\Chrome\Application\chrome.exe"" --type=utility --utility-sub-type=network.mojom.NetworkService --field-trial-handle=980,3108121270783491000,11252084013312997179,131072 --lang=zh-CN --service-sandbox-type=none --mojo-platform-channel-handle=1296 /prefetch:8
PID:3788",FileEvent,Read,2021-10-08 17:15:47.227,2109604
C:\Users\jpdz\AppData\Local\Google\Chrome\User Data\Default\Cache\f_00007a,"""C:\Program Files\Google\Chrome\Application\chrome.exe"" --type=utility --utility-sub-type=network.mojom.NetworkService --field-trial-handle=980,3108121270783491000,11252084013312997179,131072 --lang=zh-CN --service-sandbox-type=none --mojo-platform-channel-handle=1296 /prefetch:8
PID:3788",FileEvent,Read,2021-10-08 17:15:55.49,34816
"""C:\Program Files\Google\Chrome\Application\chrome.exe"" --type=utility --utility-sub-type=network.mojom.NetworkService --field-trial-handle=980,3108121270783491000,11252084013312997179,131072 --lang=zh-CN --service-sandbox-type=none --mojo-platform-channel-handle=1296 /prefetch:8
PID:3788",C:\Users\jpdz\AppData\Local\Google\Chrome\User Data\Default\Cache\f_00007a,FileEvent,Write,2021-10-08 17:15:54.993,267388
"""C:\Program Files\Google\Chrome\Application\chrome.exe"" --type=utility --utility-sub-type=network.mojom.NetworkService --field-trial-handle=980,3108121270783491000,11252084013312997179,131072 --lang=zh-CN --service-sandbox-type=none --mojo-platform-channel-handle=1296 /prefetch:8
PID:3788",C:\Users\jpdz\AppData\Local\Google\Chrome\User Data\Default\Cache\f_00007c,FileEvent,Write,2021-10-08 17:15:55.19,137040
C:\Users\jpdz\AppData\Local\Google\Chrome\User Data\Default\Cache\index,"""C:\Program Files\Google\Chrome\Application\chrome.exe"" --type=utility --utility-sub-type=network.mojom.NetworkService --field-trial-handle=980,3108121270783491000,11252084013312997179,131072 --lang=zh-CN --service-sandbox-type=none --mojo-platform-channel-handle=1296 /prefetch:8
PID:3788",FileEvent,Read,2021-10-08 17:15:47.219,266608
C:\Program Files\Google\Chrome\Application\94.0.4606.81\chrome.dll,"""C:\Program Files\Google\Chrome\Application\chrome.exe"" --type=utility --utility-sub-type=network.mojom.NetworkService --field-trial-handle=980,3108121270783491000,11252084013312997179,131072 --lang=zh-CN --service-sandbox-type=none --mojo-platform-channel-handle=1296 /prefetch:8
PID:3788",FileEvent,Read,2021-10-08 17:15:46.869,150994944
"""C:\Program Files\Google\Chrome\Application\chrome.exe"" --type=utility --utility-sub-type=network.mojom.NetworkService --field-trial-handle=980,3108121270783491000,11252084013312997179,131072 --lang=zh-CN --service-sandbox-type=none --mojo-platform-channel-handle=1296 /prefetch:8
PID:3788",203.208.41.97,IpChannelEvent,TcpIpConnect,2021-10-08 17:15:49.127,0
203.208.41.97,"""C:\Program Files\Google\Chrome\Application\chrome.exe"" --type=utility --utility-sub-type=network.mojom.NetworkService --field-trial-handle=980,3108121270783491000,11252084013312997179,131072 --lang=zh-CN --service-sandbox-type=none --mojo-platform-channel-handle=1296 /prefetch:8
PID:3788",IpChannelEvent,TcpIpRecv,2021-10-08 17:15:49.200,7655
"""C:\Program Files\Google\Chrome\Application\chrome.exe"" --type=utility --utility-sub-type=network.mojom.NetworkService --field-trial-handle=980,3108121270783491000,11252084013312997179,131072 --lang=zh-CN --service-sandbox-type=none --mojo-platform-channel-handle=1296 /prefetch:8
PID:3788",203.208.41.97,IpChannelEvent,TcpIpSend,2021-10-08 17:15:49.129,1011
C:\Users\jpdz\AppData\Local\Google\Chrome\User Data\Default\Cache\data_0,"""C:\Program Files\Google\Chrome\Application\chrome.exe"" --type=utility --utility-sub-type=network.mojom.NetworkService --field-trial-handle=980,3108121270783491000,11252084013312997179,131072 --lang=zh-CN --service-sandbox-type=none --mojo-platform-channel-handle=1296 /prefetch:8
PID:3788",FileEvent,Read,2021-10-08 17:15:47.220,63724
"""C:\Program Files\Google\Chrome\Application\chrome.exe"" --type=utility --utility-sub-type=network.mojom.NetworkService --field-trial-handle=980,3108121270783491000,11252084013312997179,131072 --lang=zh-CN --service-sandbox-type=none --mojo-platform-channel-handle=1296 /prefetch:8
PID:3788",C:\Users\jpdz\AppData\Local\Google\Chrome\User Data\Default\Cache\data_0,FileEvent,Write,2021-10-08 17:15:47.235,19656
"""C:\Program Files\Google\Chrome\Application\chrome.exe"" --type=utility --utility-sub-type=network.mojom.NetworkService --field-trial-handle=980,3108121270783491000,11252084013312997179,131072 --lang=zh-CN --service-sandbox-type=none --mojo-platform-channel-handle=1296 /prefetch:8
PID:3788",C:\Users\jpdz\AppData\Local\Google\Chrome\User Data\Default\Cache\f_000075,FileEvent,Write,2021-10-08 17:15:50.69,16958
C:\Users\jpdz\AppData\Local\Google\Chrome\User Data\Default\Reporting and NEL,"""C:\Program Files\Google\Chrome\Application\chrome.exe"" --type=utility --utility-sub-type=network.mojom.NetworkService --field-trial-handle=980,3108121270783491000,11252084013312997179,131072 --lang=zh-CN --service-sandbox-type=none --mojo-platform-channel-handle=1296 /prefetch:8
PID:3788",FileEvent,Read,2021-10-08 17:15:49.298,2109604
"""C:\Program Files\Google\Chrome\Application\chrome.exe"" --type=utility --utility-sub-type=network.mojom.NetworkService --field-trial-handle=980,3108121270783491000,11252084013312997179,131072 --lang=zh-CN --service-sandbox-type=none --mojo-platform-channel-handle=1296 /prefetch:8
PID:3788",C:\Users\jpdz\AppData\Local\Google\Chrome\User Data\Default\Cache\data_3,FileEvent,Write,2021-10-08 17:15:49.303,86090
C:\Users\jpdz\AppData\Local\Google\Chrome\User Data\Default\Cache\data_3,"""C:\Program Files\Google\Chrome\Application\chrome.exe"" --type=utility --utility-sub-type=network.mojom.NetworkService --field-trial-handle=980,3108121270783491000,11252084013312997179,131072 --lang=zh-CN --service-sandbox-type=none --mojo-platform-channel-handle=1296 /prefetch:8
PID:3788",FileEvent,Read,2021-10-08 17:15:47.220,35168
"""C:\Program Files\Google\Chrome\Application\chrome.exe"" --type=utility --utility-sub-type=network.mojom.NetworkService --field-trial-handle=980,3108121270783491000,11252084013312997179,131072 --lang=zh-CN --service-sandbox-type=none --mojo-platform-channel-handle=1296 /prefetch:8
PID:3788",C:\Users\jpdz\AppData\Local\Google\Chrome\User Data\Default\Cache\f_000070,FileEvent,Write,2021-10-08 17:15:49.22,30947
"""C:\Program Files\Google\Chrome\Application\chrome.exe"" --type=utility --utility-sub-type=network.mojom.NetworkService --field-trial-handle=980,3108121270783491000,11252084013312997179,131072 --lang=zh-CN --service-sandbox-type=none --mojo-platform-channel-handle=1296 /prefetch:8
PID:3788",203.208.41.66,IpChannelEvent,TcpIpConnect,2021-10-08 17:15:47.116,0
"""C:\Program Files\Google\Chrome\Application\chrome.exe"" --type=utility --utility-sub-type=network.mojom.NetworkService --field-trial-handle=980,3108121270783491000,11252084013312997179,131072 --lang=zh-CN --service-sandbox-type=none --mojo-platform-channel-handle=1296 /prefetch:8
PID:3788",203.208.41.66,IpChannelEvent,TcpIpSend,2021-10-08 17:15:47.119,1040
203.208.41.66,"""C:\Program Files\Google\Chrome\Application\chrome.exe"" --type=utility --utility-sub-type=network.mojom.NetworkService --field-trial-handle=980,3108121270783491000,11252084013312997179,131072 --lang=zh-CN --service-sandbox-type=none --mojo-platform-channel-handle=1296 /prefetch:8
PID:3788",IpChannelEvent,TcpIpRecv,2021-10-08 17:15:47.219,8239
"""C:\Program Files\Google\Chrome\Application\chrome.exe"" --type=utility --utility-sub-type=network.mojom.NetworkService --field-trial-handle=980,3108121270783491000,11252084013312997179,131072 --lang=zh-CN --service-sandbox-type=none --mojo-platform-channel-handle=1296 /prefetch:8
PID:3788",77.222.40.109,IpChannelEvent,TcpIpConnect,2021-10-08 17:15:47.441,0
"""C:\Program Files\Google\Chrome\Application\chrome.exe"" --type=utility --utility-sub-type=network.mojom.NetworkService --field-trial-handle=980,3108121270783491000,11252084013312997179,131072 --lang=zh-CN --service-sandbox-type=none --mojo-platform-channel-handle=1296 /prefetch:8
PID:3788",77.222.40.109,IpChannelEvent,TcpIpDisconnect,2021-10-08 17:16:09.113,0
"""C:\Program Files\Google\Chrome\Application\chrome.exe"" --type=utility --utility-sub-type=network.mojom.NetworkService --field-trial-handle=980,3108121270783491000,11252084013312997179,131072 --lang=zh-CN --service-sandbox-type=none --mojo-platform-channel-handle=1296 /prefetch:8
PID:3788",77.222.40.109,IpChannelEvent,TcpIpSend,2021-10-08 17:15:48.295,352
77.222.40.109,"""C:\Program Files\Google\Chrome\Application\chrome.exe"" --type=utility --utility-sub-type=network.mojom.NetworkService --field-trial-handle=980,3108121270783491000,11252084013312997179,131072 --lang=zh-CN --service-sandbox-type=none --mojo-platform-channel-handle=1296 /prefetch:8
PID:3788",IpChannelEvent,TcpIpRecv,2021-10-08 17:15:48.660,34162
"""C:\Program Files\Google\Chrome\Application\chrome.exe"" --type=utility --utility-sub-type=network.mojom.NetworkService --field-trial-handle=980,3108121270783491000,11252084013312997179,131072 --lang=zh-CN --service-sandbox-type=none --mojo-platform-channel-handle=1296 /prefetch:8
PID:3788",45.57.90.1,IpChannelEvent,TcpIpConnect,2021-10-08 17:15:54.485,0
45.57.90.1,"""C:\Program Files\Google\Chrome\Application\chrome.exe"" --type=utility --utility-sub-type=network.mojom.NetworkService --field-trial-handle=980,3108121270783491000,11252084013312997179,131072 --lang=zh-CN --service-sandbox-type=none --mojo-platform-channel-handle=1296 /prefetch:8
PID:3788",IpChannelEvent,TcpIpRecv,2021-10-08 17:15:54.841,148966
"""C:\Program Files\Google\Chrome\Application\chrome.exe"" --type=utility --utility-sub-type=network.mojom.NetworkService --field-trial-handle=980,3108121270783491000,11252084013312997179,131072 --lang=zh-CN --service-sandbox-type=none --mojo-platform-channel-handle=1296 /prefetch:8
PID:3788",45.57.90.1,IpChannelEvent,TcpIpSend,2021-10-08 17:15:54.486,1239
"""C:\Program Files\Google\Chrome\Application\chrome.exe"" --type=utility --utility-sub-type=network.mojom.NetworkService --field-trial-handle=980,3108121270783491000,11252084013312997179,131072 --lang=zh-CN --service-sandbox-type=none --mojo-platform-channel-handle=1296 /prefetch:8
PID:3788",C:\Users\jpdz\AppData\Local\Google\Chrome\User Data\Default\00f855fe-9bd6-4e75-b5be-7c1c474c466b.tmp,FileEvent,Write,2021-10-08 17:15:57.253,4207
"""C:\Program Files\Google\Chrome\Application\chrome.exe"" --type=utility --utility-sub-type=network.mojom.NetworkService --field-trial-handle=980,3108121270783491000,11252084013312997179,131072 --lang=zh-CN --service-sandbox-type=none --mojo-platform-channel-handle=1296 /prefetch:8
PID:3788",C:\Users\jpdz\AppData\Local\Google\Chrome\User Data\Default\Network Persistent State~RF31ad0a.TMP,FileEvent,Delete,2021-10-08 17:15:58.164,0
"""C:\Program Files\Google\Chrome\Application\chrome.exe"" --type=utility --utility-sub-type=network.mojom.NetworkService --field-trial-handle=980,3108121270783491000,11252084013312997179,131072 --lang=zh-CN --service-sandbox-type=none --mojo-platform-channel-handle=1296 /prefetch:8
PID:3788",45.57.90.1,IpChannelEvent,TcpIpConnect,2021-10-08 17:15:49.98,0
45.57.90.1,"""C:\Program Files\Google\Chrome\Application\chrome.exe"" --type=utility --utility-sub-type=network.mojom.NetworkService --field-trial-handle=980,3108121270783491000,11252084013312997179,131072 --lang=zh-CN --service-sandbox-type=none --mojo-platform-channel-handle=1296 /prefetch:8
PID:3788",IpChannelEvent,TcpIpRecv,2021-10-08 17:15:49.154,62312
"""C:\Program Files\Google\Chrome\Application\chrome.exe"" --type=utility --utility-sub-type=network.mojom.NetworkService --field-trial-handle=980,3108121270783491000,11252084013312997179,131072 --lang=zh-CN --service-sandbox-type=none --mojo-platform-channel-handle=1296 /prefetch:8
PID:3788",45.57.90.1,IpChannelEvent,TcpIpSend,2021-10-08 17:15:49.106,1211
"""C:\Program Files\Google\Chrome\Application\chrome.exe"" --type=utility --utility-sub-type=network.mojom.NetworkService --field-trial-handle=980,3108121270783491000,11252084013312997179,131072 --lang=zh-CN --service-sandbox-type=none --mojo-platform-channel-handle=1296 /prefetch:8
PID:3788",45.57.90.1,IpChannelEvent,TcpIpConnect,2021-10-08 17:15:54.485,0
"""C:\Program Files\Google\Chrome\Application\chrome.exe"" --type=utility --utility-sub-type=network.mojom.NetworkService --field-trial-handle=980,3108121270783491000,11252084013312997179,131072 --lang=zh-CN --service-sandbox-type=none --mojo-platform-channel-handle=1296 /prefetch:8
PID:3788",45.57.90.1,IpChannelEvent,TcpIpDisconnect,2021-10-08 17:15:55.11,0
"""C:\Program Files\Google\Chrome\Application\chrome.exe"" --type=utility --utility-sub-type=network.mojom.NetworkService --field-trial-handle=980,3108121270783491000,11252084013312997179,131072 --lang=zh-CN --service-sandbox-type=none --mojo-platform-channel-handle=1296 /prefetch:8
PID:3788",45.57.90.1,IpChannelEvent,TcpIpSend,2021-10-08 17:15:54.485,1848
45.57.90.1,"""C:\Program Files\Google\Chrome\Application\chrome.exe"" --type=utility --utility-sub-type=network.mojom.NetworkService --field-trial-handle=980,3108121270783491000,11252084013312997179,131072 --lang=zh-CN --service-sandbox-type=none --mojo-platform-channel-handle=1296 /prefetch:8
PID:3788",IpChannelEvent,TcpIpRecv,2021-10-08 17:15:54.841,100286
C:\Users\jpdz\AppData\Local\Google\Chrome\User Data\Default\Cache\f_00007b,"""C:\Program Files\Google\Chrome\Application\chrome.exe"" --type=utility --utility-sub-type=network.mojom.NetworkService --field-trial-handle=980,3108121270783491000,11252084013312997179,131072 --lang=zh-CN --service-sandbox-type=none --mojo-platform-channel-handle=1296 /prefetch:8
PID:3788",FileEvent,Read,2021-10-08 17:15:55.63,38912
"""C:\Program Files\Google\Chrome\Application\chrome.exe"" --type=utility --utility-sub-type=network.mojom.NetworkService --field-trial-handle=980,3108121270783491000,11252084013312997179,131072 --lang=zh-CN --service-sandbox-type=none --mojo-platform-channel-handle=1296 /prefetch:8
PID:3788",C:\Users\jpdz\AppData\Local\Google\Chrome\User Data\Default\Cache\f_00007b,FileEvent,Write,2021-10-08 17:15:54.995,271070
C:\Users\jpdz\AppData\Local\Google\Chrome\User Data\Default\TransportSecurity,"""C:\Program Files\Google\Chrome\Application\chrome.exe"" --type=utility --utility-sub-type=network.mojom.NetworkService --field-trial-handle=980,3108121270783491000,11252084013312997179,131072 --lang=zh-CN --service-sandbox-type=none --mojo-platform-channel-handle=1296 /prefetch:8
PID:3788",FileEvent,Read,2021-10-08 17:15:47.221,8192
"""C:\Program Files\Google\Chrome\Application\chrome.exe"" --type=utility --utility-sub-type=network.mojom.NetworkService --field-trial-handle=980,3108121270783491000,11252084013312997179,131072 --lang=zh-CN --service-sandbox-type=none --mojo-platform-channel-handle=1296 /prefetch:8
PID:3788",45.57.90.1,IpChannelEvent,TcpIpConnect,2021-10-08 17:15:54.485,0
"""C:\Program Files\Google\Chrome\Application\chrome.exe"" --type=utility --utility-sub-type=network.mojom.NetworkService --field-trial-handle=980,3108121270783491000,11252084013312997179,131072 --lang=zh-CN --service-sandbox-type=none --mojo-platform-channel-handle=1296 /prefetch:8
PID:3788",45.57.90.1,IpChannelEvent,TcpIpSend,2021-10-08 17:15:54.486,3908
45.57.90.1,"""C:\Program Files\Google\Chrome\Application\chrome.exe"" --type=utility --utility-sub-type=network.mojom.NetworkService --field-trial-handle=980,3108121270783491000,11252084013312997179,131072 --lang=zh-CN --service-sandbox-type=none --mojo-platform-channel-handle=1296 /prefetch:8
PID:3788",IpChannelEvent,TcpIpRecv,2021-10-08 17:15:54.841,294390
"""C:\Program Files\Google\Chrome\Application\chrome.exe"" --type=utility --utility-sub-type=network.mojom.NetworkService --field-trial-handle=980,3108121270783491000,11252084013312997179,131072 --lang=zh-CN --service-sandbox-type=none --mojo-platform-channel-handle=1296 /prefetch:8
PID:3788",C:\Users\jpdz\AppData\Local\Google\Chrome\User Data\Default\Cache\f_000079,FileEvent,Write,2021-10-08 17:15:54.992,22171
C:\Users\jpdz\AppData\Local\Google\Chrome\User Data\Default\Cache\data_2,"""C:\Program Files\Google\Chrome\Application\chrome.exe"" --type=utility --utility-sub-type=network.mojom.NetworkService --field-trial-handle=980,3108121270783491000,11252084013312997179,131072 --lang=zh-CN --service-sandbox-type=none --mojo-platform-channel-handle=1296 /prefetch:8
PID:3788",FileEvent,Read,2021-10-08 17:15:47.220,8192
"""C:\Program Files\Google\Chrome\Application\chrome.exe"" --type=utility --utility-sub-type=network.mojom.NetworkService --field-trial-handle=980,3108121270783491000,11252084013312997179,131072 --lang=zh-CN --service-sandbox-type=none --mojo-platform-channel-handle=1296 /prefetch:8
PID:3788",C:\Users\jpdz\AppData\Local\Google\Chrome\User Data\Default\Cache\data_2,FileEvent,Write,2021-10-08 17:15:47.808,5967
C:\Windows\Prefetch\CHROME.EXE-5A1054AF.pf,"""C:\Program Files\Google\Chrome\Application\chrome.exe"" --type=gpu-process --field-trial-handle=980,3108121270783491000,11252084013312997179,131072 --gpu-preferences=UAAAAAAAAADgAAAIAAAAAAAAAAAAAAAAAABgAIAAAAAwAAAAAAAAAAAAAAAAAAAAAAAAAAAAAAAAAAAAAAAAAHgAAAAAAAAAeAAAAAAAAAAoAAAABAAAACAAAAAAAAAAKAAAAAAAAAAwAAAAAAAAADgAAAAAAAAAEAAAAAAAAAAAAAAADQAAABAAAAAAAAAAAQAAAA0AAAAQAAAAAAAAAAQAAAANAAAAEAAAAAAAAAAHAAAADQAAAAgAAAAAAAAACAAAAAAAAAA= --use-gl=angle --use-angle=swiftshader-webgl --mojo-platform-channel-handle=1
PID:1308",FileEvent,Read,2021-10-08 17:15:48.130,19168
C:\Program Files\Google\Chrome\Application\94.0.4606.81\chrome.dll,"""C:\Program Files\Google\Chrome\Application\chrome.exe"" --type=gpu-process --field-trial-handle=980,3108121270783491000,11252084013312997179,131072 --gpu-preferences=UAAAAAAAAADgAAAIAAAAAAAAAAAAAAAAAABgAIAAAAAwAAAAAAAAAAAAAAAAAAAAAAAAAAAAAAAAAAAAAAAAAHgAAAAAAAAAeAAAAAAAAAAoAAAABAAAACAAAAAAAAAAKAAAAAAAAAAwAAAAAAAAADgAAAAAAAAAEAAAAAAAAAAAAAAADQAAABAAAAAAAAAAAQAAAA0AAAAQAAAAAAAAAAQAAAANAAAAEAAAAAAAAAAHAAAADQAAAAgAAAAAAAAACAAAAAAAAAA= --use-gl=angle --use-angle=swiftshader-webgl --mojo-platform-channel-handle=1
PID:1308",FileEvent,Read,2021-10-08 17:15:48.134,150994944
C:\Program Files\Google\Chrome\Application\94.0.4606.81\vk_swiftshader_icd.json,"""C:\Program Files\Google\Chrome\Application\chrome.exe"" --type=gpu-process --field-trial-handle=980,3108121270783491000,11252084013312997179,131072 --gpu-preferences=UAAAAAAAAADgAAAIAAAAAAAAAAAAAAAAAABgAIAAAAAwAAAAAAAAAAAAAAAAAAAAAAAAAAAAAAAAAAAAAAAAAHgAAAAAAAAAeAAAAAAAAAAoAAAABAAAACAAAAAAAAAAKAAAAAAAAAAwAAAAAAAAADgAAAAAAAAAEAAAAAAAAAAAAAAADQAAABAAAAAAAAAAAQAAAA0AAAAQAAAAAAAAAAQAAAANAAAAEAAAAAAAAAAHAAAADQAAAAgAAAAAAAAACAAAAAAAAAA= --use-gl=angle --use-angle=swiftshader-webgl --mojo-platform-channel-handle=1
PID:1308",FileEvent,Read,2021-10-08 17:15:48.241,34816
C:\Users\jpdz\AppData\Local\Google\Chrome\User Data\Crashpad\settings.dat,"""C:\Program Files\Google\Chrome\Application\chrome.exe"" --type=crashpad-handler ""--user-data-dir=C:\Users\jpdz\AppData\Local\Google\Chrome\User Data"" /prefetch:7 --monitor-self-annotation=ptype=crashpad-handler ""--database=C:\Users\jpdz\AppData\Local\Google\Chrome\User Data\Crashpad"" --url=https://clients2.google.com/cr/report --annotation=channel= --annotation=plat=Win32 --annotation=prod=Chrome --annotation=ver=94.0.4606.81 --initial-client-data=0xa0,0xac,0xb0,0x74,0xb4,0x6ede3708,0x6ede3718,0x6ede3724
PID:2812",FileEvent,Read,2021-10-08 17:15:43.810,40
C:\Users\jpdz\AppData\Local\Google\Chrome\User Data\Crashpad\settings.dat,"""C:\Program Files\Google\Chrome\Application\chrome.exe"" --type=crashpad-handler ""--user-data-dir=C:\Users\jpdz\AppData\Local\Google\Chrome\User Data"" /prefetch:7 --monitor-self-annotation=ptype=crashpad-handler ""--database=C:\Users\jpdz\AppData\Local\Google\Chrome\User Data\Crashpad"" --url=https://clients2.google.com/cr/report --annotation=channel= --annotation=plat=Win32 --annotation=prod=Chrome --annotation=ver=94.0.4606.81 --initial-client-data=0xa0,0xac,0xb0,0x74,0xb4,0x6ede3708,0x6ede3718,0x6ede3724
PID:2812",FileEvent,Read,2021-10-08 17:15:43.98,40
C:\Users\jpdz\AppData\Local\Google\Chrome\User Data\Crashpad\settings.dat,"""C:\Program Files\Google\Chrome\Application\chrome.exe"" --type=crashpad-handler ""--user-data-dir=C:\Users\jpdz\AppData\Local\Google\Chrome\User Data"" /prefetch:7 --monitor-self-annotation=ptype=crashpad-handler ""--database=C:\Users\jpdz\AppData\Local\Google\Chrome\User Data\Crashpad"" --url=https://clients2.google.com/cr/report --annotation=channel= --annotation=plat=Win32 --annotation=prod=Chrome --annotation=ver=94.0.4606.81 --initial-client-data=0xa0,0xac,0xb0,0x74,0xb4,0x6ede3708,0x6ede3718,0x6ede3724
PID:2812",FileEvent,Read,2021-10-08 17:15:42.425,40
C:\Windows\Prefetch\CHROME.EXE-5A1054AF.pf,"""C:\Program Files\Google\Chrome\Application\chrome.exe"" --type=crashpad-handler ""--user-data-dir=C:\Users\jpdz\AppData\Local\Google\Chrome\User Data"" /prefetch:7 --monitor-self-annotation=ptype=crashpad-handler ""--database=C:\Users\jpdz\AppData\Local\Google\Chrome\User Data\Crashpad"" --url=https://clients2.google.com/cr/report --annotation=channel= --annotation=plat=Win32 --annotation=prod=Chrome --annotation=ver=94.0.4606.81 --initial-client-data=0xa0,0xac,0xb0,0x74,0xb4,0x6ede3708,0x6ede3718,0x6ede3724
PID:2812",FileEvent,Read,2021-10-08 17:15:43.804,18170
C:\Windows\Prefetch\CHROME.EXE-5A1054AF.pf,"""C:\Program Files\Google\Chrome\Application\chrome.exe"" --type=crashpad-handler ""--user-data-dir=C:\Users\jpdz\AppData\Local\Google\Chrome\User Data"" /prefetch:7 --monitor-self-annotation=ptype=crashpad-handler ""--database=C:\Users\jpdz\AppData\Local\Google\Chrome\User Data\Crashpad"" --url=https://clients2.google.com/cr/report --annotation=channel= --annotation=plat=Win32 --annotation=prod=Chrome --annotation=ver=94.0.4606.81 --initial-client-data=0xa0,0xac,0xb0,0x74,0xb4,0x6ede3708,0x6ede3718,0x6ede3724
PID:2812",FileEvent,Read,2021-10-08 17:15:43.92,18170
C:\Windows\Prefetch\CHROME.EXE-5A1054AF.pf,"""C:\Program Files\Google\Chrome\Application\chrome.exe"" --type=crashpad-handler ""--user-data-dir=C:\Users\jpdz\AppData\Local\Google\Chrome\User Data"" /prefetch:7 --monitor-self-annotation=ptype=crashpad-handler ""--database=C:\Users\jpdz\AppData\Local\Google\Chrome\User Data\Crashpad"" --url=https://clients2.google.com/cr/report --annotation=channel= --annotation=plat=Win32 --annotation=prod=Chrome --annotation=ver=94.0.4606.81 --initial-client-data=0xa0,0xac,0xb0,0x74,0xb4,0x6ede3708,0x6ede3718,0x6ede3724
PID:2812",FileEvent,Read,2021-10-08 17:15:42.420,18170
